# source, target, migration_1990_total, migration_1990_male, migration_1990_female, migration_1995_total, migration_1995_male, migration_1995_female, migration_2000_total, migration_2000_male, migration_2000_female, migration_2005_total, migration_2005_male, migration_2005_female, migration_2010_total, migration_2010_male, migration_2010_female, migration_2015_total, migration_2015_male, migration_2015_female
0,64,237,194,43,188,150,38,154,117,37,183,142,41,198,152,46,235,173,62
0,118,677,556,121,452,351,101,236,155,81,259,187,72,284,206,78,320,231,89
0,142,64,26,38,61,25,36,58,23,35,45,18,27,43,18,25,39,17,22
0,191,59,37,22,36,24,12,30,20,10,47,27,20,69,41,28,83,50,33
0,202,8485,3726,4759,12248,5518,6730,17118,7874,9244,12636,5687,6949,8900,3906,4994,7587,3279,4308
0,124,32,18,14,36,20,16,44,23,21,244,135,109,478,269,209,498,286,212
0,161,25,19,6,353,176,177,781,380,401,968,468,500,1201,569,632,1220,579,641
0,203,0,0,0,9,5,4,20,10,10,10,6,4,1,1,0,1,1,0
0,97,14159,7259,6900,12026,6159,5867,9892,5059,4833,9140,4664,4476,8387,4269,4118,8086,4111,3975
0,99,3123968,1788296,1335672,2029435,1186056,843379,2087864,1248844,839020,2171005,1176408,994597,2372090,1335371,1036719,2348369,1220304,1128065
0,155,3276673,1673100,1603573,1212572,620083,592489,2009687,1074476,935211,1093477,584712,508765,1908909,975251,933658,1618687,767206,851481
0,194,0,0,0,15,13,2,31,22,9,63,33,30,129,68,61,128,67,61
0,13,254,175,79,223,158,65,224,157,67,213,148,65,195,138,57,186,132,54
0,15,215,154,61,236,167,69,258,178,80,392,267,125,613,414,199,656,440,216
0,55,2,2,0,3,3,0,4,4,0,6,4,2,10,6,4,10,6,4
0,100,241,160,81,284,114,170,269,68,201,308,142,166,311,153,158,312,178,134
0,103,2724,1282,1442,2836,1322,1514,2790,1305,1485,2610,1235,1375,2462,1178,1284,2539,1208,1331
0,107,74,43,31,75,44,31,76,46,30,72,44,28,142,95,47,66,39,27
0,111,1334,808,526,1068,681,387,1219,823,396,1316,868,448,1743,1136,607,2669,1612,1057
0,165,384,281,103,417,312,105,388,296,92,620,462,158,1356,1087,269,1571,1280,291
0,180,166255,110590,55665,170388,113637,56751,175068,117007,58061,216261,148673,67588,280395,197352,83043,364304,248162,116142
0,201,0,0,0,92,47,45,172,87,85,626,320,306,1611,822,789,1791,914,877
0,211,7652,3875,3777,9633,5233,4400,9020,5149,3871,9325,5233,4092,11022,6122,4900,13601,7467,6134
0,217,1630,1161,469,2088,1496,592,2668,1911,757,3208,2219,989,6878,4818,2060,7590,5292,2298
0,18,140,106,34,216,152,64,292,199,93,281,192,89,270,185,85,282,192,90
0,31,222,145,77,223,153,70,223,161,62,260,198,62,286,227,59,322,251,71
0,56,51,37,14,77,57,20,103,77,26,221,142,79,320,198,122,427,276,151
0,95,274,122,152,403,224,179,532,326,206,657,406,251,782,487,295,1333,920,413
0,162,219,194,25,187,166,21,160,142,18,151,135,16,147,132,15,141,127,14
0,170,19103,9374,9729,15576,9811,5765,11486,9896,1590,8328,6935,1393,4999,3832,1167,5095,3899,1196
0,187,26,24,2,54,47,7,99,83,16,112,94,18,126,106,20,153,129,24
0,216,2552,1945,607,2468,1897,571,2416,1874,542,2207,1713,494,2105,1635,470,2112,1642,470
0,59,354,212,142,1648,903,745,2941,1594,1347,6641,3580,3061,10340,5566,4774,12260,6840,5420
0,68,0,0,0,0,0,0,0,0,0,0,0,0,13,10,3,12,9,3
0,73,4,4,0,144,72,72,284,141,143,1510,838,672,2735,1534,1201,4810,2535,2275
0,96,1,1,0,1,1,0,1,1,0,4,4,0,6,6,0,10,6,4
0,101,29,24,5,79,64,15,173,140,33,173,142,31,145,117,28,148,119,29
0,114,20,8,12,22,15,7,24,22,2,24,23,1,25,24,1,20,20,0
0,120,40,26,14,45,29,16,35,23,12,31,24,7,24,22,2,21,19,2
0,153,253,186,67,351,206,145,638,351,287,5071,3083,1988,8864,5417,3447,13238,8080,5158
0,199,3368,1889,1479,3997,2229,1768,4287,2378,1909,8345,4487,3858,14420,8400,6020,29085,17518,11567
0,218,2076,1533,543,8160,5437,2723,14382,9425,4957,36100,22370,13730,60757,37267,23490,68256,41511,26745
0,83,621,502,119,472,388,84,331,279,52,3401,2741,660,6470,5202,1268,6331,5039,1292
0,104,271,211,60,236,187,49,201,164,37,3384,3164,220,6567,6165,402,6568,6159,409
0,188,1,1,0,2,2,0,4,4,0,0,0,0,5,5,0,25,25,0
0,193,24,17,7,37,26,11,455,326,129,219,156,63,439,344,95,458,348,110
0,12,4748,3194,1554,5357,3632,1725,5966,4070,1896,6668,4498,2170,7370,4927,2443,8620,5779,2841
0,19,45,22,23,38,19,19,29,15,14,1196,734,462,2040,1282,758,10638,8196,2442
0,74,3346,1909,1437,3455,1946,1509,3563,1983,1580,3409,1946,1463,4401,2412,1989,4761,2603,2158
0,80,33279,21242,12037,51537,29287,22250,69794,37331,32463,83056,44927,38129,96318,52523,43795,99638,54334,45304
0,145,9865,5786,4079,14531,8388,6143,19683,11252,8431,32382,18155,14227,31153,16795,14358,33852,18148,15704
0,200,1756,1064,692,2243,1411,832,2740,1766,974,3300,2090,1210,3926,2342,1584,4613,2881,1732
0,50,25,11,14,11,5,6,3,1,2,2,1,1,4,1,3,4,1,3
0,148,27,16,11,22,13,9,37,21,16,54,29,25,57,31,26,61,34,27
0,8,20,1,19,20,2,18,20,3,17,15,3,12,9,2,7,9,2,7
0,24,2,1,1,1,0,1,0,0,0,1,1,0,1,1,0,1,1,0
0,28,0,0,0,0,0,0,0,0,0,28,18,10,57,37,20,69,45,24
0,42,0,0,0,8,6,2,15,12,3,12,10,2,9,8,1,15,13,2
0,46,107,62,45,104,60,44,101,59,42,96,56,40,108,64,44,116,69,47
0,63,18,11,7,21,13,8,23,14,9,27,17,10,38,24,14,55,35,20
0,37,5321,2590,2731,13677,6608,7069,22359,10786,11573,30718,15252,15466,40922,20675,20247,45733,23092,22641
0,220,28444,15757,12687,36082,20120,15962,45195,25356,19839,50486,28431,22055,56397,28829,27568,63255,32244,31011
0,11,2729,1455,1274,7893,4518,3375,12590,7330,5260,18650,10630,8020,30880,16900,13980,37482,22118,15364
0,147,156,103,53,489,282,207,714,347,367,2051,996,1055,2314,1122,1192,2540,1229,1311
1,64,111,74,37,96,61,35,88,53,35,105,66,39,113,69,44,134,75,59
1,118,315,209,106,266,171,95,223,139,84,244,169,75,267,185,82,301,208,93
1,191,78,34,44,63,28,35,68,30,38,81,35,46,129,54,75,164,69,95
1,161,421,209,212,440,219,221,582,286,296,340,169,171,114,55,59,116,56,60
1,55,69,41,28,98,57,41,126,72,54,185,105,80,296,170,126,309,179,130
1,211,801,426,375,1939,993,946,3086,1563,1523,3180,1576,1604,3276,1586,1690,3325,1571,1754
1,31,103,54,49,316,165,151,528,276,252,824,440,384,1086,586,500,1134,604,530
1,56,44,28,16,66,42,24,88,56,32,184,123,61,264,182,82,314,216,98
1,95,96,34,62,113,49,64,129,63,66,159,79,80,189,95,94,226,126,100
1,162,82,51,31,70,43,27,60,36,24,94,73,21,131,111,20,125,106,19
1,169,591,264,327,632,303,329,639,302,337,690,310,380,707,344,363,130,101,29
1,170,1026,503,523,988,527,461,915,532,383,578,337,241,230,136,94,234,137,97
1,187,6,4,2,29,25,4,60,51,9,68,58,10,76,65,11,93,79,14
1,59,5,3,2,45,19,26,84,35,49,173,77,96,261,119,142,321,144,177
1,73,0,0,0,17,11,6,34,22,12,114,94,20,193,165,28,382,291,91
1,96,10,3,7,15,5,10,20,7,13,30,13,17,40,19,21,41,19,22
1,101,57,34,23,158,91,67,346,204,142,347,213,134,291,171,120,297,173,124
1,114,4,2,2,6,3,3,8,4,4,7,4,3,7,5,2,5,4,1
1,153,21,13,8,81,42,39,149,81,68,276,157,119,438,228,210,972,565,407
1,199,293,160,133,348,189,159,374,202,172,691,383,308,1281,739,542,2161,1237,924
1,218,156,91,65,1181,748,433,2227,1417,810,7351,4654,2697,13075,8296,4779,14688,9247,5441
1,52,0,0,0,83,41,42,157,78,79,165,77,88,172,76,96,173,76,97
1,83,63963,42970,20993,230218,138742,91476,400253,235135,165118,423598,236038,187560,446942,236941,210001,437356,223374,213982
1,104,44935,31662,13273,159672,88919,70753,274408,146176,128232,360959,190016,170943,447510,233856,213654,447586,230073,217513
1,127,16,6,10,19,7,12,48,19,29,76,28,48,72,31,41,90,41,49
1,137,0,0,0,0,0,0,0,0,0,0,0,0,2015,829,1186,2754,1143,1611
1,163,11,7,4,24,15,9,40,25,15,45,26,19,44,24,20,49,25,24
1,178,27,6,21,28,5,23,31,5,26,30,7,23,30,8,22,31,12,19
1,182,57,13,44,364,77,287,495,96,399,489,91,398,478,88,390,467,85,382
1,188,15,10,5,51,34,17,89,58,31,46,19,27,104,51,53,152,84,68
1,193,162,83,79,359,190,169,712,383,329,1094,616,478,1807,1044,763,1938,1050,888
1,204,45001,18759,26242,58009,24182,33827,69367,28917,40450,69782,29077,40705,70230,28250,41980,67799,27915,39884
1,12,1733,863,870,1955,989,966,2177,1116,1061,2434,1219,1215,2690,1322,1368,3147,1556,1591
1,19,1363,696,667,1354,690,664,1306,667,639,2078,1073,1005,3874,1974,1900,7517,3971,3546
1,74,3391,1857,1534,3501,1890,1611,3611,1924,1687,5747,3015,2732,6189,3241,2948,6695,3496,3199
1,80,5211,4451,760,8303,5370,2933,11394,6288,5106,14418,7541,6877,17442,8795,8647,18043,9098,8945
1,121,290,151,139,275,143,132,264,136,128,229,125,104,197,115,82,301,178,123
1,145,181,107,74,267,155,112,362,206,156,666,346,320,897,486,411,1192,604,588
1,200,1333,803,530,1316,723,593,1304,646,658,1492,708,784,1709,709,1000,2008,915,1093
1,53,242,133,109,184,98,86,125,62,63,125,62,63,114,57,57,103,52,51
1,50,2,1,1,2,2,0,3,3,0,2,2,0,4,4,0,4,4,0
1,8,148,86,62,144,84,60,140,83,57,103,61,42,66,39,27,66,39,27
1,24,6,0,6,3,0,3,0,0,0,1,0,1,1,0,1,1,0,1
1,42,23,10,13,24,10,14,25,11,14,20,10,10,15,10,5,25,14,11
1,46,57,38,19,52,32,20,47,26,21,43,23,20,46,23,23,49,25,24
1,63,8,4,4,19,10,9,30,16,14,35,19,16,49,26,23,71,38,33
1,225,17,9,8,16,8,8,16,8,8,16,8,8,18,9,9,19,9,10
1,37,398,193,205,3263,1574,1689,6205,2993,3212,9642,4835,4807,13659,6981,6678,15265,7797,7468
1,220,5627,3220,2407,21701,12533,9168,38663,22387,16276,53265,30950,22315,68521,36399,32122,81196,39747,41449
1,11,984,681,303,1315,803,512,1570,880,690,2300,1220,1080,2930,1490,1440,3334,1684,1650
1,68,0,0,0,0,0,0,0,0,0,0,0,0,7,7,0,7,7,0
2,77,34,20,14,41,24,17,52,31,21,57,34,23,65,38,27,71,41,30
2,64,543,183,360,573,189,384,648,209,439,771,281,490,832,283,549,987,250,737
2,118,1551,530,1021,2079,879,1200,2642,1271,1371,2910,1669,1241,3184,1842,1342,3589,2056,1533
2,139,9188,4858,4330,8429,4396,4033,8877,4559,4318,9103,4611,4492,10190,5136,5054,13664,6853,6811
2,210,13757,6845,6912,13669,6873,6796,9967,5066,4901,9577,4921,4656,8068,4156,3912,10443,5396,5047
2,228,41,18,23,45,20,25,50,23,27,59,28,31,68,33,35,78,39,39
2,142,716,336,380,684,323,361,637,302,335,503,237,266,484,229,255,443,211,232
2,191,348,218,130,233,158,75,186,140,46,222,166,56,355,265,90,457,342,115
2,81,7,5,2,7,5,2,8,6,2,11,8,3,11,8,3,13,9,4
2,126,380,245,135,507,272,235,554,263,291,2260,1037,1223,3991,1820,2171,4305,1958,2347
2,130,1450,808,642,1549,927,622,1601,1024,577,1614,1055,559,1627,1075,552,1634,1085,549
2,149,293,183,110,364,222,142,438,261,177,446,264,182,454,266,188,460,278,182
2,181,3464,1238,2226,3622,1280,2342,3275,1058,2217,3523,1221,2302,3940,1477,2463,4050,1519,2531
2,202,198,88,110,160,71,89,138,62,76,133,60,73,136,61,75,134,58,76
2,161,795,444,351,586,319,267,541,279,262,486,251,235,454,229,225,462,234,228
2,55,9,5,4,13,7,6,16,8,8,24,12,12,38,19,19,39,19,20
2,103,19544,9202,10342,25514,11797,13717,30056,13880,16176,36950,17046,19904,44292,20378,23914,45680,20896,24784
2,107,222,63,159,320,116,204,417,169,248,602,287,315,774,392,382,363,145,218
2,211,156,116,40,378,276,102,603,438,165,621,448,173,640,458,182,648,460,188
2,18,27,24,3,41,35,6,55,46,9,53,44,9,50,41,9,53,44,9
2,31,32,23,9,105,60,45,178,98,80,279,153,126,369,203,166,369,201,168
2,56,80,69,11,121,105,16,161,140,21,408,366,42,622,565,57,699,602,97
2,95,263,252,11,365,301,64,467,351,116,578,437,141,688,522,166,681,497,184
2,162,643,485,158,549,412,137,470,351,119,528,417,111,604,495,109,583,479,104
2,169,3,2,1,5,5,0,7,6,1,8,7,1,9,8,1,146,66,80
2,170,1303,639,664,1189,669,520,1033,676,357,907,613,294,763,537,226,778,546,232
2,187,8,6,2,32,27,5,66,55,11,75,62,13,84,70,14,102,84,18
2,59,526,395,131,717,506,211,907,617,290,924,604,320,940,591,349,955,585,370
2,73,233,216,17,305,271,34,377,327,50,542,444,98,707,562,145,1009,781,228
2,96,10,8,2,17,13,4,23,18,5,24,18,6,24,17,7,35,28,7
2,101,113,81,32,313,221,92,686,490,196,688,504,184,576,410,166,588,416,172
2,114,6,5,1,9,8,1,12,10,2,14,12,2,17,15,2,14,13,1
2,153,448,357,91,558,428,130,731,516,215,920,626,294,1117,724,393,1215,776,439
2,199,1320,878,442,1567,1038,529,1681,1110,571,1992,1304,688,2575,1686,889,3004,1930,1074
2,218,3594,2353,1241,6898,4777,2121,10318,7274,3044,16429,11105,5324,23879,15893,7986,26826,17735,9091
2,52,0,0,0,0,0,0,0,0,0,28,13,15,56,27,29,56,27,29
2,83,203,164,39,258,176,82,317,189,128,722,575,147,1126,961,165,1102,934,168
2,104,6171,3826,2345,10991,7501,3490,15810,11175,4635,19139,12733,6406,22467,14290,8177,22471,14146,8325
2,127,21,15,6,25,17,8,31,22,9,38,26,12,49,34,15,61,44,17
2,163,55,35,20,118,75,43,187,118,69,212,149,63,203,155,48,223,167,56
2,182,6,4,2,41,26,15,56,35,21,56,35,21,55,34,21,53,33,20
2,188,4,2,2,8,5,3,13,7,6,25,19,6,37,28,9,30,23,7
2,193,11518,6656,4862,12706,7895,4811,19360,12658,6702,48283,35324,12959,60245,41618,18627,55306,35035,20271
2,12,711,541,170,802,613,189,893,686,207,998,761,237,1103,836,267,1290,979,311
2,19,10413,6025,4388,9643,5455,4188,8593,4742,3851,7396,4250,3146,8939,5191,3748,12054,7450,4604
2,74,788914,446449,342465,814417,454931,359486,839920,463414,376506,1337210,676380,660830,1322603,717989,604614,1430656,774518,656138
2,80,8493,6415,2078,12366,9659,2707,16238,12903,3335,19368,14312,5056,22497,15721,6776,23272,16262,7010
2,121,98,58,40,92,49,43,88,41,47,76,38,38,66,36,30,100,55,45
2,145,1764,1255,509,2694,1898,796,3717,2604,1113,4050,2679,1371,3912,2509,1403,3975,2486,1489
2,200,5334,3285,2049,5980,3730,2250,6648,4195,2453,7337,4489,2848,8169,4603,3566,9600,5701,3899
2,53,103,55,48,78,40,38,53,25,28,53,25,28,49,24,25,44,21,23
2,86,74,36,38,99,47,52,124,58,66,137,63,74,150,69,81,156,71,85
2,129,45,22,23,68,32,36,91,41,50,95,42,53,99,42,57,102,42,60
2,50,44,19,25,21,9,12,9,4,5,6,3,3,12,5,7,12,5,7
2,133,47,24,23,87,53,34,131,84,47,108,73,35,98,71,27,96,70,26
2,148,50,27,23,40,21,19,68,33,35,99,45,54,105,48,57,113,52,61
2,8,229,136,93,224,134,90,219,133,86,162,99,63,104,64,40,104,64,40
2,24,4,3,1,7,5,2,10,7,3,7,5,2,3,2,1,3,2,1
2,42,45,22,23,45,24,21,44,26,18,36,23,13,28,21,7,44,29,15
2,46,17,9,8,19,11,8,20,12,8,20,13,7,24,16,8,26,18,8
2,63,16,12,4,18,13,5,20,15,5,24,18,6,33,25,8,48,37,11
2,75,95,50,45,94,48,46,93,46,47,88,42,46,83,39,44,83,38,45
2,160,12,8,4,11,7,4,14,9,5,17,11,6,18,12,6,19,13,6
2,225,84,40,44,82,39,43,81,38,43,84,39,45,89,42,47,95,45,50
2,37,3743,1823,1920,12014,5803,6211,20571,9923,10648,34754,18102,16652,51025,27413,23612,57024,30620,26404
2,220,4629,2955,1674,7600,4879,2721,10882,7010,3872,12320,7958,4362,13910,8850,5060,17700,8574,9126
2,11,665,397,268,950,595,355,1180,760,420,1340,820,520,1380,840,540,1561,958,603
2,146,513,291,222,594,333,261,676,376,300,719,401,318,763,427,336,802,450,352
2,76,605,386,219,664,418,246,710,441,269,743,463,280,717,455,262,681,432,249
2,28,0,0,0,0,0,0,0,0,0,91,46,45,182,92,90,219,111,108
2,68,0,0,0,0,0,0,0,0,0,0,0,0,14,11,3,13,10,3
3,55,0,0,0,0,0,0,0,0,0,0,0,0,0,0,0,0,0,0
3,170,959,471,488,1012,493,519,1029,498,531,541,263,278,43,22,21,43,22,21
3,83,3,1,2,8,2,6,14,3,11,7,1,6,0,0,0,0,0,0
3,74,1,0,1,1,0,1,1,0,1,12,6,6,1,0,1,1,0,1
3,37,111,54,57,111,54,57,114,55,59,55,26,29,0,0,0,0,0,0
3,11,64,33,31,94,58,36,120,80,40,210,120,90,260,160,100,380,232,148
3,134,19,11,8,17,11,6,15,9,6,19,11,8,21,12,9,23,12,11
3,177,995,533,462,1506,801,705,2007,1059,948,1889,986,903,1650,852,798,1588,812,776
4,31,0,0,0,0,0,0,0,0,0,1,1,0,1,1,0,0,0,0
4,56,4,2,2,6,3,3,8,4,4,4,2,2,0,0,0,0,0,0
4,59,1,1,0,1,1,0,1,1,0,1,1,0,0,0,0,1,1,0
4,73,1,1,0,1,1,0,1,1,0,2,2,0,2,2,0,1,1,0
4,101,0,0,0,1,0,1,3,0,3,3,0,3,2,0,2,2,0,2
4,114,0,0,0,0,0,0,0,0,0,0,0,0,1,1,0,0,0,0
4,218,6,5,1,15,10,5,26,15,11,39,21,18,57,29,28,63,33,30
4,83,6,3,3,5,4,1,4,4,0,4,3,1,4,2,2,4,2,2
4,104,2,1,1,11,4,7,19,7,12,75,23,52,130,38,92,130,36,94
4,163,122,58,64,264,126,138,417,199,218,406,195,211,329,159,170,361,166,195
4,193,2008,925,1083,2355,1107,1248,3717,1800,1917,4135,2002,2133,5578,2733,2845,5900,2861,3039
4,12,1,1,0,2,2,0,2,2,0,2,2,0,2,2,0,2,2,0
4,74,1233,563,670,1273,570,703,1313,577,736,980,443,537,908,389,519,982,419,563
4,200,20,12,8,25,16,9,32,21,11,38,25,13,46,28,18,54,35,19
4,8,1,1,0,1,1,0,1,1,0,1,1,0,1,1,0,1,1,0
4,24,2,1,1,1,0,1,0,0,0,0,0,0,0,0,0,0,0,0
4,42,10,7,3,10,6,4,9,5,4,8,5,3,6,4,2,8,2,6
4,46,42,25,17,41,24,17,40,24,16,38,23,15,43,26,17,46,28,18
4,37,10,5,5,12,6,6,15,7,8,7,3,4,0,0,0,0,0,0
4,11,333,163,170,181,94,87,20,20,0,20,10,10,0,0,0,0,0,0
4,96,0,0,0,0,0,0,0,0,0,0,0,0,0,0,0,4,2,2
4,28,0,0,0,0,0,0,0,0,0,5,5,0,10,10,0,12,12,0
5,67,247,138,109,433,238,195,620,338,282,480,267,213,341,197,144,346,202,144
5,219,717,427,290,958,571,387,1018,607,411,1153,688,465,1186,708,478,1249,751,498
5,230,123777,62049,61728,141001,70558,70443,220248,110723,109525,98521,49299,49222,37106,18738,18368,17464,8795,8669
5,36,0,0,0,0,0,0,0,0,0,2571,1244,1327,2046,1038,1008,1964,853,1111
5,48,10334,4907,5427,18270,8654,9616,31100,14697,16403,15550,7349,8201,31028,16751,14277,41238,21453,19785
5,58,468462,225505,242957,276402,137155,139247,325733,159759,165974,262085,126043,136042,260002,125641,134361,185205,94583,90622
5,77,342,202,140,408,240,168,522,307,215,572,337,235,652,385,267,717,423,294
5,179,468,203,265,556,285,271,654,267,387,514,208,306,404,163,241,358,144,214
5,64,23,12,11,21,10,11,21,10,11,25,13,12,27,14,13,32,15,17
5,27,551,289,262,889,456,433,1320,671,649,1992,1000,992,2672,1334,1338,3550,1754,1796
5,142,24028,15093,8935,22978,14488,8490,48646,28843,19803,38464,22710,15754,37063,21914,15149,33980,20159,13821
5,191,6602,4613,1989,11043,6771,4272,15551,9398,6153,19714,10429,9285,29562,15925,13637,30268,16323,13945
5,198,4,3,1,18,10,8,67,34,33,87,42,45,106,49,57,122,60,62
5,34,1588,790,798,1899,969,930,2209,1148,1061,1283,659,624,356,169,187,370,175,195
5,126,70,39,31,72,41,31,67,38,29,271,152,119,480,268,212,517,288,229
5,161,581,322,259,1363,661,702,2523,1170,1353,1269,595,674,74,34,40,76,35,41
5,31,4,4,0,4,3,1,4,2,2,5,2,3,6,2,4,7,2,5
5,56,33,29,4,50,44,6,67,59,8,129,110,19,180,152,28,171,145,26
5,95,32,28,4,43,31,12,53,34,19,67,44,23,80,53,27,81,50,31
5,162,38,38,0,32,32,0,28,28,0,42,39,3,59,52,7,58,51,7
5,170,519,255,264,470,267,203,404,269,135,457,340,117,501,403,98,511,410,101
5,187,11,9,2,11,10,1,16,15,1,18,16,2,20,18,2,25,22,3
5,59,48,30,18,77,41,36,106,52,54,129,61,68,152,71,81,159,78,81
5,73,4,2,2,49,31,18,94,60,34,228,143,85,362,227,135,553,322,231
5,96,10,6,4,15,9,6,19,12,7,30,21,9,40,29,11,38,26,12
5,101,92,47,45,255,125,130,559,282,277,561,301,260,470,236,234,480,238,242
5,114,1,0,1,1,0,1,2,1,1,2,1,1,2,1,1,1,1,0
5,153,30,15,15,41,20,21,103,50,53,241,111,130,379,179,200,486,242,244
5,199,340,155,185,403,182,221,433,194,239,552,252,300,716,336,380,758,360,398
5,218,825,507,318,3243,1650,1593,5717,2818,2899,9467,4452,5015,13988,6496,7492,15712,7182,8530
5,83,20,11,9,19,9,10,19,8,11,14,6,8,9,4,5,9,4,5
5,104,304,105,199,1024,481,543,1744,858,886,1807,872,935,1869,886,983,1869,868,1001
5,163,141573,66405,75168,154254,72483,81771,173193,81815,91378,169591,79766,89825,137826,64670,73156,151273,67568,83705
5,193,1201,634,567,1532,833,699,2524,1409,1115,3438,1926,1512,4005,2282,1723,3553,1966,1587
5,12,188,103,85,212,117,95,236,132,104,264,145,119,292,158,134,341,185,156
5,19,647,335,312,497,265,232,332,188,144,1621,830,791,2425,1202,1223,4047,1975,2072
5,74,11499,6547,4952,11871,6673,5198,12243,6799,5444,14835,7750,7085,19679,10059,9620,21287,10847,10440
5,145,1727,1118,609,2543,1626,917,3445,2184,1261,9301,5708,3593,7460,4469,2991,5321,3070,2251
5,200,3772,2052,1720,4232,2319,1913,4709,2601,2108,5161,2739,2422,5715,2703,3012,6716,3423,3293
5,53,218,132,86,165,97,68,112,62,50,112,62,50,102,57,45,92,51,41
5,50,4,1,3,2,0,2,2,1,1,1,0,1,3,2,1,3,2,1
5,133,39,21,18,43,22,21,49,24,25,47,23,24,51,24,27,75,39,36
5,8,20,7,13,20,7,13,20,8,12,15,6,9,9,3,6,9,3,6
5,24,6,4,2,5,2,3,4,1,3,5,3,2,5,4,1,6,5,1
5,28,4868,2437,2431,5612,2994,2618,6355,3550,2805,6418,3441,2977,6389,3279,3110,7694,3949,3745
5,42,7,5,2,31,18,13,55,32,23,45,28,17,34,24,10,56,37,19
5,46,49,25,24,48,24,24,47,24,23,45,24,21,50,27,23,54,30,24
5,63,14,5,9,16,6,10,18,7,11,21,8,13,29,11,18,42,16,26
5,160,10,4,6,9,3,6,11,3,8,13,3,10,14,4,10,15,5,10
5,225,167,89,78,164,88,76,161,86,75,169,91,78,178,95,83,188,99,89
5,37,1266,617,649,1834,888,946,2446,1180,1266,2486,1257,1229,2676,1413,1263,2991,1579,1412
5,220,2252,845,1407,3242,1235,2007,4365,1682,2683,7087,3541,3546,9897,4860,5037,12683,6210,6473
5,11,310,177,133,370,204,166,410,220,190,450,230,220,530,280,250,580,305,275
5,68,0,0,0,0,0,0,0,0,0,0,0,0,3,2,1,3,2,1
6,31,10,7,3,16,10,6,21,13,8,30,19,11,37,24,13,36,25,11
6,170,304,149,155,300,156,144,286,157,129,168,98,70,48,37,11,49,37,12
6,101,0,0,0,1,1,0,2,1,1,2,1,1,1,0,1,1,0,1
6,114,4,2,2,6,4,2,9,6,3,4,3,1,0,0,0,0,0,0
6,218,95,58,37,377,184,193,666,313,353,569,273,296,520,258,262,583,285,298
6,83,6,3,3,11,6,5,17,9,8,14,7,7,11,5,6,11,5,6
6,74,8,5,3,9,6,3,9,6,3,123,40,83,9,6,3,10,7,3
6,145,7,4,3,9,5,4,14,6,8,27,11,16,23,8,15,23,7,16
6,7,17,8,9,25,12,13,32,15,17,35,17,18,37,18,19,39,19,20
6,25,168,88,80,351,184,167,534,280,254,569,299,270,25,20,5,28,23,5
6,61,7,5,2,9,6,3,11,7,4,13,9,4,16,12,4,19,14,5
6,62,139,82,57,155,90,65,170,97,73,101,58,43,32,20,12,34,21,13
6,174,16,7,9,21,10,11,29,13,16,33,15,18,35,15,20,37,16,21
6,186,0,0,0,0,0,0,0,0,0,183,100,83,367,200,167,383,209,174
6,221,1113,571,542,1106,567,539,1103,565,538,1037,534,503,972,503,469,972,503,469
6,42,8,3,5,12,5,7,15,6,9,12,5,7,9,5,4,15,7,8
6,46,39,25,14,38,24,14,37,24,13,35,23,12,39,26,13,42,28,14
6,37,106,52,54,121,59,62,139,68,71,103,43,60,73,20,53,82,23,59
6,54,0,0,0,0,0,0,0,0,0,0,0,0,39,10,29,42,11,31
7,64,14,7,7,13,6,7,13,6,7,15,7,8,16,7,9,19,7,12
7,142,693,275,418,662,265,397,616,248,368,487,195,292,469,189,280,429,174,255
7,16,72,60,12,7456,6443,1013,14840,12827,2013,17664,15303,2361,20488,17780,2708,21664,18829,2835
7,31,1,1,0,2,2,0,3,3,0,4,3,1,5,4,1,5,4,1
7,56,1,1,0,2,2,0,3,3,0,2,2,0,0,0,0,0,0,0
7,59,0,0,0,0,0,0,0,0,0,2,0,2,3,0,3,3,1,2
7,73,0,0,0,1,0,1,1,0,1,1,0,1,1,0,1,1,0,1
7,101,1,1,0,2,2,0,3,2,1,3,2,1,2,1,1,2,1,1
7,114,0,0,0,0,0,0,0,0,0,0,0,0,0,0,0,0,0,0
7,218,542,316,226,2135,1000,1135,3764,1697,2067,3517,1579,1938,3558,1609,1949,3995,1776,2219
7,83,12,6,6,13,8,5,14,9,5,22,12,10,30,16,14,29,15,14
7,104,1,1,0,6,1,5,11,1,10,17,5,12,23,10,13,23,10,13
7,12,4,0,4,5,0,5,5,0,5,6,0,6,6,0,6,7,0,7
7,74,19,5,14,20,5,15,20,5,15,103,40,63,56,14,42,61,15,46
7,145,11,6,5,16,8,8,23,10,13,28,9,19,27,6,21,32,10,22
7,200,20,17,3,49,31,18,80,46,34,87,49,38,97,49,48,113,61,52
7,14,13,7,6,10,4,6,8,3,5,11,5,6,13,6,7,14,6,8
7,17,226,73,153,246,82,164,267,91,176,225,84,141,185,78,107,194,82,112
7,25,321,145,176,669,300,369,1018,456,562,1084,485,599,22,12,10,25,14,11
7,29,388,178,210,456,202,254,524,227,297,600,260,340,676,293,383,752,326,426
7,54,0,0,0,0,0,0,0,0,0,0,0,0,50,12,38,54,13,41
7,61,184,97,87,243,128,115,290,155,135,357,189,168,379,182,197,442,212,230
7,62,266,134,132,296,146,150,325,157,168,248,124,124,170,90,80,179,95,84
7,85,22,11,11,28,14,14,35,17,18,36,18,18,38,19,19,38,19,19
7,105,120,59,61,143,70,73,165,80,85,161,79,82,156,77,79,153,76,77
7,138,172,82,90,138,66,72,104,49,55,107,51,56,110,52,58,116,55,61
7,173,175,81,94,231,109,122,319,153,166,363,175,188,393,191,202,404,197,207
7,174,49,25,24,65,33,32,90,46,44,105,54,51,112,58,54,118,61,57
7,176,51,28,23,53,28,25,55,30,25,56,31,25,57,32,25,58,32,26
7,186,0,0,0,0,0,0,0,0,0,256,116,140,513,232,281,534,241,293
7,221,4398,1976,2422,4610,2071,2539,4832,2170,2662,4708,2128,2580,4585,2085,2500,4587,2085,2502
7,148,35,18,17,28,14,14,65,32,33,104,50,54,111,54,57,119,58,61
7,24,10,8,2,5,4,1,0,0,0,0,0,0,0,0,0,0,0,0
7,42,13,6,7,13,6,7,12,6,6,10,6,4,8,6,2,13,7,6
7,46,37,10,27,36,10,26,35,10,25,33,9,24,37,10,27,40,11,29
7,91,5,2,3,8,3,5,10,4,6,13,5,8,16,7,9,19,8,11
7,37,1900,925,975,2082,1009,1073,2313,1116,1197,2285,1099,1186,2395,1152,1243,2677,1287,1390
7,220,12022,5305,6717,14869,6629,8240,18324,8249,10075,21812,9877,11935,25569,11337,14232,28558,12616,15942
7,11,21,6,15,15,3,12,10,0,10,0,0,0,20,10,10,11,0,11
7,68,0,0,0,0,0,0,0,0,0,0,0,0,1,1,0,1,1,0
8,64,322,194,128,243,146,97,183,109,74,218,135,83,235,142,93,279,154,125
8,142,74,27,47,70,26,44,67,25,42,52,19,33,50,19,31,45,17,28
8,191,623,226,397,702,318,384,982,485,497,1175,566,609,1876,895,981,2419,1156,1263
8,34,5,1,4,8,2,6,10,3,7,7,2,5,4,1,3,4,1,3
8,130,60,29,31,64,34,30,66,39,27,66,40,26,66,41,25,66,42,24
8,106,2657,1354,1303,2950,1416,1534,3072,1419,1653,3000,1366,1634,3181,1430,1751,2678,1194,1484
8,161,32,21,11,302,184,118,657,396,261,392,238,154,146,88,58,148,89,59
8,55,21,12,9,30,17,13,38,21,17,56,31,25,89,49,40,93,52,41
8,103,25526,12315,13211,29503,14003,15500,31828,15074,16754,34777,16457,18320,38148,18003,20145,39343,18465,20878
8,211,34,18,16,82,42,40,131,66,65,134,66,68,138,67,71,140,67,73
8,18,76,40,36,92,39,53,107,38,69,103,37,66,99,36,63,102,35,67
8,31,7,3,4,30,13,17,53,24,29,85,40,45,113,53,60,119,56,63
8,56,76,37,39,114,57,57,152,77,75,133,71,62,103,62,41,180,104,76
8,95,22,10,12,123,64,59,223,118,105,275,148,127,327,178,149,396,229,167
8,162,251,136,115,214,115,99,183,97,86,229,133,96,283,172,111,273,167,106
8,170,582,286,296,572,299,273,543,303,240,399,231,168,247,153,94,252,155,97
8,187,20,9,11,32,14,18,54,23,31,61,26,35,68,30,38,83,37,46
8,59,833,411,422,899,435,464,965,460,505,1043,505,538,1120,550,570,1224,612,612
8,73,107,58,49,120,68,52,132,77,55,218,129,89,304,181,123,462,267,195
8,96,5,4,1,9,6,3,13,9,4,20,13,7,27,17,10,36,24,12
8,101,63,30,33,175,81,94,382,183,199,382,194,188,320,151,169,327,152,175
8,114,9,3,6,14,5,9,20,7,13,21,9,12,22,11,11,18,9,9
8,120,83,45,38,93,50,43,72,39,33,74,39,35,67,32,35,57,26,31
8,153,445,203,242,491,225,266,533,244,289,627,281,346,811,386,425,1086,555,531
8,199,1913,962,951,2270,1133,1137,2435,1207,1228,2712,1369,1343,2868,1474,1394,3184,1663,1521
8,218,947,534,413,3722,1654,2068,6561,2796,3765,8001,3467,4534,10094,4464,5630,11339,4930,6409
8,4,86,46,40,118,62,56,151,80,71,494,261,233,819,432,387,640,325,315
8,52,143,46,97,166,59,107,171,66,105,185,71,114,199,76,123,200,76,124
8,83,641,310,331,628,272,356,626,233,393,641,235,406,655,237,418,641,215,426
8,104,31345,10390,20955,25795,9096,16699,20245,7802,12443,46708,21085,25623,73170,34367,38803,73183,33679,39504
8,127,7,5,2,9,6,3,10,7,3,14,9,5,10,9,1,12,11,1
8,163,303,139,164,654,300,354,1032,473,559,1197,561,636,1165,558,607,1278,584,694
8,178,68,37,31,74,40,34,81,43,38,74,40,34,69,37,32,69,35,34
8,182,5,2,3,38,13,25,52,17,35,52,17,35,51,16,35,49,15,34
8,188,92,52,40,129,66,63,168,80,88,308,163,145,449,230,219,437,230,207
8,193,42923,20170,22753,50810,24493,26317,79339,39327,40012,244014,125841,118173,282555,145830,136725,250778,126884,123894
8,12,839,423,416,947,485,462,1054,547,507,1178,597,581,1302,648,654,1523,762,761
8,19,276,128,148,275,127,148,266,123,143,401,193,208,470,217,253,550,262,288
8,74,10137,4592,5545,10465,4644,5821,10793,4696,6097,11825,5303,6522,11968,5073,6895,12946,5463,7483
8,80,4499,2209,2290,4616,2035,2581,4732,1861,2871,11326,5057,6269,17919,8253,9666,18537,8538,9999
8,119,0,0,0,0,0,0,0,0,0,9,4,5,19,8,11,26,10,16
8,121,38,19,19,36,19,17,35,18,17,30,17,13,26,15,11,39,23,16
8,145,1614,752,862,1785,815,970,2020,904,1116,2716,1175,1541,2844,1244,1600,3170,1408,1762
8,200,4509,2208,2301,5249,2682,2567,6009,3174,2835,6710,3385,3325,7542,3350,4192,8863,4279,4584
8,14,8,4,4,8,3,5,9,3,6,56,35,21,102,67,35,111,73,38
8,25,14,5,9,28,10,18,43,16,27,45,17,28,3,3,0,3,3,0
8,38,4,2,2,9,4,5,14,5,9,13,5,8,12,4,8,11,4,7
8,53,373,192,181,283,140,143,192,87,105,191,87,104,174,80,94,157,72,85
8,62,2642,1546,1096,2935,1687,1248,3227,1828,1399,2129,1203,926,1015,569,446,1071,600,471
8,92,466,267,199,548,317,231,630,368,262,743,436,307,856,505,351,964,570,394
8,164,1234,584,650,1245,591,654,1259,598,661,1402,664,738,1369,642,727,1180,551,629
8,50,1041,513,528,864,431,433,1120,547,573,734,354,380,1446,699,747,1504,723,781
8,65,255,143,112,211,120,91,166,97,69,187,112,75,207,126,81,216,132,84
8,88,285,122,163,318,159,159,350,195,155,416,246,170,482,297,185,554,344,210
8,94,145,84,61,144,81,63,142,78,64,139,77,62,136,77,59,140,80,60
8,133,4340,2142,2198,5366,2662,2704,6625,3312,3313,9828,5087,4741,14171,7460,6711,18728,9849,8879
8,148,185,105,80,147,83,64,188,101,87,235,121,114,251,130,121,270,141,129
8,157,580,304,276,667,352,315,796,420,376,1449,782,667,2172,1192,980,2550,1397,1153
8,24,21923,10684,11239,25141,12434,12707,28095,14043,14052,32418,16402,16016,36671,18729,17942,42691,21801,20890
8,28,28350,15178,13172,27974,15391,12583,27597,15603,11994,28410,16308,12102,28815,16765,12050,34699,20188,14511
8,42,32696,16212,16484,39233,19509,19724,45770,22807,22963,57003,28606,28397,68235,34404,33831,70415,33180,37235
8,46,2359,1284,1075,2471,1359,1112,2582,1434,1148,2562,1438,1124,2986,1709,1277,3199,1844,1355
8,63,1669,964,705,1954,1140,814,2239,1316,923,2643,1577,1066,3712,2176,1536,5399,3149,2250
8,71,27,11,16,36,21,15,39,24,15,55,32,23,24,12,12,26,13,13
8,159,50447,25066,25381,57525,28910,28615,64404,32483,31921,61353,30947,30406,58456,29425,29031,57056,28685,28371
8,160,8122,4016,4106,7087,3463,3624,8282,4067,4215,9688,4782,4906,10503,5210,5293,11354,5655,5699
8,222,14559,5658,8901,17970,7292,10678,21691,9589,12102,22181,9909,12272,22275,9983,12292,22521,10150,12371
8,225,9483,4969,4514,9138,4809,4329,8724,4605,4119,9078,4778,4300,9430,4951,4479,9944,5158,4786
8,37,10660,5190,5470,12036,5829,6207,13698,6608,7090,15923,7697,8226,19104,9270,9834,21350,10353,10997
8,220,92563,43141,49422,106709,49197,57512,125218,57447,67771,148392,68463,79929,173385,78382,95003,179639,80921,98718
8,11,13155,6602,6553,12541,6260,6281,12050,5940,6110,13100,6430,6670,13770,6780,6990,15423,7503,7920
8,147,419,204,215,516,243,273,373,182,191,869,422,447,1330,645,685,1770,856,914
8,68,0,0,0,0,0,0,0,0,0,0,0,0,14,11,3,13,10,3
8,54,0,0,0,0,0,0,0,0,0,0,0,0,20,7,13,21,7,14
9,64,179,64,115,143,52,91,118,44,74,140,57,83,151,58,93,179,54,125
9,118,511,184,327,346,140,206,188,104,84,207,132,75,227,145,82,255,162,93
9,142,94,93,1,89,89,0,84,82,2,66,65,1,63,63,0,57,57,0
9,108,7596,4462,3134,7156,4123,3033,6716,3784,2932,7657,4403,3254,8597,5021,3576,9144,5403,3741
9,112,7381,3192,4189,5997,2798,3199,4520,2361,2159,3635,1886,1749,2696,1383,1313,2380,1215,1165
9,202,257,114,143,221,87,134,207,71,136,199,77,122,204,90,114,200,87,113
9,212,11250,5122,6128,9767,4416,5351,7800,3501,4299,7605,3503,4102,7066,3355,3711,7009,3386,3623
9,223,9213,4532,4681,8402,4078,4324,7498,3594,3904,7039,3479,3560,6291,3225,3066,5870,3064,2806
9,161,31,17,14,75,39,36,141,72,69,133,68,65,133,66,67,135,67,68
9,99,521,298,223,573,328,245,599,355,244,718,426,292,2504,1533,971,2479,1508,971
9,13,202586,94942,107644,205368,89233,116135,188400,81860,106540,170050,81293,88757,155685,77374,78311,148503,75416,73087
9,55,292,159,133,413,217,196,534,276,258,782,402,380,1254,652,602,1309,687,622
9,79,4039,1827,2212,3297,1596,1701,2554,1364,1190,2339,1248,1091,2137,1139,998,1980,1056,924
9,107,26,11,15,29,10,19,32,10,22,46,18,28,59,25,34,28,8,20
9,211,192,78,114,465,178,287,740,277,463,762,275,487,785,272,513,796,264,532
9,18,6645,3957,2688,6295,3761,2534,5944,3564,2380,5862,3514,2348,5779,3464,2315,5728,3434,2294
9,31,1207,605,602,1179,579,600,1150,553,597,1308,639,669,1410,696,714,1496,696,800
9,56,227,136,91,340,208,132,453,280,173,1305,723,582,2050,1134,916,2020,1099,921
9,95,186,86,100,165,75,90,144,64,80,178,81,97,212,98,114,190,89,101
9,162,1181,696,485,1010,590,420,864,499,365,1499,909,590,2183,1344,839,2105,1306,799
9,169,1,1,0,1,1,0,1,1,0,1,1,0,2,2,0,27,13,14
9,170,535266,262661,272605,516425,275248,241177,478856,277944,200912,503316,287600,215716,517417,291468,225949,527287,295875,231412
9,187,37,19,18,57,29,28,94,47,47,106,54,52,118,60,58,144,75,69
9,216,35141,15058,20083,44340,23012,21328,54082,31247,22835,49416,28580,20836,47150,27297,19853,47307,27416,19891
9,59,400,212,188,430,229,201,459,245,214,544,268,276,628,291,337,685,316,369
9,68,715,475,240,655,419,236,595,364,231,645,389,256,690,410,280,641,381,260
9,73,0,0,0,10,5,5,19,9,10,47,18,29,75,28,47,117,47,70
9,96,2,1,1,2,0,2,2,0,2,4,1,3,5,1,4,6,1,5
9,101,10,5,5,28,14,14,62,32,30,62,34,28,52,27,25,53,27,26
9,114,1552,921,631,1312,795,517,1073,669,404,1010,632,378,922,574,348,773,478,295
9,120,815,562,253,870,601,269,681,470,211,729,501,228,678,451,227,574,377,197
9,153,4,4,0,15,8,7,33,16,17,157,75,82,196,95,101,305,130,175
9,199,267,128,139,317,151,166,341,161,180,796,365,431,1672,822,850,2520,1218,1302
9,218,81,48,33,323,155,168,572,265,307,1040,473,567,1594,725,869,1790,802,988
9,83,12148,6728,5420,10438,5495,4943,8899,4263,4636,11750,5349,6401,14600,6434,8166,14287,5966,8321
9,104,25,8,17,152,56,96,279,104,175,768,287,481,1256,469,787,1256,455,801
9,127,11,6,5,13,7,6,15,8,7,20,10,10,26,10,16,32,13,19
9,163,16,9,7,34,19,15,54,30,24,77,47,30,89,58,31,97,61,36
9,182,19,5,14,122,28,94,167,36,131,165,34,131,162,33,129,158,32,126
9,193,282,148,134,657,351,306,1315,712,603,7216,4075,3141,10246,5460,4786,9516,4678,4838
9,12,1681,853,828,1896,977,919,2111,1101,1010,2360,1204,1156,2609,1307,1302,3051,1537,1514
9,19,45,22,23,38,19,19,29,15,14,2027,976,1051,5138,2488,2650,10433,5168,5265
9,74,6547,2990,3557,6759,3025,3734,6970,3060,3910,12278,5667,6611,17642,7549,10093,19083,8130,10953
9,80,5581,3229,2352,7892,4170,3722,10202,5111,5091,11196,5372,5824,12189,5632,6557,12609,5826,6783
9,145,43,23,20,62,32,30,85,41,44,373,186,187,521,268,253,850,449,401
9,200,374,192,182,415,206,209,459,221,238,539,245,294,631,246,385,741,320,421
9,50,6,4,2,4,2,2,5,3,2,3,2,1,7,4,3,7,4,3
9,133,60,33,27,66,35,31,75,38,37,80,41,39,96,49,47,132,66,66
9,8,1236,597,639,1207,590,617,1178,583,595,869,437,432,559,291,268,561,292,269
9,24,0,0,0,1,0,1,1,0,1,3,1,2,4,2,2,5,3,2
9,42,21,11,10,16,8,8,10,4,6,9,5,4,7,5,2,12,6,6
9,63,13,7,6,15,8,7,16,8,8,19,10,9,26,13,13,37,18,19
9,225,30,16,14,29,16,13,29,16,13,30,17,13,32,17,15,34,18,16
9,37,1771,863,908,1778,862,916,1828,882,946,2590,1191,1399,3507,1574,1933,3919,1757,2162
9,220,41481,20290,21191,52311,25806,26505,65280,32460,32820,66636,33295,33341,68809,33787,35022,84953,41588,43365
9,11,388,180,208,710,340,370,990,480,510,1110,540,570,1200,550,650,1371,610,761
9,28,0,0,0,0,0,0,0,0,0,26,22,4,52,43,9,63,52,11
10,161,9,6,3,33,20,13,67,38,29,63,36,27,62,34,28,63,35,28
10,31,1,1,0,2,2,0,3,3,0,4,3,1,5,4,1,5,4,1
10,59,5,4,1,3,2,1,0,0,0,3,2,1,5,4,1,6,5,1
10,73,1,0,1,1,0,1,0,0,0,0,0,0,0,0,0,3,3,0
10,96,0,0,0,0,0,0,0,0,0,1,1,0,1,1,0,1,1,0
10,101,1,0,1,4,2,2,8,4,4,8,4,4,7,3,4,7,3,4
10,114,1,1,0,1,1,0,1,1,0,0,0,0,0,0,0,0,0,0
10,218,111,63,48,437,194,243,772,328,444,660,287,373,603,273,330,678,303,375
10,83,41,23,18,66,37,29,92,50,42,47,26,21,1,1,0,1,1,0
10,74,10,5,5,10,4,6,10,4,6,67,26,41,10,4,6,11,4,7
10,145,557,302,255,630,336,294,727,382,345,1424,739,685,2509,1255,1254,3994,2037,1957
10,7,7,3,4,6,3,3,4,2,2,5,3,2,5,3,2,5,3,2
10,25,4376,1961,2415,3739,1637,2102,3103,1314,1789,3306,1399,1907,664,307,357,755,349,406
10,61,17,6,11,22,7,15,26,8,18,32,11,21,40,14,26,47,17,30
10,62,330,172,158,367,187,180,403,202,201,278,148,130,152,93,59,160,98,62
10,174,8,3,5,10,4,6,14,5,9,16,6,10,17,6,11,17,6,11
10,186,0,0,0,0,0,0,0,0,0,617,271,346,1234,541,693,1286,563,723
10,221,417,197,220,468,221,247,520,245,275,510,242,268,501,239,262,501,239,262
10,50,29,20,9,22,15,7,25,17,8,16,11,5,32,21,11,33,21,12
10,8,1,0,1,1,0,1,1,0,1,1,0,1,1,0,1,1,0,1
10,24,0,0,0,2,0,2,4,0,4,3,0,3,2,1,1,2,1,1
10,42,50,24,26,27,12,15,4,1,3,3,1,2,2,1,1,5,3,2
10,46,283,151,132,276,148,128,268,144,124,255,138,117,287,158,129,307,170,137
10,225,430,179,251,424,177,247,415,173,242,436,182,254,458,191,267,486,200,286
10,37,523,254,269,555,269,286,600,290,310,577,273,304,588,272,316,657,304,353
10,220,3363,1351,2012,3516,1427,2089,3814,1569,2245,4540,1881,2659,5322,2152,3170,5943,2393,3550
10,11,26,16,10,28,18,10,30,20,10,40,20,20,40,20,20,42,21,21
10,54,0,0,0,0,0,0,0,0,0,0,0,0,1572,581,991,1708,633,1075
11,183,67,30,37,59,31,28,51,32,19,48,27,21,46,23,23,52,27,25
11,230,81,39,42,81,39,42,83,40,43,148,72,76,264,136,128,470,237,233
11,39,9,9,0,13,9,4,16,8,8,12,6,6,12,6,6,10,5,5
11,64,525,282,243,418,224,194,344,183,161,410,230,180,442,240,202,524,253,271
11,118,1499,809,690,1016,569,447,551,349,202,607,425,182,664,467,197,748,523,225
11,27,120,61,59,111,55,56,114,56,58,225,109,116,337,163,174,448,214,234
11,142,793,304,489,758,294,464,705,275,430,557,215,342,536,208,328,491,192,299
11,191,4199,1728,2471,3145,1381,1764,2983,1356,1627,3570,1574,1996,5698,2487,3211,7350,3214,4136
11,198,8,8,0,6,5,1,16,9,7,30,17,13,44,24,20,55,32,23
11,81,17,5,12,17,6,11,19,6,13,27,10,17,27,11,16,32,13,19
11,43,2417,1426,991,3091,1799,1292,3765,2172,1593,4153,2581,1572,4542,2990,1552,5227,3523,1704
11,44,6092,3509,2583,6799,3896,2903,7506,4284,3222,8195,4501,3694,8903,4729,4174,9091,4662,4429
11,57,96,53,43,112,61,51,127,68,59,155,83,72,183,98,85,202,109,93
11,106,3976,2026,1950,6119,2937,3182,9189,4245,4944,9202,4191,5011,9756,4387,5369,9062,4041,5021
11,136,3,2,1,3,3,0,4,3,1,91,59,32,189,124,65,208,134,74
11,166,315,178,137,631,348,283,1148,645,503,2153,1715,438,4013,3438,575,4082,3720,362
11,30,262,140,122,372,201,171,482,262,220,493,269,224,504,276,228,515,283,232
11,35,54,34,20,142,89,53,229,144,85,179,114,65,129,85,44,116,77,39
11,98,5963,3492,2471,3945,2353,1592,1928,1215,713,5679,3486,2193,9796,5744,4052,10547,6232,4315
11,113,18,10,8,18,10,8,17,9,8,16,9,7,17,9,8,17,9,8
11,124,1851,906,945,2118,1040,1078,2609,1263,1346,3596,1791,1805,5082,2619,2463,5310,2808,2502
11,161,943,597,346,1466,873,593,2396,1381,1015,3093,1775,1318,3932,2226,1706,3993,2264,1729
11,185,2913,1614,1299,3577,1961,1616,4588,2469,2119,6466,3423,3043,8706,4565,4141,10129,5303,4826
11,203,593,409,184,991,673,318,1595,1069,526,1402,919,483,1310,845,465,1196,757,439
11,205,425,201,224,451,204,247,482,209,273,522,238,284,517,288,229,509,285,224
11,226,16,8,8,28,15,13,45,25,20,36,22,14,32,17,15,37,19,18
11,23,12,10,2,15,12,3,17,14,3,21,17,4,25,20,5,27,22,5
11,97,3116,1344,1772,1964,871,1093,812,398,414,750,366,384,688,335,353,663,322,341
11,125,37,20,17,43,21,22,48,26,22,56,33,23,78,51,27,102,71,31
11,194,51,32,19,100,69,31,150,96,54,253,126,127,465,229,236,461,223,238
11,55,741,378,363,1048,514,534,1355,650,705,1983,944,1039,3180,1537,1643,3319,1621,1698
11,103,2102,970,1132,2435,1124,1311,2631,1229,1402,2882,1373,1509,3167,1530,1637,3266,1569,1697
11,107,188,86,102,246,118,128,303,150,153,438,243,195,563,326,237,264,129,135
11,211,2910,1404,1506,2817,1316,1501,2736,1230,1506,2819,1232,1587,2904,1232,1672,2947,1212,1735
11,18,21,12,9,25,12,13,28,12,16,27,11,16,26,10,16,28,12,16
11,31,13,9,4,40,23,17,66,37,29,103,58,45,136,76,60,198,108,90
11,56,56,32,24,85,50,35,113,67,46,269,164,105,403,252,151,528,331,197
11,95,832,419,413,737,365,372,642,311,331,793,391,402,944,471,473,953,495,458
11,162,863,459,404,737,387,350,631,327,304,774,430,344,942,543,399,908,528,380
11,170,761,373,388,743,391,352,699,395,304,622,347,275,533,291,242,543,296,247
11,187,18,8,10,85,43,42,176,90,86,198,103,95,222,117,105,270,146,124
11,59,981,458,523,1310,651,659,1638,844,794,2115,1104,1011,2591,1363,1228,3018,1553,1465
11,73,452,233,219,502,272,230,552,311,241,779,458,321,1005,604,401,1358,817,541
11,96,60,23,37,61,24,37,61,25,36,75,33,42,88,40,48,115,58,57
11,101,532,262,270,1882,897,985,4267,2104,2163,5846,2971,2875,6462,2983,3479,6601,3003,3598
11,102,123,57,66,140,65,75,157,73,84,258,115,143,356,156,200,371,164,207
11,114,45,26,19,69,40,29,93,54,39,131,82,49,166,106,60,139,89,50
11,120,22,13,9,25,14,11,19,11,8,33,25,8,44,35,9,38,30,8
11,153,797,355,442,878,397,481,977,506,471,1214,678,536,1794,1059,735,2176,1335,841
11,199,1760,1065,695,2088,1257,831,2240,1342,898,2657,1633,1024,3369,2156,1213,3944,2537,1407
11,218,72426,32613,39813,87623,39437,48186,104295,46800,57495,108178,49384,58794,120868,56555,64313,135786,62563,73223
11,4,36,19,17,39,20,19,41,21,20,59,31,28,70,37,33,61,61,0
11,52,694,266,428,764,306,458,753,320,433,1169,536,633,1585,752,833,1595,754,841
11,83,19643,10494,9149,19792,9927,9865,20267,9345,10922,20467,9360,11107,20667,9375,11292,20224,8718,11506
11,104,8059,2555,5504,6643,2135,4508,5226,1715,3511,12537,5274,7263,19847,8832,11015,19850,8636,11214
11,127,3435,1618,1817,4022,1926,2096,4128,1886,2242,4016,1796,2220,3939,1730,2209,5053,2414,2639
11,163,348,158,190,751,341,410,1185,539,646,1224,561,663,1061,491,570,1164,512,652
11,182,82,46,36,525,289,236,715,387,328,706,378,328,691,370,321,675,361,314
11,188,226,103,123,220,105,115,216,107,109,314,154,160,426,215,211,401,235,166
11,193,2358,1107,1251,2727,1315,1412,4271,2128,2143,4630,2329,2301,5593,2820,2773,5990,3024,2966
11,12,1371,685,686,1547,786,761,1723,887,836,1926,969,957,2129,1052,1077,2490,1237,1253
11,19,353,187,166,488,250,238,608,306,302,662,319,343,709,333,376,881,425,456
11,74,3931,1750,2181,4058,1768,2290,4185,1787,2398,5406,2460,2946,7718,3444,4274,8349,3711,4638
11,80,6205,3105,3100,6836,3286,3550,7467,3468,3999,10448,5177,5271,13429,6887,6542,13892,7125,6767
11,121,74,35,39,70,34,36,67,32,35,58,30,28,50,27,23,77,41,36
11,145,7853,3935,3918,8368,4118,4250,9177,4434,4743,10113,4959,5154,10021,4902,5119,10366,5097,5269
11,200,3033,1468,1565,3559,1865,1694,4099,2274,1825,5347,2735,2612,6699,3003,3696,7872,3831,4041
11,7,7,3,4,7,3,4,6,3,3,7,4,3,7,4,3,7,4,3
11,14,27,14,13,46,23,23,65,33,32,71,36,35,77,39,38,83,42,41
11,17,24,12,12,26,13,13,29,15,14,25,13,12,23,11,12,24,12,12
11,29,12,3,9,14,3,11,16,3,13,19,4,15,21,4,17,23,4,19
11,38,24,14,10,51,30,21,78,45,33,125,71,54,173,97,76,170,95,75
11,61,3,1,2,4,1,3,5,1,4,5,1,4,6,2,4,7,2,5
11,62,67,47,20,75,52,23,82,56,26,60,41,19,38,26,12,40,27,13
11,174,7,2,5,9,3,6,13,4,9,15,5,10,16,5,11,16,5,11
11,50,73,31,42,50,23,27,51,25,26,33,16,17,66,33,33,69,34,35
11,65,33,13,20,27,10,17,21,8,13,24,9,15,26,10,16,27,10,17
11,88,47,19,28,46,22,24,44,24,20,53,31,22,61,37,24,70,43,27
11,133,116,12,104,256,89,167,408,170,238,397,184,213,434,221,213,592,329,263
11,157,115,67,48,79,47,32,48,28,20,139,94,45,237,165,72,279,194,85
11,8,625,272,353,600,283,317,575,295,280,425,222,203,274,148,126,275,148,127
11,24,74,33,41,115,53,62,154,71,83,175,89,86,196,108,88,228,126,102
11,28,297,212,85,372,216,156,447,221,226,519,333,186,584,441,143,703,531,172
11,42,675,349,326,826,426,400,976,503,473,792,457,335,607,411,196,998,586,412
11,46,202,91,111,197,89,108,191,86,105,182,83,99,205,96,109,220,104,116
11,63,125,69,56,140,77,63,155,86,69,183,104,79,257,143,114,373,206,167
11,71,7,5,2,9,6,3,10,6,4,14,9,5,38,23,15,42,25,17
11,160,420,236,184,367,204,163,430,240,190,504,282,222,546,307,239,590,333,257
11,225,131,68,63,129,67,62,127,66,61,133,69,64,140,73,67,148,76,72
11,22,37,19,18,44,23,21,50,26,24,59,32,27,68,39,29,69,40,29
11,37,13390,6518,6872,15871,7684,8187,18729,9035,9694,21053,10463,10590,24641,12548,12093,27538,14015,13523
11,220,42267,14292,27975,50582,17366,33216,60965,21254,39711,65578,23067,42511,70996,24179,46817,77845,26362,51483
11,147,47778,22335,25443,53227,24935,28292,54744,26608,28136,60001,29123,30878,63086,30570,32516,65161,31511,33650
11,72,1306,687,619,1405,741,664,1489,781,708,1706,901,805,1832,980,852,1887,1019,868
11,146,226,102,124,262,116,146,298,130,168,317,140,177,337,150,187,354,158,196
11,158,13916,8115,5801,14258,8672,5586,10675,6878,3797,10675,7065,3610,9056,6092,2964,9183,6223,2960
11,189,360,204,156,356,202,154,340,193,147,309,175,134,298,167,131,279,157,122
11,224,442,262,180,445,235,210,450,227,223,549,275,274,612,305,307,629,313,316
11,110,64,40,24,75,42,33,86,44,42,83,44,39,81,45,36,89,50,39
11,143,202,118,84,186,109,77,171,100,71,161,94,67,151,88,63,148,86,62
11,49,115,71,44,120,74,46,124,77,47,230,125,105,336,173,163,370,189,181
11,76,63,31,32,69,34,35,74,35,39,77,37,40,74,36,38,70,34,36
11,151,11,8,3,13,6,7,16,5,11,19,8,11,21,9,12,21,9,12
11,177,236,135,101,330,188,142,422,239,183,396,222,174,346,192,154,333,184,149
11,207,7,3,4,6,3,3,21,19,2,20,17,3,33,28,5,39,32,7
11,68,0,0,0,0,0,0,0,0,0,0,0,0,63,44,19,59,41,18
11,137,0,0,0,0,0,0,0,0,0,0,0,0,122,39,83,137,45,92
12,39,20,13,7,27,18,9,32,21,11,24,16,8,24,16,8,21,14,7
12,64,716,330,386,557,249,308,442,188,254,526,242,284,568,250,318,674,247,427
12,118,2044,947,1097,1288,581,707,554,242,312,610,328,282,667,361,306,752,403,349
12,142,901,483,418,861,464,397,801,433,368,633,341,292,609,329,280,558,303,255
12,191,3523,1514,2009,2520,1256,1264,2232,1303,929,2671,1532,1139,4264,2431,1833,5501,3140,2361
12,202,98,44,54,79,35,44,69,31,38,66,30,36,68,31,37,66,29,37
12,106,309,157,152,390,187,203,476,220,256,537,245,292,569,256,313,502,224,278
12,136,3,1,2,3,2,1,4,2,2,8,6,2,13,9,4,15,11,4
12,161,92,58,34,768,433,335,1657,921,736,1051,586,465,495,270,225,503,275,228
12,125,50,27,23,36,18,18,21,11,10,17,10,7,19,13,6,20,14,6
12,55,88,39,49,125,53,72,161,66,95,236,96,140,378,156,222,394,165,229
12,103,6373,3030,3343,6471,3012,3459,6206,2862,3344,5525,2518,3007,4910,2197,2713,5064,2252,2812
12,107,78,34,44,110,57,53,141,80,61,204,127,77,262,168,94,123,69,54
12,211,6979,3440,3539,10148,5040,5108,13354,6649,6705,13761,6696,7065,14180,6735,7445,14394,6666,7728
12,18,44,21,23,53,20,33,61,18,43,59,17,42,56,16,40,59,18,41
12,31,26,14,12,62,35,27,98,57,41,149,89,60,194,118,76,519,317,202
12,56,1811,818,993,2717,1269,1448,3623,1720,1903,3043,1843,1200,2213,1872,341,2641,2229,412
12,95,5206,2313,2893,5365,2625,2740,5523,2937,2586,6822,3685,3137,8121,4433,3688,9044,4990,4054
12,162,6119,3030,3089,5234,2552,2682,4477,2148,2329,4138,2004,2134,3930,1909,2021,3790,1866,1924
12,169,722,312,410,631,311,320,507,271,236,626,322,304,715,391,324,195,134,61
12,170,3776,1853,1923,3905,1943,1962,3894,1963,1931,3430,1689,1741,2897,1382,1515,2953,1401,1552
12,187,281,111,170,1033,550,483,2070,1140,930,2322,1297,1025,2604,1470,1134,3154,1818,1336
12,59,1275,574,701,1400,662,738,1525,751,774,1652,815,837,1779,880,899,1912,918,994
12,73,253,148,105,258,151,107,262,154,108,399,224,175,536,295,241,731,383,348
12,96,52,24,28,62,29,33,72,34,38,109,47,62,146,60,86,122,57,65
12,101,49,24,25,175,83,92,397,195,202,634,270,364,767,255,512,784,255,529
12,114,50,27,23,77,42,35,104,56,48,124,67,57,142,76,66,119,63,56
12,120,48,24,24,53,25,28,41,20,21,54,30,24,60,34,26,51,28,23
12,153,997,520,477,936,474,462,1058,556,502,1073,551,522,1307,671,636,1588,834,754
12,199,4731,2671,2060,5614,3151,2463,6021,3362,2659,5866,3272,2594,5829,3207,2622,5936,3266,2670
12,218,20222,5498,14724,19373,5577,13796,18851,5715,13136,18336,5974,12362,19315,6839,12476,21698,7494,14204
12,26,310,141,169,292,133,159,273,125,148,188,87,101,211,101,110,189,90,99
12,52,1265,490,775,1440,579,861,1461,618,843,3288,1603,1685,5115,2588,2527,5148,2598,2550
12,83,3523,1369,2154,2854,1050,1804,2232,715,1517,2267,729,1538,2302,744,1558,2253,665,1588
12,104,16037,3097,12940,13068,2668,10400,10099,2239,7860,13214,3648,9566,16328,5057,11271,16331,4856,11475
12,127,18,7,11,22,9,13,55,23,32,89,37,52,103,50,53,129,66,63
12,163,113,53,60,245,115,130,388,182,206,454,218,236,445,217,228,488,228,260
12,182,860,441,419,5461,2743,2718,7425,3652,3773,7325,3561,3764,7160,3477,3683,6998,3389,3609
12,188,4461,1828,2633,3564,1498,2066,2673,1153,1520,4863,2218,2645,5938,2733,3205,3052,1488,1564
12,193,2259,1003,1256,3212,1477,1735,5548,2634,2914,6332,3022,3310,8714,4070,4644,8844,4063,4781
12,19,1010,538,472,1498,756,742,1942,955,987,2301,1110,1191,2540,1208,1332,3020,1432,1588
12,74,11675,4000,7675,12052,3995,8057,12429,3991,8438,12167,4787,7380,11610,3572,8038,12559,3836,8723
12,80,189349,108397,80952,185418,101898,83520,181487,95399,86088,215244,105822,109422,249001,116246,132755,257583,120252,137331
12,119,2021,967,1054,2334,1074,1260,2608,1147,1461,3109,1326,1783,3615,1500,2115,3868,1641,2227
12,121,512,201,311,487,198,289,469,199,270,548,233,315,634,269,365,970,420,550
12,145,6902,2965,3937,6701,2816,3885,6742,2759,3983,6514,2788,3726,6530,2829,3701,6671,2916,3755
12,200,48450,17775,30675,46395,18625,27770,44509,19623,24886,49468,20538,28930,55388,19134,36254,65090,25445,39645
12,14,15,4,11,18,7,11,22,12,10,30,16,14,37,19,18,40,20,20
12,38,16,13,3,34,27,7,53,41,12,50,39,11,47,37,10,46,37,9
12,62,965,810,155,1072,895,177,1179,981,198,690,555,135,197,126,71,208,133,75
12,92,170,142,28,200,167,33,230,193,37,272,229,43,313,264,49,352,297,55
12,50,80,54,26,71,50,21,98,70,28,64,46,18,127,91,36,132,94,38
12,65,18,7,11,14,5,9,10,4,6,11,5,6,11,5,6,11,5,6
12,133,429,209,220,569,284,285,735,374,361,584,297,287,501,255,246,497,252,245
12,148,54,33,21,43,26,17,38,23,15,34,20,14,36,22,14,38,23,15
12,157,41,26,15,45,29,16,53,33,20,70,40,30,92,50,42,108,59,49
12,8,4256,1777,2479,3201,1354,1847,2146,932,1214,1583,701,882,1019,470,549,1022,471,551
12,24,170,86,84,169,80,89,166,72,94,152,67,85,137,62,75,159,72,87
12,28,4756,2174,2582,3988,1826,2162,3220,1479,1741,2789,1273,1516,2318,1047,1271,2791,1260,1531
12,42,594,275,319,559,266,293,523,256,267,424,235,189,325,214,111,536,302,234
12,46,280,142,138,246,126,120,212,110,102,187,99,88,195,106,89,209,115,94
12,63,182,102,80,205,115,90,227,128,99,268,154,114,376,212,164,546,306,240
12,160,140,77,63,123,67,56,144,78,66,169,92,77,183,100,83,197,108,89
12,225,1020,511,509,908,457,451,802,404,398,802,404,398,802,403,399,828,410,418
12,22,26,8,18,27,12,15,28,16,12,30,17,13,32,19,13,32,19,13
12,37,25600,12463,13137,23600,11439,12161,22161,10690,11471,19097,9343,9754,17180,8584,8596,19200,9587,9613
12,220,87673,31407,56266,74145,26805,47340,63648,23448,40200,58091,21577,36514,53247,19201,34046,49704,17831,31873
12,11,22977,12541,10436,23165,12535,10630,21660,11580,10080,21040,11180,9860,20170,10690,9480,20434,10674,9760
12,147,655,359,296,807,424,383,1170,570,600,1279,621,658,1320,640,680,1340,648,692
12,68,0,0,0,0,0,0,0,0,0,0,0,0,70,33,37,65,31,34
12,137,0,0,0,0,0,0,0,0,0,0,0,0,245,75,170,257,80,177
13,64,24,22,2,23,22,1,24,23,1,29,28,1,31,30,1,37,36,1
13,108,35789,19393,16396,35661,19146,16515,35532,18899,16633,40508,22048,18460,45483,25197,20286,48377,27154,21223
13,112,14455,6372,8083,11702,5495,6207,8768,4533,4235,7087,3635,3452,5299,2682,2617,4678,2355,2323
13,202,257,114,143,209,81,128,180,56,124,173,65,108,177,79,98,175,77,98
13,212,11793,5282,6511,10639,4731,5908,8497,3750,4747,8285,3756,4529,7698,3600,4098,7636,3635,4001
13,223,23261,11682,11579,22987,11422,11565,22744,11201,11543,22504,11378,11126,21360,11100,10260,20357,10745,9612
13,99,817,468,349,898,515,383,937,555,382,1124,666,458,12128,7427,4701,12007,7306,4701
13,9,464459,195541,268918,560521,235987,324534,525188,221595,303593,376174,155702,220472,142156,58630,83526,87675,36358,51317
13,55,9,4,5,13,5,8,16,6,10,24,9,15,38,15,23,39,15,24
13,79,7911,3642,4269,6433,3131,3302,4954,2620,2334,4563,2409,2154,4200,2213,1987,3891,2052,1839
13,103,14696,7009,7687,15271,7180,8091,14990,7034,7956,13969,6567,7402,13118,6165,6953,13529,6323,7206
13,211,4062,2202,1860,9832,5143,4689,15638,8093,7545,16114,8164,7950,16605,8228,8377,16856,8160,8696
13,18,15651,8959,6692,14826,8516,6310,14000,8073,5927,13806,7960,5846,13611,7846,5765,13493,7781,5712
13,31,8,4,4,466,210,256,923,415,508,1526,706,820,2064,965,1099,1968,894,1074
13,56,45,25,20,68,38,30,91,52,39,406,224,182,687,385,302,1099,636,463
13,95,134,65,69,119,57,62,103,48,55,127,59,68,151,71,80,159,78,81
13,162,356,164,192,304,138,166,260,115,145,263,131,132,276,150,126,265,146,119
13,167,3750,1651,2099,2531,1115,1416,1708,753,955,1199,759,440,1086,417,669,984,348,636
13,170,936852,459725,477127,905728,481763,423965,841759,486490,355269,805658,457244,348414,752975,418800,334175,767339,425084,342255
13,187,4,3,1,11,4,7,23,8,15,26,9,17,29,10,19,36,13,23
13,216,81482,34915,46567,87250,43333,43917,94083,52279,41804,85967,47823,38144,82025,45681,36344,82299,45884,36415
13,59,84,27,57,90,29,61,95,30,65,187,77,110,278,124,154,309,132,177
13,68,2211,1358,853,1824,1106,718,1437,855,582,1525,901,624,1600,937,663,1486,870,616
13,73,0,0,0,4,1,3,8,3,5,48,19,29,87,34,53,148,60,88
13,96,2,1,1,3,1,2,3,1,2,5,1,4,7,2,5,13,5,8
13,101,10,6,4,27,14,13,59,32,27,59,34,25,49,26,23,50,26,24
13,114,1399,1002,397,2254,1435,819,3109,1868,1241,2806,1674,1132,2433,1422,1011,2040,1182,858
13,120,2193,1508,685,1711,1178,533,1340,922,418,1271,859,412,1031,660,371,873,552,321
13,153,0,0,0,3,0,3,63,25,38,188,81,107,368,156,212,511,224,287
13,199,148,44,104,176,51,125,189,54,135,713,295,418,2107,996,1111,2882,1393,1489
13,218,77,46,31,307,152,155,544,260,284,1598,743,855,2783,1295,1488,3126,1433,1693
13,83,171,94,77,277,124,153,387,153,234,453,178,275,518,202,316,507,185,322
13,104,6,2,4,52,20,32,98,39,59,404,128,276,709,217,492,709,208,501
13,163,2,1,1,5,3,2,10,5,5,37,22,15,58,35,23,63,36,27
13,193,35,15,20,54,24,30,655,324,331,315,153,162,499,238,261,616,283,333
13,12,592,306,286,668,351,317,744,396,348,832,433,399,919,470,449,1076,554,522
13,19,45,22,23,38,19,19,29,15,14,394,178,216,668,314,354,1206,646,560
13,74,400,203,197,413,206,207,426,210,216,2560,1189,1371,3801,1835,1966,4112,1978,2134
13,80,600,325,275,6621,3367,3254,12642,6409,6233,15592,7731,7861,18541,9053,9488,19180,9365,9815
13,145,40,17,23,58,23,35,81,31,50,539,270,269,594,301,293,728,386,342
13,200,119,57,62,225,110,115,333,164,169,408,191,217,492,201,291,578,260,318
13,50,2,1,1,2,1,1,2,1,1,1,0,1,3,2,1,3,2,1
13,24,0,0,0,1,0,1,2,1,1,2,1,1,1,0,1,1,0,1
13,42,3,0,3,3,1,2,2,1,1,2,1,1,2,1,1,5,3,2
13,37,1041,507,534,1045,506,539,1074,518,556,1960,974,986,2963,1491,1472,3311,1665,1646
13,220,9026,4415,4611,11382,5615,5767,14205,7064,7141,15311,7651,7660,16605,8155,8450,19799,9695,10104
13,11,99,44,55,128,54,74,150,60,90,300,130,170,480,220,260,538,221,317
14,64,11,1,10,11,2,9,11,2,9,13,3,10,14,3,11,17,2,15
14,142,74,19,55,70,18,52,67,17,50,52,13,39,50,13,37,45,12,33
14,55,0,0,0,0,0,0,0,0,0,0,0,0,0,0,0,0,0,0
14,31,1,1,0,2,1,1,2,0,2,3,0,3,4,0,4,4,0,4
14,95,1,1,0,3,2,1,5,3,2,6,4,2,7,5,2,6,4,2
14,59,5,1,4,7,1,6,9,2,7,12,4,8,14,6,8,18,8,10
14,73,1,0,1,2,0,2,3,1,2,6,3,3,8,4,4,10,6,4
14,96,1,0,1,1,0,1,1,0,1,3,1,2,4,2,2,8,4,4
14,101,5,3,2,14,7,7,31,16,15,31,17,14,26,14,12,27,15,12
14,153,7,4,3,8,4,4,9,4,5,8,4,4,14,8,6,20,11,9
14,199,12,10,2,14,12,2,16,13,3,26,19,7,27,20,7,29,22,7
14,218,250,150,100,984,481,503,1735,818,917,1719,802,917,1844,861,983,2071,952,1119
14,83,21,12,9,21,10,11,21,8,13,22,9,13,23,11,12,23,11,12
14,104,6,2,4,17,5,12,27,8,19,60,21,39,93,35,58,93,34,59
14,193,5,3,2,9,5,4,116,65,51,56,31,25,53,27,26,58,28,30
14,12,13,7,6,15,8,7,16,9,7,18,10,8,19,10,9,22,12,10
14,19,2,1,1,2,1,1,1,0,1,4,2,2,2,1,1,2,0,2
14,74,64,26,38,67,27,40,69,27,42,42,16,26,42,16,26,45,17,28
14,145,24,15,9,34,21,13,48,28,20,54,30,24,54,28,26,56,33,23
14,200,75,38,37,79,43,36,84,47,37,96,52,44,111,55,56,130,69,61
14,7,5,2,3,4,2,2,2,1,1,2,1,1,2,1,1,2,1,1
14,17,55,25,30,59,27,32,64,29,35,55,25,30,47,20,27,49,21,28
14,25,44,21,23,91,43,48,139,65,74,148,70,78,19,5,14,21,6,15
14,29,14,5,9,16,5,11,18,5,13,21,6,15,23,6,17,26,7,19
14,38,59,31,28,125,65,60,191,99,92,181,95,86,171,90,81,168,88,80
14,61,5,2,3,6,2,4,7,2,5,8,3,5,10,4,6,12,5,7
14,62,91,39,52,101,42,59,111,45,66,74,36,38,37,28,9,39,29,10
14,85,17,8,9,22,11,11,27,13,14,28,14,14,30,15,15,30,15,15
14,105,518,255,263,616,302,314,713,348,365,695,341,354,677,335,342,662,327,335
14,173,5,2,3,8,4,4,11,6,5,19,11,8,21,13,8,24,15,9
14,174,6,4,2,7,5,2,10,7,3,12,9,3,13,9,4,13,9,4
14,213,840,435,405,649,342,307,459,249,210,255,138,117,51,26,25,12,5,7
14,50,10,7,3,8,6,2,9,7,2,6,5,1,12,9,3,12,9,3
14,148,23,12,11,19,10,9,45,23,22,73,36,37,78,39,39,84,43,41
14,24,9,7,2,5,4,1,0,0,0,0,0,0,0,0,0,0,0,0
14,42,1,1,0,1,1,0,1,1,0,1,1,0,1,1,0,2,2,0
14,63,16,9,7,18,10,8,20,11,9,24,14,10,33,19,14,48,28,20
14,91,4,2,2,6,3,3,8,4,4,11,5,6,13,6,7,15,7,8
14,37,1061,517,544,1153,559,594,1273,615,658,1556,792,764,1933,1020,913,2160,1139,1021
14,220,21633,8852,12781,24356,10073,14283,28076,11752,16324,28259,11908,16351,28789,11844,16945,33617,13773,19844
14,11,178,92,86,230,109,121,270,120,150,260,100,160,260,100,160,316,157,159
14,28,0,0,0,0,0,0,0,0,0,7,2,5,15,5,10,18,6,12
14,54,0,0,0,0,0,0,0,0,0,0,0,0,75,37,38,81,40,41
15,64,382,153,229,325,140,185,294,139,155,350,177,173,378,184,194,448,188,260
15,118,1091,442,649,894,465,429,712,505,207,784,597,187,859,656,203,968,736,232
15,142,72,20,52,68,19,49,65,18,47,51,14,37,49,14,35,44,13,31
15,191,161,86,75,100,44,56,69,12,57,82,13,69,131,19,112,177,26,151
15,161,19,13,6,3688,1841,1847,8381,4150,4231,4150,2073,2077,110,54,56,111,54,57
15,16,89,82,7,10375,8964,1411,20661,17847,2814,24592,21293,3299,28523,24739,3784,30160,26198,3962
15,194,4,2,2,50,40,10,97,68,29,194,100,94,393,206,187,390,201,189
15,55,27,15,12,38,20,18,49,26,23,72,38,34,115,61,54,120,64,56
15,107,143,61,82,330,186,144,515,311,204,745,487,258,958,645,313,449,270,179
15,111,189,19,170,231,48,183,363,97,266,537,177,360,847,307,540,1297,357,940
15,115,65,28,37,150,80,70,234,132,102,183,106,77,132,81,51,111,53,58
15,154,106,50,56,294,139,155,400,205,195,366,193,173,393,220,173,891,507,384
15,165,54,15,39,91,37,54,116,55,61,275,143,132,659,420,239,764,506,258
15,195,8351,4064,4287,8161,3951,4210,7971,3837,4134,8305,3976,4329,8640,4116,4524,8555,4065,4490
15,217,231,58,173,498,169,329,795,286,509,831,329,502,1679,758,921,0,0,0
15,31,1,1,0,3,2,1,4,2,2,6,3,3,8,4,4,16,7,9
15,56,6,5,1,9,8,1,12,11,1,15,13,2,16,14,2,13,11,2
15,95,13,8,5,12,7,5,10,5,5,12,6,6,14,8,6,15,9,6
15,59,67,35,32,81,41,40,95,47,48,88,44,44,81,41,40,92,51,41
15,73,2,1,1,3,1,2,3,1,2,10,7,3,16,12,4,23,19,4
15,96,0,0,0,1,1,0,1,1,0,1,1,0,1,1,0,1,1,0
15,101,16,8,8,44,21,23,96,47,49,96,50,46,80,38,42,82,39,43
15,114,0,0,0,0,0,0,0,0,0,0,0,0,0,0,0,0,0,0
15,153,6,3,3,12,6,6,18,10,8,21,11,10,25,12,13,31,15,16
15,199,42,26,16,50,31,19,54,33,21,54,34,20,70,43,27,88,52,36
15,218,583,364,219,2295,1195,1100,4047,2043,2004,4621,2352,2269,5573,2875,2698,6261,3190,3071
15,83,5,3,2,15,8,7,26,13,13,25,14,11,24,15,9,23,14,9
15,104,0,0,0,2,0,2,3,0,3,27,12,15,50,23,27,50,23,27
15,193,3,2,1,6,4,2,72,48,24,35,23,12,43,28,15,56,34,22
15,12,12,6,6,13,6,7,14,7,7,16,8,8,18,9,9,21,11,10
15,19,2,2,0,2,2,0,1,1,0,2,2,0,2,1,1,3,3,0
15,74,55,27,28,57,27,30,58,27,31,143,72,71,149,67,82,161,72,89
15,145,49,24,25,71,34,37,98,45,53,112,50,62,104,50,54,121,61,60
15,200,78,44,34,150,83,67,224,122,102,240,128,112,262,127,135,307,160,147
15,62,21,18,3,24,20,4,26,22,4,23,19,4,20,17,3,21,18,3
15,50,1,1,0,1,1,0,1,1,0,1,1,0,1,1,0,1,1,0
15,8,28,19,9,27,18,9,26,17,9,19,12,7,12,8,4,12,8,4
15,24,0,0,0,1,1,0,1,1,0,1,1,0,0,0,0,0,0,0
15,42,3,2,1,3,2,1,2,1,1,2,1,1,2,2,0,5,5,0
15,37,297,145,152,802,387,415,1327,640,687,1681,870,811,2137,1156,981,2388,1291,1097
15,11,493,248,245,650,338,312,770,410,360,1070,580,490,1340,740,600,1656,905,751
15,28,0,0,0,0,0,0,0,0,0,13,13,0,26,26,0,31,31,0
15,68,0,0,0,0,0,0,0,0,0,0,0,0,1,0,1,1,0,1
16,131,71,21,50,150,55,95,313,102,211,3672,1190,2482,7235,2463,4772,8327,3103,5224
16,183,11,4,7,14,8,6,17,12,5,107,84,23,197,155,42,221,216,5
16,215,50,9,41,49,8,41,151,25,126,150,25,125,149,24,125,148,24,124
16,64,112,89,23,143,121,22,186,164,22,221,196,25,239,211,28,283,245,38
16,118,318,252,66,613,554,59,919,866,53,1013,966,47,1109,1058,51,1250,1192,58
16,142,48,30,18,45,28,17,44,27,17,34,21,13,32,20,12,29,19,10
16,191,2469,1763,706,1540,1136,404,1049,815,234,1255,969,286,2107,1579,528,2908,2181,727
16,43,1858,631,1227,2376,896,1480,2895,1161,1734,3193,1482,1711,3492,1803,1689,4018,2163,1855
16,44,297,194,103,332,216,116,366,238,128,400,253,147,435,269,166,444,268,176
16,57,74,21,53,86,27,59,97,33,64,118,44,74,138,54,84,152,60,92
16,106,2110,1075,1035,5003,2402,2601,7177,3316,3861,9597,4371,5226,10175,4576,5599,8869,3956,4913
16,166,658,654,4,4103,4078,25,8855,8802,53,7311,7101,210,8664,8200,464,13733,12918,815
16,30,659,593,66,908,818,90,1156,1042,114,1182,1066,116,1208,1090,118,1234,1114,120
16,124,23930,22967,963,33453,23327,10126,46489,25950,20539,182131,101133,80998,343000,192665,150335,358432,205641,152791
16,141,1370,1158,212,1557,1236,321,1359,1043,316,1154,889,265,1065,826,239,1024,797,227
16,161,70,39,31,361,168,193,754,342,412,444,203,241,156,69,87,158,69,89
16,185,8818,5840,2978,18587,12247,6340,30155,19725,10430,47991,28036,19955,68502,37883,30619,80747,44153,36594
16,203,725,438,287,1211,714,497,1949,1127,822,1567,898,669,1299,748,551,1022,592,430
16,205,103,60,43,112,62,50,122,64,58,130,73,57,127,83,44,125,82,43
16,226,225,215,10,523,355,168,1244,719,525,4129,2399,1730,6540,3596,2944,7895,4306,3589
16,23,24,16,8,28,19,9,33,23,10,41,28,13,49,33,16,52,35,17
16,97,4375155,2324893,2050262,4127135,2180615,1946520,3879114,2036336,1842778,3584076,1877540,1706536,3289037,1718743,1570294,3171022,1655225,1515797
16,125,1623,892,731,3574,1788,1786,5286,2914,2372,20163,12447,7716,39774,25935,13839,53565,37656,15909
16,144,500,43,457,577,109,468,522,174,348,452,122,330,243,123,120,233,118,115
16,194,7,5,2,85,75,10,164,136,28,326,240,86,658,488,170,653,482,171
16,15,20442,18393,2049,24630,21000,3630,28889,23621,5268,49900,42486,7414,81920,70746,11174,78396,67542,10854
16,55,162,159,3,229,224,5,296,290,6,433,424,9,694,680,14,725,710,15
16,107,948,651,297,4677,3329,1348,8402,6014,2388,17487,13212,4275,26192,20025,6167,12266,8746,3520
16,111,126783,109188,17595,110044,91689,18355,136047,110012,26035,175015,146554,28461,257626,219990,37636,350229,292017,58212
16,115,433,297,136,2124,1460,664,3814,2622,1192,3717,2619,1098,3619,2616,1003,3046,1464,1582
16,154,50041,49323,718,82653,78117,4536,92034,85448,6586,92947,86008,6939,108861,100762,8099,346068,323087,22981
16,165,36556,33076,3480,43199,38020,5179,43402,37323,6079,75689,66805,8884,169370,155268,14102,160183,147723,12460
16,180,479380,357396,121984,491297,366551,124746,504790,377555,127235,623564,470864,152700,808485,626506,181979,967223,726705,240518
16,211,79,73,6,192,177,15,307,282,25,316,290,26,325,298,27,329,301,28
16,217,154869,139177,15692,219911,188280,31631,297610,247843,49767,408976,350939,58037,919365,803842,115523,906483,791320,115163
16,31,22,18,4,150,81,69,278,144,134,450,235,215,603,316,287,575,302,273
16,56,8,7,1,12,10,2,16,13,3,70,61,9,118,105,13,162,144,18
16,95,60,52,8,53,46,7,46,40,6,57,50,7,68,60,8,71,57,14
16,162,60,57,3,51,49,2,44,42,2,72,64,8,103,88,15,100,86,14
16,169,3,2,1,5,5,0,7,6,1,8,7,1,10,8,2,119,113,6
16,170,1280,628,652,1035,658,377,753,664,89,614,538,76,463,401,62,471,407,64
16,59,241,78,163,320,124,196,398,170,228,553,266,287,708,363,345,1086,579,507
16,73,115,93,22,231,167,64,347,242,105,881,636,245,1414,1029,385,2339,1590,749
16,96,0,0,0,0,0,0,0,0,0,0,0,0,0,0,0,9,9,0
16,101,157,77,80,557,265,292,1264,623,641,2413,1615,798,3164,2240,924,3232,2276,956
16,114,3,3,0,4,4,0,5,5,0,6,6,0,8,8,0,6,6,0
16,153,558,350,208,492,245,247,485,223,262,558,248,310,718,348,370,1000,544,456
16,199,2307,1254,1053,2738,1479,1259,2937,1577,1360,3924,2207,1717,6289,3969,2320,7310,4344,2966
16,218,102380,54463,47917,124761,64825,59936,149241,76122,73119,170124,87859,82265,204858,107545,97313,230143,119346,110797
16,83,7665,4245,3420,6129,4374,1755,4694,4544,150,7361,6981,380,10027,9418,609,9812,9191,621
16,104,5421,4827,594,14361,10172,4189,23300,15516,7784,60160,43594,16566,97019,71672,25347,97036,71231,25805
16,127,6,3,3,8,4,4,9,5,4,13,6,7,14,11,3,17,14,3
16,163,76,72,4,165,155,10,261,244,17,849,658,191,1297,963,334,1424,1042,382
16,193,248,205,43,387,311,76,693,551,142,4383,3698,685,10533,8567,1966,10033,7455,2578
16,12,1508,1007,501,1701,1145,556,1894,1283,611,2117,1417,700,2340,1552,788,2737,1821,916
16,19,268,179,89,397,264,133,515,343,172,781,469,312,949,581,368,2350,1802,548
16,74,2198,1432,766,2269,1465,804,2340,1498,842,3164,2041,1123,4618,2923,1695,4995,3156,1839
16,80,4767,4373,394,5304,4507,797,5841,4641,1200,6583,4680,1903,7324,4719,2605,7576,4881,2695
16,121,29,17,12,27,16,11,26,15,11,22,14,8,20,13,7,32,20,12
16,145,401,145,256,590,205,385,800,270,530,994,342,652,1121,434,687,1335,544,791
16,200,730,571,159,1055,789,266,1385,1010,375,1576,1116,460,1799,1201,598,2114,1461,653
16,50,13,1,12,6,1,5,2,2,0,1,1,0,3,3,0,3,3,0
16,65,11,11,0,9,9,0,6,6,0,6,6,0,6,6,0,6,6,0
16,133,35,23,12,24,16,8,15,10,5,30,23,7,49,38,11,72,58,14
16,157,7,7,0,9,9,0,13,13,0,23,20,3,35,28,7,42,33,9
16,24,5,3,2,11,9,2,16,15,1,20,19,1,24,23,1,28,27,1
16,42,0,0,0,3,2,1,6,5,1,5,4,1,3,3,0,5,5,0
16,37,4203,2046,2157,13101,6328,6773,22310,10762,11548,33080,16809,16271,45838,23911,21927,51227,26707,24520
16,220,21414,14219,7195,57185,38191,18994,95294,63784,31510,122714,61313,61401,151639,74456,77183,186028,91064,94964
16,11,2315,1388,927,5562,3322,2240,8480,5070,3410,16130,9920,6210,29590,17610,11980,37092,21114,15978
16,147,252,164,88,791,456,335,1155,563,592,1374,667,707,1463,709,754,1530,740,790
16,72,1368,654,714,1334,654,680,1287,642,645,1235,652,583,1326,709,617,1366,738,628
16,152,434,421,13,590,563,27,783,755,28,698,670,28,413,392,21,370,352,18
16,28,0,0,0,0,0,0,0,0,0,22,22,0,45,45,0,54,54,0
16,68,0,0,0,0,0,0,0,0,0,0,0,0,12,10,2,11,9,2
17,191,30,19,11,18,12,6,13,10,3,15,12,3,24,19,5,30,24,6
17,31,1,0,1,2,0,2,2,0,2,3,0,3,4,1,3,4,1,3
17,56,3,1,2,5,1,4,7,2,5,4,1,3,1,1,0,2,2,0
17,95,0,0,0,2,1,1,3,1,2,4,2,2,5,3,2,2,0,2
17,59,17,11,6,21,13,8,24,14,10,29,18,11,34,22,12,34,23,11
17,73,4,4,0,6,5,1,7,5,2,10,8,2,12,10,2,13,12,1
17,96,0,0,0,1,1,0,1,1,0,2,1,1,2,1,1,1,1,0
17,101,4,2,2,11,5,6,23,11,12,22,11,11,18,8,10,18,8,10
17,114,2,1,1,2,1,1,3,2,1,1,1,0,0,0,0,0,0,0
17,153,9,5,4,14,9,5,20,12,8,21,11,10,20,12,8,22,15,7
17,199,79,57,22,94,68,26,101,72,29,107,77,30,115,79,36,112,80,32
17,218,21736,10751,10985,21135,10371,10764,20891,10138,10753,18706,9021,9685,18045,8733,9312,20271,9669,10602
17,83,6,3,3,7,4,3,8,5,3,10,7,3,11,8,3,11,8,3
17,104,3,1,2,13,7,6,22,12,10,36,18,18,50,24,26,50,24,26
17,193,3,1,2,6,3,3,72,36,36,35,17,18,36,15,21,43,22,21
17,12,12,6,6,13,6,7,14,7,7,16,8,8,18,9,9,21,11,10
17,19,5,1,4,5,1,4,5,1,4,7,2,5,6,2,4,3,0,3
17,74,42,19,23,44,20,24,45,20,25,69,34,35,71,31,40,77,34,43
17,145,37,23,14,54,33,21,74,44,30,75,42,33,67,38,29,82,44,38
17,200,44,23,21,47,27,20,52,32,20,61,36,25,73,40,33,85,49,36
17,7,204,98,106,226,122,104,248,146,102,266,156,110,284,167,117,302,177,125
17,14,234,149,85,171,107,64,108,66,42,164,103,61,220,141,79,238,152,86
17,25,142,44,98,296,91,205,451,139,312,480,148,332,57,47,10,64,53,11
17,29,94,60,34,111,70,41,127,80,47,146,92,54,164,103,61,182,114,68
17,38,65,47,18,137,99,38,210,151,59,189,130,59,169,109,60,166,107,59
17,61,61,33,28,80,43,37,95,51,44,117,63,54,143,78,65,167,91,76
17,85,101,50,51,131,65,66,161,80,81,168,84,84,176,88,88,178,89,89
17,105,418,205,213,497,243,254,575,281,294,560,275,285,545,269,276,533,263,270
17,173,41,17,24,56,24,32,79,35,44,87,39,48,94,43,51,96,45,51
17,174,324,164,160,437,223,214,600,308,292,698,359,339,736,380,356,778,402,376
17,176,303,171,132,315,178,137,328,186,142,334,185,149,340,189,151,347,193,154
17,186,0,0,0,0,0,0,0,0,0,35,17,18,70,34,36,73,36,37
17,209,2411,1253,1158,2188,1135,1053,1573,795,778,1688,852,836,1029,485,544,1066,512,554
17,221,289,149,140,324,167,157,361,186,175,364,189,175,368,192,176,368,192,176
17,50,8,6,2,6,4,2,8,5,3,5,3,2,11,7,4,11,7,4
17,65,64,31,33,50,24,26,35,17,18,37,18,19,38,19,19,40,20,20
17,157,137,53,84,88,34,54,46,17,29,36,15,21,28,14,14,32,15,17
17,8,16,0,16,16,0,16,16,1,15,12,1,11,7,1,6,7,1,6
17,24,7,5,2,4,3,1,0,0,0,0,0,0,0,0,0,0,0,0
17,42,23,11,12,14,6,8,4,1,3,3,1,2,2,1,1,5,3,2
17,91,156,80,76,186,96,90,216,113,103,223,118,105,229,122,107,268,143,125
17,225,241,116,125,142,69,73,83,40,43,43,22,21,23,12,11,7,5,2
17,37,14225,6926,7299,14373,6965,7408,14862,7170,7692,14688,6922,7766,15397,7112,8285,17207,7942,9265
17,220,43015,19387,23628,46640,21204,25436,52172,23969,28203,52145,24092,28053,52759,23886,28873,54780,24714,30066
17,11,301,169,132,345,195,150,370,210,160,380,210,170,430,230,200,443,232,211
17,28,0,0,0,0,0,0,0,0,0,13,3,10,27,7,20,33,9,24
17,68,0,0,0,0,0,0,0,0,0,0,0,0,1,1,0,1,1,0
17,54,0,0,0,0,0,0,0,0,0,0,0,0,176,31,145,191,34,157
18,64,246,105,141,216,90,126,204,82,122,243,107,136,262,110,152,311,107,204
18,118,702,301,401,625,289,336,560,290,270,617,373,244,675,411,264,761,460,301
18,191,113,55,58,93,47,46,100,50,50,119,58,61,191,93,98,218,107,111
18,108,72545,34517,38028,61663,29155,32508,50780,23792,26988,57891,27940,29951,65001,32087,32914,69136,34701,34435
18,112,30187,12466,17721,24823,9986,14837,19072,7350,11722,15285,5822,9463,11267,4207,7060,9947,3679,6268
18,202,893,393,500,771,317,454,720,274,446,694,283,411,710,313,397,703,305,398
18,212,3259,2029,1230,5390,3344,2046,4305,2661,1644,4197,2629,1568,3900,2481,1419,3868,2483,1385
18,223,37057,17213,19844,33291,15469,17822,28456,12998,15458,28636,13382,15254,27674,13228,14446,26532,12881,13651
18,9,1280,380,900,929,294,635,743,253,490,492,178,314,410,158,252,328,127,201
18,13,626,114,512,549,127,422,554,122,432,525,103,422,481,108,373,459,111,348
18,55,84,21,63,119,26,93,154,32,122,226,46,180,362,78,284,378,84,294
18,79,16521,7161,9360,13650,5741,7909,10779,4321,6458,9825,3935,5890,8929,3571,5358,8272,3313,4959
18,103,33049,15568,17481,32968,15187,17781,31040,14145,16895,26567,11912,14655,22417,9795,12622,23119,10038,13081
18,211,72,20,52,175,43,132,280,67,213,288,64,224,296,60,236,300,56,244
18,31,89,17,72,198,39,159,307,61,246,465,102,363,603,138,465,707,164,543
18,56,322,138,184,483,215,268,644,292,352,2344,988,1356,3852,1668,2184,4094,1716,2378
18,95,91,46,45,125,49,76,159,52,107,196,66,130,233,80,153,208,74,134
18,162,148245,62588,85657,126812,52423,74389,108478,43874,64604,92167,35936,56231,78747,28755,49992,75926,28309,47617
18,167,13665,6077,7588,8547,3764,4783,5768,2540,3228,4049,1599,2450,3669,1409,2260,3326,1177,2149
18,170,809353,397159,412194,886234,416615,469619,930977,421140,509837,849214,376057,473157,749972,323523,426449,764279,327520,436759
18,187,60,18,42,87,22,65,140,33,107,158,40,118,177,47,130,215,61,154
18,216,403448,172877,230571,339992,142945,197047,280687,114758,165929,256474,105069,151405,244715,100452,144263,245534,100989,144545
18,59,125,33,92,135,36,99,144,39,105,396,134,262,647,228,419,711,223,488
18,68,23870,11343,12527,19313,8802,10511,14756,6262,8494,13834,5724,8110,12796,5106,7690,11883,4733,7150
18,73,0,0,0,16,6,10,32,13,19,131,56,75,229,99,130,384,134,250
18,96,0,0,0,1,1,0,1,1,0,21,6,15,41,12,29,42,13,29
18,101,117,52,65,325,138,187,712,314,398,714,339,375,598,260,338,611,261,350
18,114,60530,26196,34334,69060,27849,41211,77583,29500,48083,67044,25008,42036,54799,19259,35540,45962,15800,30162
18,120,80249,34760,45489,71602,31169,40433,56088,24352,31736,52280,22282,29998,41370,15662,25708,35005,12774,22231
18,153,0,0,0,36,19,17,108,31,77,399,109,290,683,194,489,996,299,697
18,199,352,122,230,418,142,276,449,151,298,1099,403,696,2049,781,1268,2785,1078,1707
18,218,310,204,106,703,343,360,1108,487,621,2557,881,1676,4215,1363,2852,4734,1488,3246
18,52,0,0,0,0,0,0,0,0,0,47,8,39,93,16,77,94,16,78
18,83,592,327,265,573,244,329,564,160,404,1027,271,756,1489,381,1108,1457,328,1129
18,104,93,32,61,884,106,778,1674,179,1495,17026,8609,8417,32377,17039,15338,32383,16768,15615
18,127,3,0,3,4,0,4,10,0,10,19,2,17,27,1,26,33,2,31
18,163,38,24,14,82,51,31,131,81,50,526,269,257,834,412,422,916,433,483
18,182,16,3,13,104,16,88,142,19,123,141,18,123,138,17,121,134,16,118
18,188,16,8,8,34,13,21,54,18,36,68,27,41,112,29,83,149,48,101
18,193,54,19,35,145,54,91,300,115,185,2626,1089,1537,3530,1222,2308,3886,1207,2679
18,12,918,240,678,1036,283,753,1153,326,827,1289,342,947,1425,359,1066,1667,427,1240
18,19,581,205,376,577,203,374,557,197,360,893,318,575,1410,517,893,1675,637,1038
18,74,1126,452,674,1163,455,708,1199,458,741,2388,731,1657,3143,1161,1982,3400,1249,2151
18,80,1190,437,753,10522,3783,6739,19854,7130,12724,22268,7530,14738,24681,7929,16752,25532,8203,17329
18,121,42,3,39,39,3,36,38,3,35,32,4,28,28,5,23,42,6,36
18,145,14,9,5,19,12,7,27,16,11,135,65,70,198,92,106,284,132,152
18,200,140,47,93,449,149,300,761,253,508,880,257,623,1017,207,810,1195,310,885
18,50,5,3,2,4,2,2,4,2,2,3,2,1,5,2,3,5,2,3
18,8,669,284,385,653,281,372,637,278,359,470,209,261,303,141,162,304,141,163
18,24,0,0,0,2,1,1,4,2,2,4,2,2,4,2,2,5,3,2
18,42,6,2,4,6,2,4,6,3,3,5,3,2,3,2,1,5,3,2
18,37,4227,2058,2169,4245,2057,2188,4363,2105,2258,7180,3401,3779,10429,4912,5517,11655,5486,6169
18,220,21579,10556,11023,29439,14531,14908,38503,19147,19356,45718,22845,22873,53494,26269,27225,56701,27760,28941
18,11,260,128,132,829,379,450,1350,610,740,1590,690,900,1850,750,1100,2057,852,1205
18,28,0,0,0,0,0,0,0,0,0,4,4,0,8,8,0,10,10,0
19,33,642,315,327,621,303,318,475,231,244,466,224,242,497,236,261,605,288,317
19,131,76,60,16,35,29,6,15,12,3,57,45,12,103,80,23,118,93,25
19,183,32,15,17,26,16,10,20,17,3,27,14,13,34,11,23,38,13,25
19,215,45,25,20,44,24,20,47,24,23,46,24,22,46,24,22,45,24,21
19,77,154,84,70,184,100,84,236,129,107,259,142,117,295,162,133,324,177,147
19,64,672,337,335,521,256,265,411,196,215,489,249,240,528,259,269,626,265,361
19,118,1918,967,951,1197,599,598,496,254,242,547,329,218,599,363,236,675,406,269
19,139,959,508,451,880,459,421,927,477,450,951,482,469,1064,537,527,1426,716,710
19,142,272,136,136,260,131,129,242,122,120,191,96,95,184,93,91,168,85,83
19,191,5864,2737,3127,4009,2020,1989,3291,1796,1495,3939,2105,1834,6287,3336,2951,8538,4536,4002
19,34,14,7,7,19,10,9,24,13,11,17,9,8,10,6,4,10,6,4
19,89,207,122,85,238,151,87,257,161,96,467,253,214,725,372,353,807,415,392
19,130,56,25,31,59,29,30,60,33,27,60,34,26,60,35,25,60,36,24
19,206,24,16,8,28,19,9,32,22,10,37,26,11,56,38,18,65,44,21
19,106,402,205,197,433,208,225,525,243,282,657,300,357,697,314,383,628,281,347
19,161,76,57,19,405,199,206,848,394,454,670,311,359,524,236,288,533,241,292
19,55,65,32,33,92,43,49,119,55,64,174,80,94,279,130,149,291,137,154
19,103,3657,1642,2015,4294,1902,2392,4690,2080,2610,5219,2325,2894,5811,2593,3218,5993,2658,3335
19,107,33,17,16,61,29,32,88,41,47,127,68,59,164,93,71,77,37,40
19,211,4703,2287,2416,6415,3078,3337,8152,3874,4278,8400,3892,4508,8656,3906,4750,8787,3857,4930
19,18,28,20,8,33,21,12,38,23,15,37,22,15,35,21,14,36,21,15
19,31,14,11,3,98,60,38,181,109,72,293,177,116,393,238,155,1061,595,466
19,56,186,105,81,279,161,118,372,217,155,419,281,138,431,327,104,610,465,145
19,95,98,43,55,601,298,303,1104,553,551,1364,696,668,1624,839,785,1915,1004,911
19,162,3969,1967,2002,3395,1657,1738,2904,1394,1510,4094,2052,2042,5413,2760,2653,5219,2692,2527
19,169,273,109,164,254,126,128,223,127,96,583,292,291,914,474,440,223,117,106
19,170,859,422,437,857,443,414,824,447,377,650,357,293,463,260,203,471,263,208
19,187,62,27,35,259,150,109,529,314,215,594,357,237,666,404,262,807,498,309
19,59,727,333,394,980,478,502,1233,623,610,1501,765,736,1768,907,861,2052,1072,980
19,73,114,61,53,144,82,62,173,102,71,323,208,115,473,314,159,722,470,252
19,96,34,15,19,56,26,30,77,36,41,92,45,47,106,54,52,106,53,53
19,101,471,230,241,507,239,268,822,402,420,1321,659,662,1603,725,878,1638,730,908
19,114,14,9,5,21,13,8,28,17,11,72,42,30,116,67,49,97,56,41
19,120,30,22,8,34,24,10,26,19,7,123,77,46,205,123,82,174,103,71
19,153,782,349,433,818,381,437,886,424,462,995,489,506,1306,663,643,1672,873,799
19,199,943,487,456,1119,574,545,1201,612,589,1458,771,687,1904,1022,882,2422,1315,1107
19,218,16085,5609,10476,18359,7036,11323,20943,8553,12390,22525,9719,12806,25941,11800,14141,29142,13042,16100
19,4,241,129,112,241,128,113,241,127,114,255,135,120,231,122,109,202,111,91
19,52,192,89,103,205,89,116,197,81,116,285,128,157,373,176,197,375,176,199
19,83,5284,2304,2980,4916,2112,2804,4629,1905,2724,4933,2044,2889,5236,2183,3053,5124,2013,3111
19,104,14298,3989,10309,11695,3452,8243,9092,2915,6177,27739,11579,16160,46385,20242,26143,46393,19778,26615
19,127,19,9,10,23,11,12,58,29,29,93,46,47,155,88,67,194,114,80
19,163,1464,657,807,2120,984,1136,2862,1354,1508,3205,1549,1656,3017,1491,1526,3312,1565,1747
19,182,13,8,5,108,63,45,184,105,79,228,129,99,223,126,97,217,122,95
19,188,250,116,134,239,116,123,229,115,114,294,143,151,398,183,215,314,156,158
19,193,16881,7825,9056,20333,9673,10660,32533,15970,16563,37120,18455,18665,41797,20980,20817,43052,21465,21587
19,12,1418,679,739,1600,780,820,1782,881,901,1992,961,1031,2201,1040,1161,2575,1225,1350
19,74,127976,54338,73638,132113,54815,77298,136250,55293,80957,138343,60781,77562,141648,55817,85831,153220,60075,93145
19,80,21902,11095,10807,22307,10953,11354,22711,10810,11901,28247,13480,14767,33783,16150,17633,34947,16706,18241
19,119,1,1,0,11,7,4,22,13,9,31,16,15,41,19,22,41,19,22
19,121,11205,5322,5883,11879,5818,6061,12679,6385,6294,12758,6422,6336,12979,6529,6450,19836,10117,9719
19,145,41730,18747,22983,42604,18737,23867,44982,19323,25659,47034,20383,26651,49330,21613,27717,54038,24288,29750
19,200,9525,4339,5186,10118,4964,5154,10749,5623,5126,12167,6064,6103,13822,6049,7773,16243,7743,8500
19,14,8,3,5,14,8,6,20,13,7,24,15,9,28,17,11,30,18,12
19,38,4,2,2,9,5,4,14,7,7,13,7,6,12,6,6,11,6,5
19,62,490,303,187,544,331,213,598,360,238,422,255,167,243,149,94,256,157,99
19,86,186,90,96,248,117,131,310,144,166,378,189,189,446,234,212,463,241,222
19,129,58,28,30,87,40,47,116,52,64,121,53,68,127,54,73,131,54,77
19,50,200,115,85,169,100,69,223,132,91,146,86,60,288,169,119,300,176,124
19,65,95,48,47,72,36,36,49,24,25,50,25,25,50,25,25,52,26,26
19,94,19,13,6,19,13,6,19,13,6,19,13,6,18,12,6,19,13,6
19,133,730,395,335,887,439,448,1083,505,578,912,459,453,847,466,381,842,464,378
19,148,52,36,16,42,29,13,40,29,11,39,29,10,41,31,10,44,34,10
19,157,26,19,7,23,17,6,22,16,6,123,85,38,231,159,72,271,186,85
19,8,1151,585,566,1138,558,580,1125,531,594,830,398,432,535,266,269,537,267,270
19,24,268,163,105,320,183,137,368,201,167,346,188,158,324,175,149,377,204,173
19,28,1887,1021,866,1649,942,707,1410,862,548,1556,1041,515,1679,1203,476,2022,1449,573
19,42,1013,520,493,920,466,454,827,413,414,671,378,293,514,343,171,843,482,361
19,46,377,199,178,374,199,175,370,199,171,357,195,162,406,227,179,435,245,190
19,63,285,145,140,320,163,157,355,181,174,419,218,201,588,299,289,855,432,423
19,75,75,40,35,110,55,55,145,71,74,137,65,72,129,60,69,130,60,70
19,160,438,230,208,383,199,184,448,233,215,525,274,251,569,299,270,615,325,290
19,225,514,275,239,450,241,209,392,209,183,388,207,181,385,206,179,395,210,185
19,22,18,8,10,19,11,8,20,14,6,22,14,8,23,13,10,23,13,10
19,37,21575,10504,11071,20648,10008,10640,20211,9751,10460,19853,9668,10185,20687,10192,10495,23119,11383,11736
19,220,34366,11132,23234,33446,10977,22469,33895,11343,22552,33312,16644,16668,33139,16272,16867,32907,16109,16798
19,11,4620,2294,2326,5131,2525,2606,5340,2620,2720,5810,2870,2940,6530,3250,3280,7849,3989,3860
19,68,0,0,0,0,0,0,0,0,0,0,0,0,117,68,49,109,63,46
19,54,0,0,0,0,0,0,0,0,0,0,0,0,84,38,46,91,42,49
20,55,0,0,0,0,0,0,0,0,0,0,0,0,0,0,0,0,0,0
20,31,0,0,0,1,0,1,1,0,1,2,0,2,2,0,2,2,0,2
20,56,1,0,1,1,0,1,1,0,1,1,0,1,0,0,0,0,0,0
20,95,0,0,0,1,1,0,1,1,0,1,1,0,1,1,0,3,3,0
20,59,5,1,4,5,2,3,5,3,2,8,3,5,11,4,7,7,4,3
20,73,0,0,0,1,0,1,2,1,1,2,1,1,2,1,1,3,2,1
20,96,0,0,0,1,0,1,1,0,1,2,1,1,2,1,1,0,0,0
20,101,1,1,0,2,1,1,3,0,3,3,0,3,2,0,2,2,0,2
20,218,1194,433,761,1182,392,790,1191,356,835,1193,369,824,1294,421,873,1452,459,993
20,83,5,3,2,3,2,1,2,1,1,4,1,3,5,0,5,5,0,5
20,104,4,1,3,10,5,5,16,9,7,20,11,9,24,13,11,24,13,11
20,193,3,2,1,5,3,2,66,34,32,32,16,16,25,11,14,34,14,20
20,12,22,11,11,25,12,13,28,14,14,32,16,16,35,17,18,41,20,21
20,74,7,2,5,7,1,6,7,1,6,12,11,1,8,1,7,9,1,8
20,200,11,7,4,28,16,12,47,25,22,50,26,24,54,25,29,63,32,31
20,7,8,4,4,10,5,5,11,6,5,12,6,6,13,7,6,14,8,6
20,14,31,10,21,22,7,15,13,4,9,27,9,18,41,14,27,44,15,29
20,17,0,0,0,0,0,0,0,0,0,15,7,8,21,10,11,22,11,11
20,38,111,59,52,236,127,109,361,195,166,342,187,155,323,178,145,319,176,143
20,105,6,2,4,7,3,4,7,3,4,7,3,4,7,3,4,7,3,4
20,174,1,1,0,0,0,0,1,1,0,1,1,0,1,1,0,1,1,0
20,50,202,98,104,123,66,57,106,64,42,69,41,28,137,82,55,143,85,58
20,65,244,113,131,231,107,124,218,102,116,272,128,144,325,154,171,339,161,178
20,88,543,181,362,561,223,338,579,266,313,688,336,352,796,405,391,916,473,443
20,94,213,116,97,242,127,115,271,139,132,266,138,128,260,137,123,268,143,125
20,133,1415,596,819,1474,558,916,1597,549,1048,1847,767,1080,2312,1076,1236,3160,1470,1690
20,148,60,33,27,48,26,22,34,18,16,22,11,11,23,12,11,24,13,11
20,157,64,34,30,72,39,33,86,46,40,77,45,32,73,47,26,86,56,30
20,8,12,2,10,12,2,10,12,2,10,9,1,8,6,1,5,6,1,5
20,24,991,536,455,962,506,456,922,469,453,850,430,420,777,391,386,905,456,449
20,42,16,10,6,9,6,3,2,2,0,2,2,0,1,1,0,2,2,0
20,225,18,10,8,17,9,8,17,9,8,17,9,8,19,10,9,20,10,10
20,37,935,455,480,1145,554,591,1382,667,715,1604,766,838,1923,913,1010,2149,1020,1129
20,220,29957,12356,17601,34351,14321,20030,40151,16935,23216,43087,18293,24794,46553,19303,27250,49765,20550,29215
20,11,34,13,21,17,7,10,0,0,0,10,10,0,30,10,20,42,0,42
20,28,0,0,0,0,0,0,0,0,0,2,0,2,5,0,5,6,0,6
20,68,0,0,0,0,0,0,0,0,0,0,0,0,1,1,0,1,1,0
21,48,4357,2084,2273,5250,2521,2729,7549,3627,3922,7171,3814,3357,11432,6245,5187,15194,8006,7188
21,77,16115,8128,7987,19261,9713,9548,24625,12418,12207,26961,13607,13354,30722,15523,15199,33794,17039,16755
21,64,46,44,2,35,34,1,27,26,1,32,31,1,35,34,1,42,41,1
21,142,230,99,131,219,95,124,206,90,116,162,70,92,156,68,88,143,63,80
21,191,192,123,69,119,78,41,81,54,27,96,63,33,154,101,53,197,130,67
21,32,2054,1026,1028,2554,1278,1276,3071,1561,1510,3540,1808,1732,3996,2032,1964,4178,2124,2054
21,51,51216,28003,23213,57138,31052,26086,53643,29113,24530,51984,28226,23758,52074,28297,23777,54068,29376,24692
21,81,8959,4483,4476,8928,4895,4033,9987,5062,4925,14044,7534,6510,13963,7715,6248,16551,9235,7316
21,89,2351,1272,1079,2710,1602,1108,2936,1711,1225,5346,2612,2734,8306,3787,4519,9250,4224,5026
21,117,63,38,25,61,36,25,61,35,26,32,24,8,25,19,6,20,14,6
21,126,542,315,227,566,330,236,520,304,216,2118,1210,908,3741,2129,1612,4035,2292,1743
21,130,491,231,260,524,273,251,541,309,232,545,320,225,549,327,222,551,331,220
21,149,8948,3822,5126,12961,5049,7912,17081,6316,10765,17388,6418,10970,17669,6507,11162,17908,6589,11319
21,150,96599,54193,42406,117556,65530,52026,143212,79318,63894,190218,105014,85204,270089,148638,121451,351985,193115,158870
21,181,2984,1519,1465,3120,1579,1541,2820,1361,1459,3034,1519,1515,3393,1772,1621,3487,1821,1666
21,184,262,102,160,255,95,160,248,88,160,242,84,158,240,82,158,239,81,158
21,206,24038,13235,10803,26058,14385,11673,36899,19868,17031,50774,26532,24242,67665,32742,34923,71438,34155,37283
21,55,2,2,0,3,3,0,4,4,0,6,6,0,10,10,0,10,10,0
21,31,2,2,0,9,6,3,15,9,6,23,13,10,31,18,13,31,17,14
21,56,7,6,1,10,9,1,13,12,1,28,24,4,41,34,7,41,31,10
21,95,11,11,0,15,13,2,18,15,3,22,18,4,26,21,5,26,22,4
21,170,317,156,161,324,164,160,320,165,155,208,119,89,93,70,23,94,71,23
21,59,14,9,5,24,16,8,33,23,10,44,30,14,55,37,18,48,27,21
21,73,1,1,0,1,1,0,1,1,0,4,3,1,6,4,2,22,16,6
21,101,6,2,4,18,7,11,39,15,24,39,16,23,33,12,21,34,12,22
21,114,0,0,0,0,0,0,0,0,0,0,0,0,0,0,0,0,0,0
21,153,11,11,0,3,3,0,7,4,3,8,4,4,18,9,9,28,16,12
21,199,17,11,6,20,12,8,22,13,9,32,19,13,78,54,24,89,65,24
21,218,32,21,11,127,68,59,226,117,109,398,210,188,603,321,282,678,357,321
21,83,5,3,2,7,5,2,9,6,3,9,6,3,8,5,3,8,5,3
21,104,107,37,70,656,352,304,1205,668,537,1886,1108,778,2566,1547,1019,2566,1529,1037
21,163,7,6,1,15,13,2,25,21,4,29,27,2,29,29,0,32,31,1
21,193,30,21,9,49,32,17,91,58,33,312,236,76,420,309,111,398,273,125
21,12,44,30,14,50,34,16,55,38,17,62,42,20,68,46,22,80,55,25
21,19,989,643,346,781,476,305,550,295,255,357,228,129,509,318,191,1016,659,357
21,74,11476,6325,5151,11847,6440,5407,12218,6555,5663,17643,9664,7979,18872,9951,8921,20414,10733,9681
21,80,610,503,107,859,666,193,1108,829,279,1590,1135,455,2071,1440,631,2142,1489,653
21,145,53,35,18,77,50,27,106,67,39,274,194,80,263,176,87,288,184,104
21,200,174,106,68,276,178,98,380,250,130,426,273,153,482,287,195,566,353,213
21,50,1,0,1,1,0,1,1,0,1,1,0,1,1,0,1,1,0,1
21,24,0,0,0,0,0,0,0,0,0,1,0,1,1,0,1,1,0,1
21,42,0,0,0,1,1,0,1,1,0,1,1,0,1,1,0,2,2,0
21,37,262,127,135,380,183,197,507,244,263,1191,689,502,1947,1178,769,2176,1316,860
21,11,17,14,3,13,12,1,10,10,0,20,20,0,60,40,20,105,73,32
21,96,0,0,0,0,0,0,0,0,0,0,0,0,0,0,0,1,1,0
21,36,0,0,0,0,0,0,0,0,0,2414,1348,1066,1921,1111,810,1844,951,893
21,28,0,0,0,0,0,0,0,0,0,13,9,4,26,18,8,31,21,10
22,191,61,23,38,38,18,20,26,16,10,30,19,11,49,30,19,62,38,24
22,55,0,0,0,0,0,0,0,0,0,0,0,0,0,0,0,0,0,0
22,31,0,0,0,0,0,0,0,0,0,1,0,1,1,0,1,2,1,1
22,56,1,1,0,1,1,0,1,1,0,2,1,1,3,1,2,4,2,2
22,95,0,0,0,1,0,1,1,0,1,1,0,1,1,0,1,1,0,1
22,59,9,3,6,5,2,3,0,0,0,0,0,0,0,0,0,0,0,0
22,73,0,0,0,0,0,0,0,0,0,0,0,0,0,0,0,4,4,0
22,96,1,0,1,2,1,1,2,1,1,2,1,1,1,1,0,3,2,1
22,101,11,5,6,30,13,17,66,30,36,66,32,34,56,26,30,57,26,31
22,218,61457,29689,31768,31906,15445,16461,2892,1418,1474,3357,1641,1716,4097,2015,2082,4602,2232,2370
22,83,2,2,0,4,4,0,6,5,1,7,4,3,8,4,4,8,4,4
22,12,10,4,6,12,5,7,13,6,7,15,7,8,16,7,9,19,9,10
22,74,53,19,34,55,19,36,57,20,37,96,27,69,106,36,70,115,39,76
22,145,9,5,4,13,7,6,19,8,11,20,11,9,29,14,15,35,17,18
22,7,9,4,5,10,5,5,11,7,4,12,7,5,13,8,5,14,9,5
22,14,34,19,15,23,11,12,13,4,9,25,9,16,36,14,22,39,15,24
22,17,0,0,0,0,0,0,0,0,0,20,10,10,27,13,14,28,14,14
22,38,11,9,2,23,18,5,35,26,9,33,25,8,32,24,8,31,24,7
22,62,9,9,0,10,10,0,11,11,0,13,12,1,15,13,2,16,14,2
22,174,3,1,2,3,1,2,5,2,3,5,2,3,6,2,4,6,2,4
22,50,5,3,2,5,3,2,8,4,4,5,2,3,11,6,5,11,6,5
22,24,0,0,0,1,0,1,1,0,1,1,0,1,0,0,0,0,0,0
22,42,21,12,9,13,7,6,5,2,3,4,2,2,3,2,1,5,3,2
22,37,1674,815,859,1772,859,913,1912,923,989,2312,1135,1177,2851,1418,1433,3186,1584,1602
22,220,7972,3900,4072,8011,3946,4065,8379,4167,4212,8186,4091,4095,8095,3976,4119,8176,4004,4172
22,11,351,180,171,392,196,196,410,200,210,480,230,250,540,280,260,622,294,328
23,97,11088,5491,5597,9610,4868,4742,8131,4244,3887,7513,3913,3600,6894,3582,3312,6647,3450,3197
23,144,16805,8065,8740,107664,54530,53134,111196,56629,54567,108240,55032,53208,73598,37643,35955,28740,14760,13980
23,194,2,1,1,28,23,5,56,41,15,113,63,50,229,130,99,227,127,100
23,31,1,1,0,7,4,3,13,7,6,21,12,9,28,16,12,25,14,11
23,56,0,0,0,0,0,0,0,0,0,2,1,1,3,1,2,2,1,1
23,59,7,6,1,8,7,1,9,8,1,148,76,72,286,144,142,614,315,299
23,73,0,0,0,0,0,0,0,0,0,2,1,1,3,2,1,4,1,3
23,101,1,1,0,4,3,1,8,5,3,8,5,3,7,5,2,7,5,2
23,153,5,5,0,8,8,0,15,11,4,22,19,3,233,109,124,368,162,206
23,199,7,6,1,9,8,1,10,8,2,19,12,7,30,21,9,26,19,7
23,218,11,9,2,48,33,15,86,56,30,239,155,84,412,267,145,463,299,164
23,83,6,3,3,4,3,1,3,3,0,3,3,0,2,2,0,2,2,0
23,104,12,4,8,24,14,10,36,24,12,36,24,12,35,24,11,35,24,11
23,12,14,8,6,16,9,7,18,11,7,20,12,8,21,12,9,24,14,10
23,19,59,37,22,59,37,22,57,36,21,88,60,28,101,74,27,155,103,52
23,74,240,151,89,248,154,94,255,157,98,44,35,9,80,48,32,87,52,35
23,145,9,8,1,13,12,1,19,16,3,48,34,14,194,108,86,327,169,158
23,200,58,33,25,56,32,24,56,32,24,58,32,26,62,29,33,72,36,36
23,62,9,9,0,10,10,0,11,11,0,10,10,0,8,8,0,8,8,0
23,50,3,2,1,2,1,1,3,2,1,2,1,1,4,3,1,4,3,1
23,42,4,4,0,4,4,0,4,4,0,3,3,0,2,2,0,5,5,0
23,37,0,0,0,17,8,9,35,17,18,1111,552,559,2254,1122,1132,2519,1253,1266
23,11,25,19,6,33,25,8,40,30,10,110,70,40,1720,860,860,3829,1957,1872
24,191,158,69,89,98,37,61,68,13,55,81,14,67,129,21,108,164,27,137
24,161,108,61,47,280,148,132,531,273,258,276,144,132,34,18,16,35,18,17
24,55,3,2,1,4,2,2,5,3,2,7,4,3,12,7,5,13,8,5
24,31,1,1,0,6,4,2,10,6,4,16,9,7,21,11,10,19,12,7
24,56,12,9,3,18,13,5,24,17,7,49,36,13,70,52,18,71,50,21
24,95,14,13,1,27,21,6,40,29,11,49,36,13,57,42,15,53,37,16
24,162,35,23,12,30,20,10,26,17,9,37,27,10,50,38,12,48,36,12
24,170,392,192,200,368,201,167,331,203,128,209,132,77,83,57,26,84,58,26
24,59,60,32,28,105,52,53,149,72,77,293,144,149,437,216,221,463,229,234
24,73,24,15,9,34,19,15,44,23,21,89,43,46,134,63,71,183,78,105
24,96,6,2,4,9,3,6,11,3,8,12,4,8,12,4,8,15,4,11
24,101,3,1,2,10,4,6,22,10,12,21,10,11,17,7,10,17,7,10
24,153,117,61,56,171,96,75,263,145,118,338,182,156,424,221,203,531,282,249
24,199,1845,990,855,2190,1168,1022,2349,1245,1104,2681,1407,1274,3762,1936,1826,4485,2298,2187
24,218,158,90,68,625,281,344,1103,475,628,2260,1022,1238,3602,1665,1937,4046,1841,2205
24,52,0,0,0,0,0,0,0,0,0,16,9,7,32,19,13,32,19,13
24,83,9,4,5,13,4,9,18,5,13,21,8,13,24,11,13,23,10,13
24,104,94,33,61,1018,319,699,1942,605,1337,8819,3202,5617,15695,5799,9896,15698,5623,10075
24,163,15,8,7,32,17,15,51,26,25,130,34,96,188,36,152,207,32,175
24,193,1806,821,985,2467,1112,1355,4190,1918,2272,92918,41201,51717,216020,91453,124567,154675,59876,94799
24,12,280,127,153,316,146,170,352,166,186,394,181,213,435,195,240,509,231,278
24,19,247,103,144,247,103,144,239,100,139,297,129,168,300,135,165,459,198,261
24,74,1287,567,720,1329,573,756,1370,579,791,2106,907,1199,2909,1196,1713,3147,1288,1859
24,80,1634,881,753,1653,815,838,1671,749,922,3427,1513,1914,5183,2278,2905,5362,2357,3005
24,145,216,101,115,317,144,173,431,192,239,588,243,345,760,314,446,881,355,526
24,200,1129,557,572,1680,805,875,2238,1058,1180,2548,1124,1424,2908,1078,1830,3417,1416,2001
24,53,128,74,54,97,54,43,66,35,31,66,35,31,60,32,28,54,29,25
24,62,363,194,169,403,211,192,443,228,215,304,163,141,162,96,66,171,101,70
24,164,109,52,57,115,55,60,122,58,64,96,46,50,58,27,31,56,27,29
24,50,269,159,110,220,136,84,282,178,104,185,116,69,364,228,136,379,237,142
24,65,73,48,25,59,37,22,44,26,18,48,27,21,51,28,23,53,29,24
24,88,67,22,45,77,30,47,86,37,49,102,45,57,118,54,64,136,63,73
24,94,112,84,28,111,82,29,110,81,29,108,79,29,105,77,28,108,79,29
24,133,1519,954,565,1725,1011,714,2007,1116,891,1888,1016,872,1988,1035,953,2715,1411,1304
24,148,47,29,18,38,23,15,46,28,18,57,34,23,60,36,24,64,39,25
24,157,213,108,105,194,100,94,189,98,91,280,139,141,386,189,197,454,223,231
24,8,147234,76050,71184,186685,95917,90768,226137,115786,110351,294640,147845,146795,363142,179904,183238,419048,207475,211573
24,28,15996,9177,6819,18217,10223,7994,20437,11268,9169,29671,16067,13604,38479,20619,17860,46336,24829,21507
24,42,7277,3455,3822,8923,4154,4769,10568,4852,5716,19148,8880,10268,27728,12908,14820,37554,17696,19858
24,46,634,304,330,653,328,325,671,351,320,660,354,306,764,424,340,818,457,361
24,63,509,270,239,572,304,268,634,338,296,748,406,342,1051,559,492,1528,808,720
24,159,809,420,389,976,508,468,1140,590,550,1086,563,523,1034,535,499,1009,522,487
24,160,4094,1824,2270,3572,1568,2004,4174,1843,2331,4883,2170,2713,5293,2366,2927,5722,2571,3151
24,225,2224,1161,1063,2031,1062,969,1838,961,877,1864,976,888,1888,989,899,1967,1018,949
24,37,1545,752,793,1948,943,1005,2397,1156,1241,3625,1683,1942,5071,2317,2754,5667,2587,3080
24,220,31303,15312,15991,41443,20451,20992,53278,26493,26785,64764,32361,32403,77044,37832,39212,80073,39200,40873
24,11,509,245,264,622,300,322,700,340,360,780,380,400,890,420,470,1055,495,560
24,68,0,0,0,0,0,0,0,0,0,0,0,0,1,0,1,1,0,1
25,74,82,36,46,85,36,49,88,37,51,87,36,51,86,35,51,93,38,55
25,145,2761,1401,1360,3199,1592,1607,3748,1835,1913,4409,2155,2254,4316,2124,2192,4380,2166,2214
25,7,4,2,2,7,3,4,9,4,5,10,4,6,10,4,6,11,5,6
25,10,53,28,25,133,70,63,212,112,100,249,131,118,282,149,133,297,157,140
25,176,175,96,79,182,100,82,189,100,89,192,102,90,195,102,93,199,104,95
25,186,0,0,0,0,0,0,0,0,0,79,37,42,158,74,84,165,77,88
25,221,330,166,164,370,186,184,412,207,205,403,204,199,396,201,195,396,201,195
25,24,13,6,7,17,9,8,33,17,16,17,9,8,18,9,9,20,10,10
25,225,907,430,477,895,424,471,876,414,462,921,436,485,967,459,508,1025,480,545
25,54,0,0,0,0,0,0,0,0,0,0,0,0,2148,875,1273,2334,953,1381
26,64,23,12,11,33,17,16,46,23,23,55,29,26,59,30,29,70,31,39
26,118,66,33,33,153,91,62,243,152,91,267,186,81,292,204,88,329,229,100
26,191,147,42,105,91,31,60,78,37,41,101,42,59,151,60,91,184,74,110
26,55,17,8,9,24,11,13,31,14,17,45,20,25,73,33,40,76,35,41
26,107,320,150,170,197,92,105,74,34,40,107,56,51,137,75,62,64,29,35
26,211,6811,3781,3030,7000,3816,3184,2839,1441,1398,2285,1109,1176,2341,1107,1234,2376,1095,1281
26,31,18,11,7,36,23,13,54,35,19,80,52,28,103,68,35,112,73,39
26,56,355,220,135,533,336,197,711,452,259,1713,1123,590,2574,1730,844,2648,1762,886
26,95,381,227,154,323,189,134,264,151,113,326,189,137,388,227,161,271,165,106
26,162,4625,2092,2533,3955,1755,2200,3383,1472,1911,3440,1425,2015,3606,1410,2196,3477,1386,2091
26,170,876,430,446,776,451,325,648,454,194,582,453,129,505,443,62,515,452,63
26,187,47,33,14,133,91,42,257,174,83,289,197,92,324,222,102,393,272,121
26,59,16411,8344,8067,17628,8973,8655,18844,9602,9242,18867,9528,9339,18889,9453,9436,18735,9376,9359
26,73,0,0,0,100,53,47,200,106,94,406,215,191,612,324,288,832,404,428
26,96,9,5,4,14,8,6,18,10,8,83,43,40,147,76,71,153,81,72
26,101,123,59,64,342,159,183,748,359,389,749,382,367,627,296,331,640,298,342
26,114,2,2,0,2,2,0,3,3,0,4,4,0,6,6,0,5,5,0
26,153,3,3,0,9401,4651,4750,11573,5695,5878,12605,6252,6353,12989,6417,6572,13343,6562,6781
26,199,40488,20385,20103,48046,24009,24037,51526,25580,25946,54813,27068,27745,56183,27704,28479,58583,29108,29475
26,218,1816,1217,599,4108,2074,2034,6470,2960,3510,6731,2984,3747,7540,3286,4254,8469,3627,4842
26,52,312821,148847,163974,506365,240940,265425,430399,205693,224706,416359,198019,218340,402318,190345,211973,404874,190941,213933
26,83,487,269,218,422,205,217,363,139,224,407,142,265,450,144,306,440,128,312
26,104,4034,1402,2632,15437,7507,7930,26839,13612,13227,18972,7998,10974,11104,2384,8720,11106,2229,8877
26,127,25,16,9,30,19,11,77,50,27,122,78,44,153,100,53,191,128,63
26,163,13,7,6,27,13,14,44,21,23,44,16,28,37,8,29,41,7,34
26,182,42141,19925,22216,266909,123340,143569,360524,162164,198360,351671,155181,196490,343743,151516,192227,335992,147578,188414
26,188,70670,36120,34550,70441,37668,32773,70054,38928,31126,74289,42969,31320,111632,68708,42924,105313,64958,40355
26,193,643,309,334,867,435,432,1466,761,705,1888,981,907,2162,1100,1062,2119,1028,1091
26,204,4365,1820,2545,5989,2497,3492,7614,3175,4439,7828,3266,4562,8043,3357,4686,8713,3623,5090
26,12,92349,46141,46208,104186,52909,51277,116023,59678,56345,124345,63386,60959,132666,67093,65573,155164,78890,76274
26,19,1966,993,973,1953,984,969,1884,951,933,1376,712,664,1703,884,819,3059,1582,1477
26,74,8357,4202,4155,8628,4266,4362,8898,4330,4568,11323,5678,5645,12886,6140,6746,13939,6618,7321
26,80,108349,58816,49533,129718,66856,62862,151087,74897,76190,172133,84021,88112,193179,93145,100034,199837,96355,103482
26,119,297,145,152,361,169,192,419,188,231,357,156,201,297,123,174,312,132,180
26,121,2334,1183,1151,2220,1120,1100,2130,1071,1059,1848,984,864,1587,908,679,2426,1403,1023
26,145,131,71,60,288,150,138,458,236,222,670,337,333,757,381,376,813,413,400
26,200,41166,21232,19934,39843,20852,18991,38666,20603,18063,43394,22113,21281,48965,22053,26912,57542,28113,29429
26,62,6,6,0,7,7,0,7,7,0,6,6,0,5,5,0,5,5,0
26,24,0,0,0,0,0,0,0,0,0,5,4,1,9,7,2,10,8,2
26,42,6,3,3,9,5,4,11,6,5,9,5,4,7,5,2,12,6,6
26,225,21,12,9,20,11,9,20,11,9,20,11,9,22,12,10,24,13,11
26,37,25135,12236,12899,25240,12229,13011,25945,12516,13429,29787,14821,14966,35419,18057,17362,39583,20168,19415
26,220,55354,27076,28278,75516,37271,38245,98766,49111,49655,106095,53011,53084,114726,56333,58393,122190,59816,62374
26,11,22312,11394,10918,26278,13418,12860,28690,14710,13980,38440,19480,18960,39750,19880,19870,41449,20618,20831
26,28,0,0,0,0,0,0,0,0,0,34,16,18,68,31,37,82,37,45
26,68,0,0,0,0,0,0,0,0,0,0,0,0,2,1,1,2,1,1
26,137,0,0,0,0,0,0,0,0,0,0,0,0,34300,13814,20486,34259,13916,20343
27,219,80,54,26,108,74,34,116,79,37,132,91,41,136,94,42,141,99,42
27,230,469,175,294,228,86,142,111,42,69,319,121,198,918,423,495,2639,1328,1311
27,231,2945,1681,1264,2924,1668,1256,4012,2288,1724,4134,2358,1776,3705,2113,1592,3286,1873,1413
27,116,103,49,54,104,48,56,102,45,57,104,46,58,106,47,59,108,48,60
27,142,975,471,504,932,454,478,865,424,441,683,333,350,658,322,336,603,297,306
27,191,18470,15195,3275,15678,11601,4077,17332,11136,6196,20747,13144,7603,33112,20882,12230,45014,28409,16605
27,198,161,91,70,64,35,29,83,35,48,69,30,39,54,25,29,41,14,27
27,55,2,1,1,3,1,2,4,2,2,6,3,3,10,5,5,10,5,5
27,31,7,5,2,11,7,4,15,10,5,21,13,8,27,17,10,28,16,12
27,56,0,0,0,1,1,0,1,1,0,40,24,16,75,45,30,101,62,39
27,95,1,1,0,3,2,1,4,2,2,5,3,2,6,4,2,4,3,1
27,170,194,95,99,195,100,95,189,101,88,109,55,54,27,8,19,28,9,19
27,59,34,15,19,48,21,27,61,27,34,66,28,38,71,30,41,67,26,41
27,73,1,1,0,2,1,1,3,1,2,8,5,3,12,8,4,18,10,8
27,101,15,8,7,42,22,20,93,51,42,93,53,40,78,42,36,80,43,37
27,153,35,14,21,36,17,19,82,45,37,96,52,44,112,57,55,119,57,62
27,199,38,14,24,45,16,29,49,17,32,61,22,39,82,33,49,108,43,65
27,218,1955,1078,877,1948,1043,905,1975,1024,951,2451,1198,1253,3128,1482,1646,3513,1640,1873
27,83,3,1,2,3,1,2,3,0,3,6,2,4,8,3,5,8,3,5
27,104,1,0,1,6,3,3,10,5,5,27,13,14,44,22,22,44,22,22
27,12,15,7,8,17,8,9,18,8,10,20,8,12,22,9,13,25,10,15
27,19,8,4,4,8,4,4,7,3,4,10,3,7,10,1,9,21,2,19
27,74,182,86,96,188,87,101,194,88,106,48,22,26,38,17,21,41,18,23
27,145,89,46,43,130,66,64,177,87,90,202,100,102,214,106,108,235,117,118
27,200,19,11,8,31,18,13,44,24,20,52,29,23,63,34,29,74,43,31
27,14,0,0,0,0,0,0,0,0,0,7,4,3,13,8,5,14,9,5
27,42,5,2,3,5,2,3,5,2,3,4,2,2,3,2,1,5,3,2
27,37,77,37,40,131,63,68,188,91,97,383,175,208,602,272,330,673,304,369
27,11,153,85,68,413,229,184,650,360,290,980,550,430,1140,590,550,1298,674,624
27,68,0,0,0,0,0,0,0,0,0,0,0,0,0,0,0,0,0,0
28,39,0,0,0,0,0,0,0,0,0,0,0,0,0,0,0,0,0,0
28,64,137,55,82,112,44,68,96,37,59,114,48,66,123,49,74,146,47,99
28,118,390,157,233,286,124,162,188,97,91,207,126,81,227,139,88,255,155,100
28,142,790,326,464,755,315,440,702,294,408,555,231,324,534,223,311,489,206,283
28,191,979,270,709,960,387,573,1215,591,624,1454,689,765,2321,1090,1231,3151,1482,1669
28,34,77,38,39,104,53,51,130,67,63,203,99,104,275,130,145,286,135,151
28,81,7,3,4,7,4,3,8,4,4,11,6,5,11,6,5,13,7,6
28,89,248,153,95,285,188,97,308,201,107,560,322,238,870,477,393,968,531,437
28,130,143,74,69,152,86,66,157,96,61,158,99,59,159,101,58,159,102,57
28,181,536,258,278,560,268,292,506,229,277,544,257,287,609,301,308,626,310,316
28,43,12090,6683,5407,32797,17625,15172,53504,28567,24937,59028,34411,24617,64552,40254,24298,74289,47603,26686
28,57,479,244,235,1140,559,581,1801,874,927,2163,1068,1095,2525,1262,1263,2780,1397,1383
28,106,56445,28756,27689,178865,85853,93012,254413,117533,136880,217455,99050,118405,230552,103693,126859,182227,81277,100950
28,161,123,54,69,1874,935,939,4146,2061,2085,2104,1055,1049,160,79,81,162,79,83
28,205,152,59,93,165,67,98,181,76,105,192,76,116,188,87,101,185,87,98
28,16,552,463,89,5387,4649,738,10221,8834,1387,12165,10539,1626,14109,12244,1865,14919,12966,1953
28,55,15,6,9,21,8,13,27,10,17,39,14,25,63,23,40,66,25,41
28,103,5866,2567,3299,6759,2915,3844,7274,3142,4132,7919,3439,4480,8661,3770,4891,8932,3863,5069
28,107,101,38,63,115,50,65,129,62,67,186,101,85,238,135,103,111,52,59
28,211,83,35,48,201,80,121,320,124,196,329,123,206,339,122,217,344,119,225
28,18,69,32,37,83,29,54,97,27,70,93,25,68,89,24,65,94,26,68
28,31,8,4,4,25,11,14,42,18,24,66,29,37,87,38,49,114,46,68
28,56,28,17,11,42,26,16,56,35,21,188,107,81,304,174,130,425,258,167
28,95,68,26,42,207,105,102,346,184,162,427,230,197,508,276,232,900,532,368
28,162,299,123,176,255,103,152,219,86,133,240,118,122,270,153,117,261,150,111
28,169,2,1,1,3,3,0,4,3,1,4,3,1,5,4,1,44,3,41
28,170,577,283,294,594,297,297,590,300,290,512,268,244,425,232,193,433,235,198
28,187,4,2,2,30,11,19,66,23,43,75,27,48,84,31,53,103,40,63
28,59,765,284,481,1154,405,749,1542,525,1017,2280,777,1503,3017,1028,1989,3334,1128,2206
28,70,6,4,2,6,4,2,6,3,3,18,14,4,18,9,9,13,5,8
28,73,162,70,92,203,88,115,243,105,138,635,272,363,1026,439,587,1540,585,955
28,96,11,4,7,20,7,13,28,10,18,67,18,49,106,26,80,132,34,98
28,101,380,187,193,1341,638,703,3040,1496,1544,7146,4233,2913,10075,5904,4171,10292,5979,4313
28,114,8,4,4,12,6,6,17,8,9,27,18,9,37,27,10,31,23,8
28,120,75,36,39,84,39,45,65,30,35,72,33,39,70,29,41,60,24,36
28,153,576,215,361,895,343,552,1260,486,774,1985,721,1264,3605,1142,2463,5176,1672,3504
28,199,2747,1058,1689,3259,1240,2019,3496,1316,2180,4457,1634,2823,6005,2164,3841,7090,2604,4486
28,218,9560,4076,5484,12033,4962,7071,14710,5913,8797,31040,13474,17566,49898,22302,27596,56055,24635,31420
28,52,122,45,77,119,38,81,103,27,76,148,47,101,192,67,125,193,67,126
28,83,1460,705,755,1763,708,1055,2094,702,1392,2180,712,1468,2265,721,1544,2216,643,1573
28,104,25441,3993,21448,27162,4877,22285,28883,5762,23121,66536,21344,45192,104189,36927,67262,104207,35730,68477
28,127,27,10,17,32,12,20,40,15,25,48,19,29,90,40,50,112,53,59
28,163,23722,10256,13466,35931,16918,19013,49599,24339,25260,91614,41207,50407,118415,51344,67071,129968,53226,76742
28,178,18,0,18,20,1,19,23,1,22,23,2,21,24,3,21,25,3,22
28,182,5,2,3,42,17,25,72,28,44,89,33,56,87,32,55,85,32,53
28,188,7,4,3,14,4,10,23,5,18,31,11,20,85,21,64,121,42,79
28,193,13454,5362,8092,17132,6747,10385,28179,11312,16867,68502,26199,42303,132649,51311,81338,99725,34645,65080
28,12,2857,1008,1849,3223,1171,2052,3589,1334,2255,4012,1431,2581,4434,1528,2906,5186,1805,3381
28,19,895,396,499,1301,483,818,1670,560,1110,2804,991,1813,5208,1999,3209,8319,3217,5102
28,74,20435,8421,12014,21096,8485,12611,21756,8548,13208,42128,18887,23241,53069,20214,32855,57405,21750,35655
28,80,11446,4590,6856,17392,5041,12351,23338,5492,17846,42551,12671,29880,61764,19850,41914,63893,20534,43359
28,119,36,11,25,50,15,35,65,20,45,103,30,73,143,41,102,170,55,115
28,121,288,94,194,273,88,185,262,84,178,227,82,145,195,81,114,299,128,171
28,145,3820,1618,2202,5699,2339,3360,7770,3130,4640,10187,3782,6405,13429,4853,8576,16089,5775,10314
28,200,13295,4149,9146,18838,6459,12379,24450,8829,15621,32115,9679,22436,40405,8611,31794,47482,12714,34768
28,14,36,16,20,41,18,23,47,21,26,80,38,42,112,54,58,121,58,63
28,38,22,10,12,48,22,26,74,34,40,70,33,37,66,31,35,65,31,34
28,62,950,442,508,1055,477,578,1160,512,648,889,409,480,611,303,308,645,320,325
28,86,35,12,23,39,16,23,42,19,23,52,24,28,61,28,33,63,28,35
28,129,16,6,10,41,16,25,67,27,40,70,27,43,74,28,46,76,27,49
28,164,185,88,97,195,93,102,207,99,108,162,77,85,97,45,52,95,45,50
28,174,5,3,2,6,4,2,9,6,3,10,7,3,12,8,4,12,8,4
28,50,346,163,183,304,150,154,415,207,208,272,134,138,536,264,272,558,274,284
28,65,329,126,203,264,106,158,198,85,113,215,97,118,232,109,123,242,114,128
28,88,77,16,61,114,42,72,151,69,82,180,95,85,209,122,87,240,141,99
28,94,179,77,102,178,73,105,176,69,107,173,69,104,169,69,100,174,72,102
28,133,1682,782,900,2482,1080,1402,3391,1434,1957,3744,1616,2128,4532,1989,2543,6198,2717,3481
28,148,138,53,85,110,42,68,107,45,62,107,48,59,114,52,62,122,56,66
28,157,633,247,386,695,273,422,802,313,489,1223,539,684,1704,803,901,2002,941,1061
28,8,34359,14973,19386,33642,14479,19163,32925,13985,18940,37604,15911,21693,42283,17837,24446,48792,20566,28226
28,24,10558,5564,4994,12746,6642,6104,14801,7647,7154,18453,9584,8869,22066,11504,10562,25688,13391,12297
28,42,4332,2039,2293,5609,2642,2967,6886,3246,3640,8993,4273,4720,11100,5301,5799,18243,5997,12246
28,46,1728,753,975,1809,786,1023,1889,818,1071,1873,818,1055,2181,975,1206,2337,1057,1280
28,63,968,415,553,1035,462,573,1101,509,592,1299,615,684,1825,840,985,2654,1212,1442
28,75,6204,3311,2893,7022,3593,3429,7840,3876,3964,11989,6038,5951,16137,8200,7937,19481,9784,9697
28,91,485,292,193,780,471,309,1074,649,425,1448,880,568,1821,1111,710,2135,1303,832
28,159,111355,59366,51989,97450,51742,45708,83208,43666,39542,79266,41600,37666,75523,39560,35963,73715,38569,35146
28,160,3476,1542,1934,3033,1326,1707,3545,1560,1985,4147,1837,2310,4495,2003,2492,4859,2176,2683
28,197,2100,1133,967,2594,1404,1190,3204,1735,1469,3921,2136,1785,4626,2523,2103,5456,2979,2477
28,222,10581,7392,3189,11084,6380,4704,11507,4684,6823,11246,4548,6698,10797,4221,6576,10496,4029,6467
28,225,4323,2130,2193,4590,2268,2322,4828,2388,2440,5214,2576,2638,5623,2777,2846,6026,2936,3090
28,37,7028,3421,3607,10058,4867,5191,13327,6429,6898,19215,9118,10097,26258,12383,13875,29345,13829,15516
28,220,82489,32922,49567,144505,56681,87824,212428,83036,129392,272297,107231,165066,335505,128612,206893,347968,132761,215207
28,11,2926,1456,1470,3960,1858,2102,4760,2160,2600,7540,3540,4000,16550,7900,8650,20730,9754,10976
28,147,718,347,371,885,416,469,638,310,328,1686,819,867,2728,1322,1406,3728,1803,1925
28,68,0,0,0,0,0,0,0,0,0,0,0,0,62,28,34,58,26,32
29,191,23,12,11,14,8,6,10,7,3,11,8,3,19,14,5,23,17,6
29,211,18,9,9,43,20,23,70,32,38,72,32,40,74,32,42,75,32,43
29,31,21,14,7,34,23,11,46,31,15,66,45,21,83,57,26,72,47,25
29,101,0,0,0,1,1,0,2,1,1,2,1,1,1,0,1,1,0,1
29,218,47,26,21,188,82,106,334,139,195,285,121,164,261,115,146,292,127,165
29,83,12,6,6,10,4,6,8,1,7,5,1,4,1,1,0,1,1,0
29,7,66,32,34,73,35,38,80,39,41,86,42,44,92,45,47,98,48,50
29,14,5,3,2,8,4,4,12,6,6,8,3,5,3,0,3,3,0,3
29,25,0,0,0,874,389,485,1748,778,970,1862,828,1034,56,33,23,63,37,26
29,61,31,15,16,41,20,21,49,24,25,60,30,30,73,36,37,85,42,43
29,62,12,9,3,14,10,4,15,11,4,43,24,19,71,37,34,75,39,36
29,85,8,4,4,10,5,5,13,7,6,13,7,6,14,7,7,14,7,7
29,173,106,49,57,140,66,74,193,95,98,219,109,110,237,119,118,243,123,120
29,174,2,1,1,2,2,0,4,3,1,4,3,1,4,3,1,4,3,1
29,186,0,0,0,0,0,0,0,0,0,434,198,236,868,396,472,904,412,492
29,221,2665,1122,1543,2693,1134,1559,2727,1148,1579,2594,1100,1494,2463,1053,1410,2464,1053,1411
29,42,0,0,0,0,0,0,0,0,0,0,0,0,0,0,0,0,0,0
29,37,72,35,37,94,46,48,119,58,61,105,52,53,97,48,49,108,53,55
29,11,6,3,3,3,2,1,0,0,0,0,0,0,10,10,0,0,0,0
29,54,0,0,0,0,0,0,0,0,0,0,0,0,92,15,77,99,16,83
30,64,65,26,39,55,21,34,50,18,32,60,24,36,65,25,40,77,23,54
30,191,23,9,14,14,6,8,10,4,6,11,4,7,19,8,11,23,10,13
30,202,38,18,20,31,16,15,27,14,13,25,12,13,26,12,14,24,11,13
30,124,3234,1628,1606,2956,1603,1353,2989,1722,1267,4120,2421,1699,5822,3503,2319,6083,3728,2355
30,161,106,58,48,400,194,206,805,379,426,432,205,227,80,37,43,82,38,44
30,97,16220,10518,5702,23639,15249,8390,31057,19979,11078,28695,18436,10259,26333,16893,9440,25388,16276,9112
30,55,1,0,1,2,0,2,2,0,2,3,0,3,5,0,5,5,0,5
30,107,11,5,6,21,4,17,30,2,28,44,9,35,57,14,43,27,2,25
30,31,0,0,0,0,0,0,0,0,0,1,1,0,1,1,0,1,1,0
30,59,4,2,2,4,2,2,4,2,2,4,1,3,4,1,3,7,5,2
30,73,0,0,0,0,0,0,0,0,0,0,0,0,0,0,0,1,1,0
30,101,3,1,2,9,5,4,19,10,9,19,10,9,16,7,9,16,7,9
30,153,20,12,8,20,14,6,21,14,7,22,14,8,29,17,12,33,20,13
30,218,388,234,154,1527,752,775,2692,1279,1413,3744,1733,2011,5102,2347,2755,5731,2595,3136
30,104,0,0,0,3,0,3,5,0,5,19,8,11,32,15,17,32,15,17
30,193,1,1,0,3,2,1,39,25,14,19,12,7,23,10,13,22,11,11
30,12,3,3,0,4,4,0,4,4,0,5,5,0,5,5,0,6,6,0
30,74,33,11,22,34,11,23,35,11,24,89,47,42,45,13,32,49,14,35
30,145,273,146,127,402,210,192,545,280,265,581,296,285,561,292,269,615,324,291
30,200,32,15,17,31,15,16,32,15,17,39,18,21,48,20,28,56,26,30
30,8,2,2,0,2,2,0,2,2,0,2,2,0,1,1,0,1,1,0
30,42,0,0,0,0,0,0,0,0,0,0,0,0,0,0,0,0,0,0
30,37,4246,2067,2179,4242,2056,2186,4338,2093,2245,4018,2018,2000,3939,2069,1870,4402,2311,2091
30,11,1620,849,771,1911,986,925,2090,1070,1020,2570,1260,1310,3060,1510,1550,3386,1652,1734
30,96,0,0,0,0,0,0,0,0,0,0,0,0,0,0,0,0,0,0
30,28,0,0,0,0,0,0,0,0,0,70,5,65,141,10,131,170,12,158
31,64,71,35,36,58,26,32,50,20,30,60,26,34,65,27,38,77,26,51
31,142,45,10,35,43,10,33,41,9,32,32,7,25,30,6,24,27,6,21
31,191,3836,1580,2256,2393,1100,1293,1629,880,749,1949,1030,919,3112,1634,1478,4224,2221,2003
31,108,4142,2001,2141,3637,1741,1896,3131,1481,1650,3570,1739,1831,4008,1996,2012,4263,2158,2105
31,136,2,1,1,1,1,0,2,1,1,7,6,1,13,10,3,15,12,3
31,55,1531,501,1030,2165,650,1515,2799,799,2000,4097,1151,2946,6569,1909,4660,6857,2040,4817
31,103,19353,8873,10480,19887,8951,10936,19308,8645,10663,17611,7855,9756,16128,7140,8988,16633,7318,9315
31,107,91,46,45,77,36,41,62,26,36,88,43,45,113,59,54,53,22,31
31,211,462767,224879,237888,454518,218995,235523,447912,213480,234432,461574,214529,247045,475652,215315,260337,482851,212597,270254
31,18,30,19,11,47,26,21,63,33,30,61,32,29,58,31,27,61,31,30
31,56,1154,743,411,1731,1131,600,2308,1519,789,4421,2818,1603,6171,3961,2210,8768,5541,3227
31,95,1962,872,1090,1696,757,939,1429,641,788,1766,810,956,2102,978,1124,1397,635,762
31,162,2414,1427,987,2064,1208,856,1766,1022,744,1752,1007,745,1794,1018,776,1730,991,739
31,167,462,203,259,312,138,174,210,92,118,148,85,63,134,52,82,121,43,78
31,169,24353,11092,13261,21944,10211,11733,18349,7942,10407,18833,7677,11156,18358,8260,10098,11154,4382,6772
31,170,10760,5280,5480,9934,5531,4403,8749,5584,3165,7315,4790,2525,5731,3899,1832,5841,3964,1877
31,187,362,197,165,790,489,301,1437,916,521,1612,1037,575,1808,1172,636,2190,1440,750
31,216,2094,1372,722,2026,1348,678,1983,1339,644,1811,1224,587,1727,1168,559,1732,1172,560
31,59,224,99,125,445,189,256,666,280,386,1760,866,894,2853,1452,1401,5611,3163,2448
31,73,274,160,114,348,205,143,421,249,172,793,443,350,1164,636,528,2271,1177,1094
31,96,18,8,10,46,21,25,74,34,40,106,49,57,138,64,74,182,87,95
31,101,178,84,94,494,224,270,1081,507,574,1642,821,821,1932,895,1037,1974,902,1072
31,114,390,187,203,220,109,111,50,31,19,297,251,46,538,465,73,451,390,61
31,120,33,27,6,37,31,6,28,24,4,59,47,12,83,64,19,71,54,17
31,153,369,234,135,566,335,231,787,397,390,1092,470,622,2055,1059,996,5739,3182,2557
31,199,2756,1335,1421,3271,1572,1699,3508,1674,1834,3962,1838,2124,6652,3447,3205,8513,4402,4111
31,218,1670,903,767,3395,1604,1791,5178,2327,2851,24672,11943,12729,46176,22655,23521,51875,25096,26779
31,52,0,0,0,138,51,87,262,98,164,283,98,185,303,98,205,305,98,207
31,83,7509,5661,1848,22834,10335,12499,38534,14953,23581,56513,21121,35392,74491,27289,47202,72893,24796,48097
31,104,446,155,291,5423,1957,3466,10400,3760,6640,34041,12110,21931,57681,20459,37222,57691,19797,37894
31,127,77,36,41,91,43,48,230,110,120,361,174,187,842,389,453,1055,513,542
31,163,183,122,61,395,262,133,624,413,211,2831,1517,1314,4568,2372,2196,5014,2501,2513
31,182,139,43,96,884,256,628,1203,331,872,1187,317,870,1161,309,852,1134,299,835
31,188,65,34,31,75,39,36,86,43,43,122,65,57,515,307,208,1210,730,480
31,193,1084,557,527,1959,1029,930,3678,1968,1710,86226,48125,38101,145061,77874,67187,130116,66528,63588
31,204,1075,448,627,1006,419,587,938,391,547,964,402,562,990,413,577,1072,446,626
31,12,8666,3788,4878,9777,4363,5414,10888,4939,5949,12170,5361,6809,13452,5784,7668,15733,6814,8919
31,19,909,351,558,976,383,593,1014,405,609,4126,1969,2157,13105,6624,6481,26415,13545,12870
31,74,9404,4203,5201,9708,4248,5460,10012,4294,5718,13222,5494,7728,16295,6804,9491,17626,7326,10300
31,80,27077,15209,11868,30146,16397,13749,33214,17584,15630,67518,32724,34794,101822,47864,53958,105331,49513,55818
31,119,18,18,0,21,21,0,24,24,0,16,13,3,10,3,7,12,3,9
31,121,42,17,25,68,24,44,96,32,64,334,112,222,576,192,384,880,302,578
31,145,827,331,496,1217,469,748,1650,622,1028,3111,1041,2070,13412,6391,7021,18714,8708,10006
31,200,2439,904,1535,3067,1161,1906,3708,1428,2280,4345,1546,2799,5068,1432,3636,5955,1979,3976
31,14,0,0,0,0,0,0,0,0,0,10,7,3,19,14,5,21,16,5
31,53,296,123,173,225,88,137,153,53,100,152,53,99,139,50,89,125,45,80
31,62,357,205,152,397,224,173,436,242,194,254,142,112,70,41,29,74,43,31
31,50,39,17,22,37,17,20,54,24,30,35,15,20,70,31,39,73,32,41
31,133,69,46,23,191,94,97,322,147,175,268,120,148,246,107,139,244,106,138
31,148,88,28,60,70,22,48,61,21,40,54,19,35,57,20,37,61,22,39
31,157,25,17,8,44,30,14,66,44,22,62,40,22,62,38,24,73,45,28
31,8,975,573,402,796,422,374,618,273,345,456,205,251,294,138,156,295,138,157
31,24,16,5,11,16,5,11,16,6,10,19,9,10,21,11,10,24,12,12
31,28,409,190,219,346,171,175,283,152,131,261,136,125,236,119,117,284,143,141
31,42,65,50,15,78,51,27,91,53,38,74,47,27,56,40,16,94,60,34
31,46,68,37,31,69,36,33,70,36,34,69,35,34,79,40,39,85,44,41
31,63,65,30,35,73,33,40,81,37,44,95,44,51,134,61,73,194,88,106
31,160,48,29,19,42,25,17,50,30,20,59,35,24,63,38,25,68,42,26
31,225,126,80,46,124,79,45,122,77,45,127,80,47,134,85,49,142,89,53
31,37,2874,1400,1474,6089,2944,3145,9449,4558,4891,12985,6363,6622,17302,8570,8732,19336,9571,9765
31,84,0,0,0,3,0,3,7,5,2,9,8,1,17,13,4,18,12,6
31,220,8579,4383,4196,21397,11050,10347,35090,18200,16890,46847,24406,22441,59180,30342,28838,65190,33331,31859
31,11,1755,1087,668,2465,1423,1042,3030,1680,1350,3430,1740,1690,3600,1700,1900,3988,1873,2115
31,70,0,0,0,1,1,0,3,2,1,10,6,4,12,9,3,14,11,3
31,68,0,0,0,0,0,0,0,0,0,0,0,0,78,50,28,72,46,26
31,137,0,0,0,0,0,0,0,0,0,0,0,0,70,57,13,78,64,14
32,77,2158,1297,861,2580,1551,1029,3298,1982,1316,3611,2171,1440,4115,2476,1639,4526,2719,1807
32,64,67,64,3,55,50,5,48,41,7,57,49,8,62,53,9,74,62,12
32,142,105,50,55,100,48,52,94,44,50,74,35,39,71,34,37,65,32,33
32,21,1240,744,496,3331,1992,1339,5421,3240,2181,6952,4226,2726,8483,5213,3270,9948,6165,3783
32,51,927756,522444,405312,1114233,623756,490477,1117062,624690,492372,1162273,650306,511967,1246597,697982,548615,1294323,724603,569720
32,81,41668,22731,18937,41526,24463,17063,46451,25613,20838,65321,37777,27544,48707,28879,19828,57733,34517,23216
32,89,479,301,178,552,370,182,598,397,201,1088,640,448,1690,950,740,1882,1059,823
32,117,388,237,151,379,228,151,373,220,153,223,168,55,221,163,58,234,176,58
32,126,23024,11605,11419,20221,10232,9989,20155,10242,9913,22190,11207,10983,22174,11187,10987,23922,12043,11879
32,149,9596,5463,4133,13956,7806,6150,18432,10213,8219,18763,10388,8375,19065,10543,8522,19323,10681,8642
32,184,35,22,13,34,21,13,33,20,13,32,20,12,31,19,12,30,18,12
32,206,6133,3374,2759,6908,3801,3107,8781,5232,3549,11891,6694,5197,12075,6572,5503,13601,7403,6198
32,31,3,2,1,5,3,2,6,4,2,9,6,3,11,7,4,13,9,4
32,56,1,0,1,2,1,1,3,2,1,8,5,3,12,7,5,14,10,4
32,170,525,258,267,568,270,298,592,272,320,519,234,285,436,191,245,445,195,250
32,59,2,1,1,12,8,4,21,14,7,39,21,18,56,28,28,101,57,44
32,73,0,0,0,1,0,1,1,0,1,4,3,1,7,6,1,14,13,1
32,96,0,0,0,0,0,0,0,0,0,1,1,0,1,1,0,1,1,0
32,101,2,1,1,5,3,2,11,8,3,11,8,3,9,6,3,9,6,3
32,153,19,16,3,10,7,3,11,8,3,15,12,3,23,19,4,32,26,6
32,199,26,17,9,31,20,11,34,22,12,49,28,21,72,38,34,84,47,37
32,218,12,9,3,52,32,20,94,55,39,147,82,65,212,116,96,237,129,108
32,83,5,3,2,6,4,2,7,4,3,44,39,5,81,74,7,79,72,7
32,104,381,133,248,2624,1516,1108,4866,2898,1968,8261,5535,2726,11655,8171,3484,11657,8110,3547
32,193,96,60,36,182,112,70,347,214,133,537,436,101,1111,834,277,1147,825,322
32,12,67,37,30,76,43,33,84,48,36,94,53,41,104,58,46,121,67,54
32,19,294,180,114,293,179,114,284,174,110,401,239,162,522,285,237,928,539,389
32,74,3831,2103,1728,3955,2141,1814,4079,2179,1900,6972,3566,3406,8081,4242,3839,8741,4575,4166
32,80,563,475,88,1296,1154,142,2029,1833,196,1762,1433,329,1494,1033,461,1545,1068,477
32,145,91,60,31,133,86,47,181,114,67,284,181,103,336,210,126,375,229,146
32,200,206,124,82,317,190,127,431,257,174,485,275,210,549,279,270,645,350,295
32,8,26,4,22,25,4,21,24,4,20,18,3,15,11,2,9,11,2,9
32,42,1,0,1,1,0,1,1,0,1,1,0,1,1,1,0,2,2,0
32,37,38,19,19,178,86,92,322,155,167,793,428,365,1311,728,583,1465,813,652
32,11,30,18,12,15,9,6,0,0,0,0,0,0,10,10,0,21,10,11
32,28,0,0,0,0,0,0,0,0,0,12,5,7,25,11,14,30,13,17
33,67,618,306,312,1141,589,552,1663,871,792,1347,709,638,1029,546,483,1046,560,486
33,69,19,10,9,25,15,10,35,22,13,29,16,13,32,16,16,40,20,20
33,109,99,55,44,147,79,68,137,69,68,2045,1054,991,4256,2106,2150,4345,2158,2187
33,123,705,258,447,5896,3208,2688,5677,3082,2595,5410,2929,2481,5314,2873,2441,5250,2836,2414
33,171,26238,13965,12273,39410,20994,18416,56107,30140,25967,68762,36674,32088,64931,34923,30008,64501,34688,29813
33,215,50561,31707,18854,49666,30483,19183,16392,9637,6755,17837,10324,7513,21030,11967,9063,45345,24453,20892
33,219,232210,114292,117918,310644,154898,155746,608669,310090,298579,460918,304040,156878,112009,57378,54631,87099,44584,42515
33,230,0,0,0,261,133,128,1796,993,803,3845,1961,1884,3243,1682,1561,3014,1531,1483
33,58,20203,9725,10478,128458,63743,64715,36692,17996,18696,35964,17639,18325,37686,16301,21385,39062,16304,22758
33,77,52,31,21,62,36,26,80,47,33,87,51,36,99,59,40,109,65,44
33,64,47,42,5,36,32,4,27,24,3,32,29,3,35,32,3,42,38,4
33,142,575,348,227,549,334,215,511,311,200,404,245,159,389,237,152,356,218,138
33,191,2092,1361,731,1305,886,419,1521,1005,516,3247,1510,1737,4729,2249,2480,5227,2490,2737
33,198,7,4,3,29,16,13,103,51,52,148,70,78,190,88,102,219,107,112
33,55,1,1,0,2,2,0,2,2,0,3,3,0,5,5,0,5,5,0
33,31,4,2,2,7,4,3,9,5,4,12,6,6,15,7,8,18,10,8
33,56,0,0,0,0,0,0,0,0,0,2,2,0,4,4,0,6,4,2
33,170,171,84,87,164,88,76,153,89,64,141,99,42,128,107,21,131,110,21
33,59,23,10,13,132,59,73,241,109,132,385,166,219,529,224,305,554,238,316
33,73,3,3,0,4,3,1,5,3,2,24,14,10,42,25,17,61,32,29
33,101,9,5,4,25,12,13,56,29,27,56,31,25,47,24,23,48,24,24
33,114,1,1,0,1,1,0,1,1,0,0,0,0,0,0,0,0,0,0
33,153,0,0,0,3,3,0,58,31,27,444,223,221,897,420,477,1030,484,546
33,199,65,35,30,77,41,36,83,44,39,1271,616,655,2599,1228,1371,2934,1392,1542
33,218,281,166,115,1107,525,582,1953,892,1061,2999,1327,1672,4291,1888,2403,4820,2085,2735
33,83,44,24,20,90,43,47,137,62,75,137,68,69,136,73,63,133,69,64
33,104,101,35,66,327,110,217,553,185,368,780,312,468,1007,439,568,1007,429,578
33,193,5,3,2,8,5,3,103,65,38,50,31,19,101,51,50,107,49,58
33,12,53,31,22,60,35,25,67,40,27,75,44,31,83,49,34,97,58,39
33,19,382,214,168,460,244,216,525,269,256,1299,624,675,1780,867,913,2443,1226,1217
33,74,1344,613,731,1388,621,767,1431,628,803,1493,676,817,1725,738,987,1866,795,1071
33,80,233,173,60,331,220,111,429,267,162,553,313,240,677,360,317,700,372,328
33,145,222,122,100,326,175,151,444,235,209,1711,971,740,2746,1400,1346,2334,1137,1197
33,200,306,143,163,356,168,188,408,194,214,447,200,247,496,187,309,582,245,337
33,62,3,0,3,4,0,4,4,0,4,4,0,4,3,0,3,3,0,3
33,24,0,0,0,1,0,1,1,0,1,1,0,1,0,0,0,0,0,0
33,42,18,8,10,10,5,5,1,1,0,1,1,0,1,1,0,2,2,0
33,37,489,238,251,1389,671,718,2323,1121,1202,4374,2147,2227,6688,3308,3380,7474,3694,3780
33,11,15,9,6,7,4,3,0,0,0,440,220,220,1880,930,950,2152,1084,1068
33,28,0,0,0,0,0,0,0,0,0,10,10,0,21,21,0,25,25,0
34,140,3144,1651,1493,4567,2453,2114,5489,2898,2591,5996,3048,2948,6524,3282,3242,6776,3386,3390
34,5,3569,1920,1649,4147,2151,1996,4724,2381,2343,6109,3000,3109,7493,3619,3874,10459,5018,5441
34,179,4250,2255,1995,3343,1650,1693,2488,1212,1276,1956,945,1011,1538,740,798,1363,655,708
34,51,274,153,121,306,169,137,288,159,129,280,154,126,281,154,127,292,160,132
34,89,98,51,47,112,64,48,121,68,53,220,102,118,341,146,195,379,163,216
34,90,355,130,225,466,183,283,576,235,341,549,221,328,521,206,315,552,215,337
34,184,5,3,2,4,2,2,3,1,2,2,1,1,1,0,1,1,0,1
34,206,19,11,8,21,12,9,23,13,10,25,14,11,36,20,16,40,22,18
34,161,12,7,5,10,8,2,11,11,0,67,67,0,128,128,0,131,131,0
34,31,2,2,0,3,2,1,4,3,1,6,4,2,7,5,2,7,5,2
34,56,3,2,1,5,3,2,7,4,3,9,5,4,11,7,4,11,8,3
34,170,52,26,26,50,27,23,47,27,20,46,27,19,45,26,19,45,26,19
34,59,5,4,1,12,7,5,18,9,9,22,10,12,25,11,14,28,12,16
34,73,2,2,0,3,2,1,4,2,2,6,4,2,8,6,2,13,10,3
34,96,19,9,10,28,13,15,37,18,19,40,19,21,42,20,22,35,14,21
34,101,1,1,0,2,2,0,5,4,1,5,4,1,4,3,1,4,3,1
34,114,1,1,0,1,1,0,1,1,0,1,1,0,1,1,0,0,0,0
34,153,163,91,72,167,93,74,234,136,98,253,143,110,383,209,174,392,217,175
34,199,231,107,124,274,125,149,294,133,161,328,152,176,351,161,190,380,182,198
34,218,45,27,18,180,85,95,319,144,175,700,302,398,1139,488,651,1279,539,740
34,83,32,18,14,33,18,15,34,18,16,24,12,12,14,6,8,14,6,8
34,104,6799,480,6319,5918,739,5179,5037,999,4038,5598,1257,4341,6159,1516,4643,6160,1433,4727
34,163,30179,15865,14314,36695,18895,17800,44701,22760,21941,53008,26065,26943,52513,25102,27411,57636,26272,31364
34,193,1274,498,776,1528,614,914,2441,1019,1422,3243,1352,1891,4499,1923,2576,4445,1826,2619
34,12,22,9,13,25,10,15,28,12,16,32,13,19,35,14,21,41,17,24
34,19,128,46,82,128,46,82,124,44,80,151,55,96,162,66,96,194,83,111
34,74,16358,7646,8712,16887,7742,9145,17416,7838,9578,18180,8282,9898,20608,9051,11557,22292,9750,12542
34,121,1148,570,578,1278,600,678,1422,637,785,1234,594,640,1060,557,503,1619,862,757
34,145,7912,4053,3859,9257,4654,4603,10923,5403,5520,11532,5571,5961,11738,5542,6196,11997,5624,6373
34,200,1084,547,537,1287,678,609,1496,814,682,1638,854,784,1812,837,975,2129,1063,1066
34,62,3,0,3,4,0,4,4,0,4,4,0,4,3,0,3,3,0,3
34,8,51,19,32,50,19,31,49,19,30,37,15,22,24,10,14,24,10,14
34,24,0,0,0,1,0,1,2,0,2,56,19,37,110,39,71,128,45,83
34,42,5,2,3,3,1,2,1,0,1,1,0,1,1,1,0,2,2,0
34,37,48,24,24,183,89,94,322,155,167,246,123,123,185,98,87,207,110,97
34,220,14368,6561,7807,20076,9263,10813,26606,12379,14227,29166,13645,15521,32084,14716,17368,35228,16103,19125
34,11,20,14,6,10,7,3,0,0,0,20,20,0,10,10,0,0,0,0
34,28,0,0,0,0,0,0,0,0,0,592,263,329,1184,526,658,1426,634,792
35,106,1171,597,574,1461,702,759,1761,814,947,2531,1153,1378,2683,1206,1477,3098,1382,1716
35,166,3,3,0,20,16,4,44,34,10,4548,2436,2112,10855,5673,5182,30705,20915,9790
35,113,1398,697,701,1362,675,687,1197,597,600,1119,573,546,1173,605,568,1231,635,596
35,124,747,457,290,1770,1032,738,2979,1702,1277,7714,4527,3187,13519,8072,5447,14127,8592,5535
35,161,7528,3840,3688,3387,1740,1647,186,97,89,109,58,51,38,20,18,39,20,19
35,203,73756,36220,37536,102948,50552,52396,153382,74040,79342,369213,171788,197425,611508,285936,325572,805272,383439,421833
35,226,21150,11456,9694,34400,18916,15484,15945,9223,6722,2357,1417,940,1928,1124,804,990,574,416
35,16,12924,10915,2009,13190,11142,2048,13455,11369,2086,16015,13570,2445,18575,15771,2804,19642,16706,2936
35,55,0,0,0,0,0,0,0,0,0,0,0,0,0,0,0,0,0,0
35,31,6,2,4,8,2,6,9,2,7,11,2,9,13,2,11,13,1,12
35,56,4,2,2,6,3,3,8,4,4,15,9,6,20,12,8,27,15,12
35,95,65,37,28,58,33,25,51,29,22,63,36,27,74,42,32,61,37,24
35,162,31,20,11,26,17,9,23,15,8,24,17,7,27,20,7,25,18,7
35,170,227,111,116,190,116,74,148,118,30,131,107,24,112,93,19,114,95,19
35,59,50,27,23,90,44,46,129,60,69,162,71,91,195,82,113,238,97,141
35,73,62,31,31,73,34,39,83,37,46,158,68,90,233,99,134,331,126,205
35,96,1,0,1,2,1,1,2,1,1,3,1,2,4,2,2,1,0,1
35,101,2,0,2,5,1,4,12,3,9,13,4,9,11,2,9,11,2,9
35,114,0,0,0,0,0,0,0,0,0,0,0,0,0,0,0,0,0,0
35,153,107,56,51,155,80,75,173,86,87,224,112,112,328,151,177,404,164,240
35,199,254,118,136,302,139,163,324,148,176,383,160,223,494,197,297,595,240,355
35,218,97,55,42,385,172,213,680,290,390,884,358,526,1162,461,701,1304,506,798
35,83,8,5,3,9,4,5,10,3,7,16,6,10,22,9,13,22,9,13
35,104,41,14,27,167,60,107,292,106,186,807,445,362,1322,785,537,1322,775,547
35,193,5,3,2,8,5,3,103,60,43,50,29,21,82,35,47,95,32,63
35,12,528,235,293,596,270,326,663,305,358,741,331,410,819,358,461,958,421,537
35,19,164,67,97,163,66,97,158,64,94,213,78,135,230,79,151,273,81,192
35,74,69234,35486,33748,71472,36047,35425,73710,36608,37102,58654,28513,30141,58559,28499,30060,63343,30721,32622
35,80,1666,960,706,1266,722,544,865,483,382,1735,827,908,2605,1172,1433,2695,1213,1482
35,145,261,128,133,384,184,200,522,246,276,634,275,359,678,290,388,738,309,429
35,200,1637,818,819,1716,861,855,1803,911,892,1988,955,1033,2212,919,1293,2599,1186,1413
35,62,118,63,55,131,68,63,144,74,70,130,67,63,115,59,56,121,62,59
35,50,2,0,2,2,0,2,2,0,2,1,0,1,3,0,3,3,0,3
35,8,46,30,16,45,29,16,44,29,15,32,21,11,20,14,6,20,14,6
35,24,0,0,0,0,0,0,0,0,0,0,0,0,0,0,0,0,0,0
35,42,2,1,1,3,1,2,4,1,3,3,1,2,2,1,1,5,3,2
35,37,17233,8389,8844,17797,8622,9175,18784,9062,9722,20565,9724,10841,23582,10999,12583,26354,12283,14071
35,220,118833,54772,64061,125343,58242,67101,136978,64306,72672,143281,67629,75652,151340,70054,81286,167039,77058,89981
35,11,20651,10474,10177,23310,11574,11736,24990,12080,12910,27640,13050,14590,31750,14690,17060,35710,16370,19340
35,147,4114,2030,2084,3575,1687,1888,4643,2258,2385,5600,2719,2881,6263,3035,3228,6826,3301,3525
35,146,482,231,251,558,263,295,635,295,340,676,316,360,718,338,380,754,356,398
35,28,0,0,0,0,0,0,0,0,0,13,7,6,27,14,13,33,17,16
35,68,0,0,0,0,0,0,0,0,0,0,0,0,4,0,4,4,0,4
36,230,10,8,2,13,11,2,18,15,3,66,55,11,243,129,114,892,449,443
36,40,30992,16731,14261,33673,18156,15517,36353,19581,16772,25156,11412,13744,29790,13345,16445,36938,17015,19923
36,48,3464,2036,1428,4003,2275,1728,5614,3118,2496,3570,2357,1213,8502,5202,3300,11300,6727,4573
36,66,202,133,69,268,176,92,333,218,115,486,322,164,638,425,213,798,535,263
36,77,15636,7752,7884,18690,9264,9426,23895,11844,12051,26161,12977,13184,29811,14806,15005,32792,16250,16542
36,64,135,118,17,109,93,16,92,76,16,110,92,18,119,99,20,141,114,27
36,210,0,0,0,0,0,0,0,0,0,0,0,0,555,286,269,718,371,347
36,142,175,144,31,167,138,29,156,128,28,123,101,22,118,97,21,108,89,19
36,191,2303,1488,815,1436,969,467,978,708,270,1224,859,365,2036,1394,642,2709,1856,853
36,81,61,38,23,61,40,21,68,43,25,96,63,33,95,63,32,113,76,37
36,126,592,336,256,618,351,267,567,323,244,2313,1286,1027,4084,2260,1824,4405,2433,1972
36,130,350,189,161,373,217,156,385,241,144,388,249,139,391,254,137,392,256,136
36,149,265,125,140,329,149,180,397,175,222,404,178,226,411,180,231,417,183,234
36,150,10242,5746,4496,10384,5789,4595,10943,6061,4882,14534,8024,6510,20636,11357,9279,26893,14755,12138
36,181,837,317,520,875,328,547,792,275,517,852,316,536,953,379,574,979,390,589
36,206,334,207,127,376,233,143,423,262,161,476,295,181,619,396,223,697,446,251
36,55,14,8,6,20,11,9,26,14,12,38,20,18,61,33,28,64,36,28
36,31,1,1,0,3,3,0,4,4,0,6,6,0,8,8,0,16,15,1
36,56,1,0,1,2,1,1,3,2,1,44,35,9,82,66,16,95,77,18
36,95,6,6,0,71,52,19,136,98,38,169,123,46,201,147,54,250,184,66
36,162,14,13,1,11,11,0,10,9,1,23,20,3,38,32,6,37,31,6
36,169,0,0,0,0,0,0,0,0,0,0,0,0,0,0,0,58,47,11
36,170,738,362,376,624,379,245,488,382,106,412,326,86,328,262,66,334,266,68
36,59,31,18,13,84,52,32,137,87,50,348,215,133,558,343,215,712,443,269
36,73,6,2,4,15,9,6,24,16,8,286,187,99,548,358,190,906,574,332
36,96,1,1,0,2,2,0,2,2,0,3,3,0,4,4,0,6,4,2
36,101,67,29,38,185,76,109,405,173,232,405,187,218,339,143,196,346,143,203
36,114,1,1,0,1,1,0,1,1,0,1,1,0,2,2,0,1,1,0
36,153,121,71,50,149,82,67,197,113,84,368,216,152,549,312,237,686,372,314
36,199,84,57,27,100,67,33,108,72,36,598,440,158,1366,920,446,1410,870,540
36,218,451,278,173,1773,903,870,3125,1541,1584,6210,3035,3175,9801,4807,4994,11009,5325,5684
36,83,188,104,84,308,162,146,434,221,213,453,234,219,472,248,224,462,234,228
36,104,254,88,166,1861,921,940,3468,1755,1713,7462,3832,3630,11455,5909,5546,11457,5811,5646
36,163,16,9,7,35,20,15,57,32,25,66,42,24,65,45,20,71,47,24
36,188,0,0,0,0,0,0,1,1,0,1,1,0,7,7,0,20,19,1
36,193,428,228,200,685,387,298,1239,721,518,3321,2070,1251,5860,3716,2144,5178,3127,2051
36,12,360,227,133,407,259,148,453,290,163,506,319,187,559,349,210,654,410,244
36,19,1592,838,754,1640,867,773,1641,874,767,3430,1727,1703,7305,3558,3747,12295,6323,5972
36,74,36846,17351,19495,38038,17574,20464,39229,17796,21433,63768,27110,36658,75139,28930,46209,81278,31131,50147
36,80,2178,1650,528,5590,3818,1772,9001,5985,3016,14118,8356,5762,19234,10727,8507,19897,11097,8800
36,121,58,21,37,55,21,34,53,20,33,45,19,26,39,18,21,61,28,33
36,145,431,227,204,634,327,307,859,435,424,1776,960,816,1895,938,957,1923,927,996
36,200,2245,886,1359,3555,1465,2090,4879,2056,2823,5473,2133,3340,6175,1939,4236,7256,2624,4632
36,62,3,3,0,4,4,0,4,4,0,13,7,6,22,11,11,23,11,12
36,50,8,3,5,6,2,4,7,3,4,5,2,3,9,4,5,9,4,5
36,133,5,3,2,5,3,2,6,3,3,21,16,5,39,31,8,47,36,11
36,24,1,0,1,2,1,1,2,1,1,6,5,1,10,9,1,12,11,1
36,42,18,10,8,12,6,6,6,3,3,5,3,2,3,2,1,5,3,2
36,63,15,10,5,17,11,6,19,13,6,22,15,7,31,22,9,45,32,13
36,37,302,147,155,1275,615,660,2278,1098,1180,5392,2807,2585,8830,4692,4138,9868,5241,4627
36,220,3161,1717,1444,7313,4009,3304,11765,6476,5289,20110,11113,8997,28702,15640,13062,41242,22419,18823
36,11,68,46,22,55,34,21,40,20,20,120,70,50,260,160,100,411,263,148
36,28,0,0,0,0,0,0,0,0,0,69,40,29,138,80,58,166,96,70
36,68,0,0,0,0,0,0,0,0,0,0,0,0,2,2,0,2,2,0
37,131,36,13,23,27,12,15,34,15,19,32,16,16,32,17,15,36,20,16
37,215,101,71,30,99,69,30,280,159,121,278,158,120,277,157,120,275,156,119
37,219,184,109,75,234,139,95,247,147,100,275,165,110,282,169,113,294,178,116
37,230,227,107,120,188,89,99,157,75,82,177,85,92,200,94,106,225,114,111
37,39,19,9,10,157,79,78,281,142,139,215,109,106,213,108,105,186,94,92
37,77,90,49,41,108,59,49,138,75,63,151,82,69,172,93,79,189,102,87
37,64,331,198,133,382,212,170,464,243,221,552,305,247,596,319,277,707,335,372
37,118,946,570,376,1509,908,601,2098,1276,822,2311,1567,744,2528,1723,805,2850,1930,920
37,27,112,57,55,104,52,52,106,52,54,210,102,108,314,151,163,417,198,219
37,142,279,123,156,266,118,148,248,110,138,196,87,109,188,84,104,172,78,94
37,191,2877,1191,1686,2292,1092,1200,2357,1254,1103,2821,1468,1353,4503,2326,2177,6114,3162,2952
37,198,4,3,1,4,3,1,12,6,6,15,7,8,19,9,10,19,7,12
37,81,147,61,86,147,69,78,164,69,95,231,105,126,230,109,121,273,131,142
37,89,297,158,139,342,200,142,370,214,156,673,325,348,1045,470,575,1163,524,639
37,90,37,15,22,48,20,28,58,25,33,56,24,32,54,23,31,57,24,33
37,117,247,130,117,241,125,116,238,120,118,107,69,38,49,22,27,35,16,19
37,130,46,26,20,49,30,19,50,33,17,50,34,16,50,35,15,50,36,14
37,184,38,16,22,37,15,22,36,14,22,35,14,21,34,13,21,33,12,21
37,206,18,12,6,20,14,6,23,17,6,26,20,6,42,27,15,48,31,17
37,202,77,35,42,62,32,30,54,33,21,51,27,24,53,24,29,51,23,28
37,43,3756,2219,1537,4985,2937,2048,6215,3656,2559,6856,4330,2526,7498,5005,2493,8629,5891,2738
37,44,8414,4674,3740,11844,6591,5253,15273,8508,6765,14797,8188,6609,14357,7888,6469,14660,7796,6864
37,57,149,82,67,179,98,81,209,114,95,255,141,114,301,169,132,331,187,144
37,106,4910,2501,2409,7325,3516,3809,10089,4661,5428,9427,4294,5133,9995,4495,5500,9072,4046,5026
37,136,26,14,12,28,17,11,32,20,12,74,56,18,125,99,26,133,103,30
37,166,513,278,235,1818,1056,762,3703,2219,1484,7351,5623,1728,13912,11148,2764,14153,12410,1743
37,35,20,10,10,53,26,27,85,42,43,66,33,33,47,24,23,42,22,20
37,98,286,151,135,189,102,87,92,53,39,983,531,452,1938,994,944,2086,1081,1005
37,161,628,326,302,1097,609,488,1872,1054,818,3593,2009,1584,5480,3027,2453,5565,3077,2488
37,185,717,396,321,816,448,368,996,538,458,2339,1223,1116,3814,1976,1838,4700,2433,2267
37,203,917,566,351,826,522,304,907,579,328,773,487,286,695,435,260,606,376,230
37,226,26,14,12,77,45,32,201,126,75,544,347,197,1205,743,462,1454,891,563
37,23,17,8,9,20,10,10,23,11,12,29,14,15,35,17,18,37,18,19
37,97,6474,3011,3463,4242,2005,2237,2009,999,1010,1856,920,936,1703,842,861,1642,811,831
37,125,12,7,5,46,21,25,78,39,39,66,36,30,70,45,25,98,69,29
37,194,2,1,1,31,25,6,61,43,18,122,63,59,247,130,117,245,127,118
37,55,374,185,189,529,251,278,684,317,367,1002,461,541,1606,750,856,1676,792,884
37,103,4777,2207,2570,5666,2600,3066,6238,2881,3357,7019,3277,3742,7885,3706,4179,8132,3801,4331
37,107,241,123,118,319,166,153,396,210,186,572,336,236,735,449,286,344,181,163
37,211,345,176,169,835,409,426,1329,642,687,1369,646,723,1410,649,761,1431,642,789
37,18,85,44,41,123,52,71,160,60,100,154,58,96,148,56,92,155,58,97
37,31,17,11,6,64,37,27,111,63,48,175,100,75,232,134,98,474,249,225
37,56,121,68,53,181,104,77,241,140,101,409,238,171,544,326,218,811,483,328
37,95,226,100,126,824,413,411,1422,726,696,1756,912,844,2090,1098,992,2346,1243,1103
37,162,2207,1174,1033,1887,990,897,1614,835,779,2301,1218,1083,3061,1631,1430,2951,1589,1362
37,170,394,193,201,396,202,194,385,205,180,470,260,210,547,310,237,558,316,242
37,187,40,18,22,144,71,73,288,142,146,324,162,162,363,184,179,440,228,212
37,59,2175,1043,1132,2519,1238,1281,2862,1432,1430,3206,1588,1618,3549,1743,1806,3803,1852,1951
37,68,29,16,13,45,24,21,60,32,28,87,51,36,114,71,43,106,66,40
37,70,3,2,1,6,4,2,5,4,1,8,4,4,14,7,7,13,6,7
37,73,960,449,511,977,485,492,993,521,472,1257,675,582,1521,829,692,1989,1024,965
37,96,145,65,80,170,78,92,195,91,104,216,107,109,236,122,114,285,141,144
37,101,371,182,189,1313,623,690,2976,1460,1516,4461,2143,2318,5211,2178,3033,5323,2186,3137
37,102,104,46,58,119,53,66,133,59,74,167,70,97,198,79,119,206,83,123
37,114,42,23,19,64,35,29,87,47,40,119,68,51,148,85,63,124,71,53
37,120,66,34,32,74,38,36,57,29,28,49,27,22,36,20,16,31,17,14
37,153,2126,970,1156,2121,963,1158,2242,1010,1232,2352,1079,1273,2800,1317,1483,3032,1449,1583
37,199,1791,935,856,2126,1102,1024,2280,1174,1106,2551,1314,1237,3100,1563,1537,3611,1802,1809
37,218,63555,29013,34542,66277,29978,36299,70115,31355,38760,70642,30926,39716,76921,33399,43522,86415,36864,49551
37,1,1151,908,243,1244,982,262,1337,1057,280,1128,910,218,920,742,178,1004,810,194
37,52,473,170,303,468,189,279,413,191,222,706,334,372,998,476,522,1004,477,527
37,83,14677,7381,7296,13411,6464,6947,12366,5528,6838,12627,5573,7054,12887,5618,7269,12611,5204,7407
37,104,10188,3421,6767,8234,2869,5365,6280,2318,3962,15908,6952,8956,25536,11587,13949,25540,11339,14201
37,127,1385,671,714,1622,798,824,1603,773,830,1519,723,796,1699,823,876,2053,1021,1032
37,163,4262,2048,2214,5657,2692,2965,7283,3458,3825,7470,3550,3920,6417,3060,3357,7044,3204,3840
37,182,1,1,0,19,11,8,259,139,120,641,340,301,627,332,295,612,323,289
37,188,274,125,149,246,113,133,219,100,119,355,172,183,425,200,225,418,227,191
37,193,2236,1023,1213,2642,1224,1418,4185,1989,2196,4961,2298,2663,5698,2628,3070,6414,2901,3513
37,12,1402,681,721,1582,782,800,1761,882,879,1969,962,1007,2177,1043,1134,2547,1228,1319
37,19,1526,775,751,1910,948,962,2239,1097,1142,2530,1161,1369,2773,1319,1454,3143,1445,1698
37,74,16520,7738,8782,17054,7835,9219,17588,7933,9655,22661,10409,12252,23794,10474,13320,25738,11283,14455
37,80,9241,4699,4542,10444,5113,5331,11647,5527,6120,15343,7365,7978,19039,9204,9835,19695,9521,10174
37,121,229,109,120,217,103,114,208,98,110,180,91,89,155,84,71,238,132,106
37,145,6485,3220,3265,7185,3500,3685,8136,3893,4243,8841,4140,4701,9180,4304,4876,9776,4585,5191
37,200,6669,2983,3686,7502,3563,3939,8364,4169,4195,9354,4420,4934,10526,4293,6233,12369,5553,6816
37,6,28,8,20,61,15,46,94,23,71,108,26,82,118,29,89,126,31,95
37,7,218,105,113,287,138,149,356,172,184,382,184,198,408,197,211,434,209,225
37,14,730,286,444,1040,481,559,1351,677,674,1399,735,664,1446,793,653,1567,854,713
37,17,668,280,388,729,313,416,791,346,445,721,316,405,656,289,367,689,304,385
37,25,52,31,21,108,64,44,164,97,67,174,103,71,77,53,24,87,60,27
37,29,120,51,69,142,59,83,163,66,97,187,76,111,210,85,125,234,95,139
37,38,426,219,207,912,472,440,1399,725,674,1366,678,688,1332,632,700,1315,623,692
37,53,135,77,58,102,56,46,69,35,34,69,35,34,63,32,31,57,29,28
37,61,67,34,33,88,44,44,105,53,52,129,65,64,158,81,77,184,94,90
37,62,3562,1794,1768,3957,1945,2012,4351,2096,2255,2761,1376,1385,1152,647,505,1216,683,533
37,85,85,42,43,145,89,56,205,136,69,215,143,72,225,150,75,227,152,75
37,86,197,95,102,263,124,139,329,153,176,404,186,218,478,218,260,496,224,272
37,92,628,307,321,739,367,372,850,428,422,1003,509,494,1156,591,565,1302,668,634
37,105,1140,553,587,1277,644,633,1414,735,679,1378,720,658,1342,706,636,1313,691,622
37,138,56,27,29,44,21,23,33,16,17,34,17,17,35,17,18,37,18,19
37,164,231,109,122,244,116,128,259,124,135,202,96,106,121,56,65,119,56,63
37,174,107,51,56,143,68,75,197,95,102,230,112,118,243,118,125,256,124,132
37,176,143,70,73,148,73,75,154,77,77,157,79,78,163,84,79,163,83,80
37,186,0,0,0,0,0,0,0,0,0,18,9,9,37,18,19,38,18,20
37,209,963,460,503,874,417,457,947,457,490,1016,489,527,1716,875,841,1777,920,857
37,213,162,84,78,284,148,136,406,211,195,427,225,202,448,238,210,462,249,213
37,20,542,269,273,515,254,261,487,239,248,596,291,305,704,342,362,818,395,423
37,50,810,463,347,754,435,319,1074,611,463,704,397,307,1387,784,603,1443,812,631
37,65,508,243,265,379,184,195,249,125,124,242,125,117,235,126,109,245,131,114
37,88,272,66,206,262,98,164,251,129,122,298,176,122,345,224,121,397,260,137
37,94,264,150,114,262,145,117,259,140,119,254,139,115,249,138,111,256,143,113
37,133,3100,1428,1672,5063,2473,2590,7245,3640,3605,8248,4200,4048,10208,5254,4954,14121,7261,6860
37,148,185,95,90,147,75,72,180,92,88,219,112,107,234,121,113,252,131,121
37,157,140,73,67,280,149,131,438,232,206,966,550,416,1540,900,640,1808,1053,755
37,8,796,360,436,953,452,501,1110,545,565,819,408,411,528,272,256,530,273,257
37,24,1765,872,893,1728,860,868,1672,838,834,1430,699,731,1185,559,626,1380,651,729
37,28,970,612,358,1113,671,442,1256,730,526,1425,900,525,1573,1056,517,1894,1271,623
37,42,1051,555,496,1430,756,674,1809,958,851,1467,865,602,1125,772,353,1847,1101,746
37,46,682,348,334,731,380,351,780,413,367,782,420,362,919,505,414,985,546,439
37,63,806,394,412,889,432,457,971,470,501,1146,567,579,1610,777,833,2341,1121,1220
37,91,92,47,45,147,76,71,202,105,97,272,142,130,341,179,162,400,210,190
37,159,1418,689,729,1999,1179,820,2575,1661,914,2453,1583,870,2337,1507,830,2281,1470,811
37,160,875,445,430,764,384,380,893,451,442,1045,530,515,1132,577,555,1223,626,597
37,222,427,180,247,389,147,242,355,117,238,329,132,197,306,142,164,284,155,129
37,225,981,517,464,977,522,455,964,520,444,1016,542,474,1071,566,505,1136,593,543
37,22,2295,984,1311,2437,1148,1289,2579,1313,1266,2426,1273,1153,2272,1232,1040,2302,1250,1052
37,84,13,4,9,11,4,7,12,8,4,24,16,8,11,6,5,15,10,5
37,175,205,51,154,215,65,150,208,69,139,212,80,132,187,71,116,181,69,112
37,220,744830,245893,498937,767121,254071,513050,820771,274267,546504,818370,276067,542303,826000,269194,556806,842175,272801,569374
37,11,27452,13475,13977,27916,13639,14277,30240,14640,15600,36270,17430,18840,44540,21050,23490,54034,25336,28698
37,147,6566,3114,3452,7238,3365,3873,7563,3676,3887,8601,4175,4426,9350,4531,4819,9950,4812,5138
37,158,358,212,146,366,231,135,274,190,84,274,193,81,232,166,66,235,170,65
37,76,114,79,35,125,86,39,134,91,43,140,96,44,135,94,41,128,90,38
37,177,16,8,8,15,8,7,14,7,7,12,6,6,11,5,6,11,5,6
37,36,0,0,0,0,0,0,0,0,0,179,91,88,143,76,67,137,63,74
37,137,0,0,0,0,0,0,0,0,0,0,0,0,66,9,57,69,10,59
37,54,0,0,0,0,0,0,0,0,0,0,0,0,83,54,29,90,59,31
38,31,0,0,0,1,1,0,1,1,0,2,1,1,2,1,1,3,1,2
38,73,0,0,0,0,0,0,0,0,0,0,0,0,0,0,0,0,0,0
38,101,5,2,3,13,5,8,29,13,16,29,14,15,24,10,14,25,11,14
38,218,150,85,65,591,262,329,1043,442,601,892,387,505,814,367,447,914,407,507
38,83,15,7,8,12,5,7,10,3,7,5,1,4,0,0,0,0,0,0
38,14,9,3,6,9,4,5,9,6,3,15,9,6,21,12,9,23,13,10
38,174,2,1,1,2,2,0,4,3,1,4,3,1,4,3,1,4,3,1
38,50,8,6,2,6,5,1,6,5,1,4,3,1,8,7,1,8,7,1
38,94,68,36,32,68,35,33,67,34,33,66,34,32,64,33,31,66,34,32
38,42,17,5,12,9,2,7,1,0,1,1,0,1,1,1,0,2,2,0
38,37,96,47,49,91,44,47,89,42,47,230,115,115,384,195,189,429,218,211
38,11,3,0,3,1,0,1,0,0,0,20,10,10,60,40,20,95,53,42
39,192,0,0,0,0,0,0,0,0,0,0,0,0,5166,2857,2309,4574,2650,1924
39,40,8067,4355,3712,8765,4726,4039,9463,5097,4366,63510,28812,34698,75211,33693,41518,93259,42960,50299
39,48,10616,5635,4981,11844,5710,6134,16245,7300,8945,14620,6570,8050,24601,12771,11830,32696,16302,16394
39,64,51,35,16,45,29,16,43,25,18,51,31,20,55,33,22,65,35,30
39,196,17911,9208,8703,18271,9412,8859,18639,9621,9018,20771,10697,10074,16064,8197,7867,13489,6908,6581
39,191,118,85,33,73,55,18,50,39,11,59,46,13,95,74,21,121,95,26
39,126,283,146,137,295,152,143,271,140,131,1105,556,549,1951,975,976,2104,1049,1055
39,206,179,98,81,201,110,91,226,124,102,254,139,115,333,190,143,375,214,161
39,55,4,2,2,6,3,3,7,3,4,10,4,6,16,6,10,17,7,10
39,56,1,1,0,1,0,1,1,0,1,1,0,1,0,0,0,0,0,0
39,95,4,4,0,5,4,1,6,4,2,7,5,2,7,6,1,8,6,2
39,170,131,64,67,132,67,65,129,68,61,110,63,47,90,57,33,91,57,34
39,59,1,1,0,2,1,1,2,1,1,6,2,4,10,4,6,10,3,7
39,73,0,0,0,1,1,0,2,2,0,2,1,1,2,1,1,3,2,1
39,101,1,0,1,4,1,3,9,3,6,9,3,6,8,3,5,8,3,5
39,114,1,0,1,1,0,1,2,1,1,1,1,0,1,1,0,0,0,0
39,199,8,4,4,10,5,5,11,5,6,55,25,30,80,38,42,109,58,51
39,218,42,22,20,169,64,105,299,106,193,217,78,139,153,58,95,171,64,107
39,83,42,24,18,66,31,35,91,37,54,247,120,127,402,202,200,393,189,204
39,104,6,2,4,35,19,16,63,36,27,151,86,65,238,135,103,238,133,105
39,188,12,6,6,25,14,11,40,22,18,0,0,0,3,1,2,36,20,16
39,193,13,7,6,20,11,9,241,137,104,116,65,51,142,78,64,162,97,65
39,12,16,10,6,18,11,7,20,13,7,23,15,8,25,16,9,29,19,10
39,19,68,34,34,67,33,34,65,32,33,97,50,47,107,60,47,136,78,58
39,74,8492,4317,4175,8767,4384,4383,9041,4451,4590,14600,7190,7410,15456,7454,8002,16719,8035,8684
39,145,14,9,5,20,12,8,29,15,14,43,23,20,57,27,30,56,28,28
39,200,120,56,64,133,69,64,147,81,66,158,83,75,174,81,93,204,103,101
39,62,6,0,6,7,0,7,7,0,7,68,41,27,128,81,47,135,85,50
39,50,5,4,1,4,3,1,4,3,1,3,2,1,5,4,1,5,4,1
39,24,0,0,0,0,0,0,0,0,0,28,22,6,56,44,12,65,51,14
39,42,8,5,3,5,3,2,2,1,1,2,1,1,2,1,1,5,3,2
39,37,14,6,8,92,44,48,173,83,90,256,113,143,355,151,204,397,169,228
39,11,6,6,0,3,3,0,0,0,0,0,0,0,0,0,0,0,0,0
39,36,0,0,0,0,0,0,0,0,0,14607,6558,8049,97713,48356,49357,201957,90672,111285
39,28,0,0,0,0,0,0,0,0,0,5,0,5,11,3,8,13,3,10
39,68,0,0,0,0,0,0,0,0,0,0,0,0,1,1,0,1,1,0
39,58,0,0,0,0,0,0,0,0,0,0,0,0,0,0,0,73094,38331,34763
40,192,0,0,0,0,0,0,0,0,0,0,0,0,5327,3064,2263,5184,3122,2062
40,5,12,6,6,14,6,8,16,7,9,21,9,12,26,11,15,36,15,21
40,36,95527,47150,48377,88874,43740,45134,82221,40330,41891,70899,37548,33351,56426,31080,25346,54160,26229,27931
40,39,10010,5457,4553,13169,7299,5870,15183,8502,6681,11609,6507,5102,11488,6443,5045,10029,5594,4435
40,48,3239,2103,1136,3743,2368,1375,5249,3263,1986,3338,2373,965,7949,5323,2626,10565,6926,3639
40,77,1396,839,557,1669,1003,666,2134,1282,852,2337,1405,932,2663,1603,1060,2929,1760,1169
40,64,305,198,107,264,169,95,244,153,91,290,188,102,313,199,114,371,218,153
40,118,871,569,302,744,494,250,631,434,197,696,519,177,763,571,192,860,641,219
40,196,196164,97702,98462,129807,65288,64519,72615,37367,35248,80942,41675,39267,71202,36462,34740,74514,37631,36883
40,21,367,194,173,374,199,175,381,204,177,489,268,221,596,331,265,699,392,307
40,81,8,6,2,8,6,2,9,7,2,13,10,3,13,10,3,15,11,4
40,130,47,24,23,50,28,22,51,31,20,51,32,19,51,33,18,51,34,17
40,149,1443,832,611,1077,612,465,720,397,323,733,404,329,745,410,335,756,416,340
40,150,11111,6234,4877,11265,6280,4985,11871,6575,5296,15767,8705,7062,22387,12321,10066,29175,16007,13168
40,206,342,225,117,385,254,131,433,286,147,487,322,165,633,428,205,713,483,230
40,15,140,100,40,154,109,45,169,118,51,256,175,81,401,272,129,430,290,140
40,107,4,4,0,18,14,4,32,24,8,46,37,9,59,48,11,28,22,6
40,111,870,527,343,697,445,252,795,538,257,858,567,291,1136,740,396,1305,788,517
40,165,10484,3150,7334,9228,3761,5467,6597,3840,2757,2582,1311,1271,663,532,131,512,418,94
40,217,1063,757,306,1361,975,386,1739,1245,494,2094,1448,646,4493,3147,1346,4967,3463,1504
40,31,1,1,0,2,2,0,3,3,0,4,3,1,5,4,1,5,4,1
40,56,2,2,0,3,3,0,4,4,0,6,5,1,7,6,1,7,6,1
40,95,2,2,0,2,1,1,1,0,1,1,0,1,1,0,1,3,3,0
40,170,161,79,82,139,83,56,112,84,28,131,104,27,149,123,26,152,126,26
40,187,8,5,3,43,17,26,91,33,58,103,38,65,116,44,72,141,56,85
40,59,1,1,0,2,2,0,2,2,0,9,7,2,15,11,4,16,13,3
40,73,1,1,0,2,2,0,3,3,0,5,4,1,7,6,1,10,7,3
40,101,2,1,1,5,3,2,12,8,4,12,8,4,10,7,3,10,7,3
40,153,7,7,0,9,9,0,7,7,0,16,13,3,23,19,4,23,18,5
40,199,22,18,4,26,21,5,28,22,6,39,30,9,54,39,15,66,46,20
40,218,25,21,4,101,76,25,180,133,47,245,157,88,331,194,137,371,215,156
40,83,18,9,9,21,13,8,24,17,7,22,13,9,19,8,11,19,8,11
40,104,17,6,11,71,31,40,124,56,68,344,244,100,563,431,132,563,429,134
40,193,7,5,2,11,8,3,141,98,43,68,47,21,95,65,30,122,90,32
40,12,7,4,3,8,5,3,9,6,3,10,6,4,11,7,4,12,8,4
40,19,94,54,40,94,54,40,91,52,39,142,88,54,168,98,70,287,184,103
40,74,2554,1460,1094,2637,1488,1149,2719,1516,1203,6219,3309,2910,6858,3763,3095,7418,4059,3359
40,80,265,235,30,281,246,35,297,257,40,302,238,64,306,218,88,317,226,91
40,145,28,17,11,40,23,17,56,31,25,103,70,33,100,65,35,85,55,30
40,200,157,80,77,186,98,88,216,115,101,235,120,115,260,117,143,305,149,156
40,62,3,3,0,4,4,0,4,4,0,4,4,0,3,3,0,3,3,0
40,24,6,5,1,4,3,1,1,1,0,1,1,0,0,0,0,0,0,0
40,42,4,2,2,11,3,8,17,4,13,14,5,9,11,6,5,18,7,11
40,37,106,52,54,356,172,184,614,296,318,668,372,296,763,472,291,853,528,325
40,11,15,9,6,12,9,3,10,10,0,20,20,0,40,40,0,32,32,0
41,102,182,105,77,195,114,81,208,124,84,232,133,99,253,140,113,263,146,117
41,218,18441,8613,9828,15347,7333,8014,12513,6157,6356,14541,7024,7517,17753,8535,9218,19942,9448,10494
41,83,2,2,0,3,1,2,4,0,4,3,0,3,2,0,2,2,0,2
41,38,5,3,2,10,5,5,16,7,9,15,7,8,15,7,8,14,7,7
41,50,97,32,65,73,25,48,85,28,57,56,18,38,110,35,75,114,36,78
42,64,21,8,13,20,9,11,20,10,10,24,13,11,26,14,12,31,15,16
42,142,48,34,14,45,32,13,44,31,13,34,24,10,32,23,9,29,21,8
42,191,650,408,242,405,246,159,277,148,129,331,173,158,529,275,254,609,317,292
42,161,9,3,6,51,22,29,108,46,62,97,41,56,92,38,54,93,39,54
42,55,12,5,7,17,6,11,22,8,14,32,12,20,51,19,32,53,20,33
42,103,2613,1228,1385,2900,1342,1558,3024,1396,1628,3134,1447,1687,3283,1514,1769,3386,1553,1833
42,211,10,4,6,25,9,16,41,14,27,42,14,28,43,14,29,43,13,30
42,31,3,2,1,7,4,3,10,6,4,15,9,6,20,12,8,24,16,8
42,56,7,4,3,11,7,4,15,10,5,53,33,20,86,54,32,117,71,46
42,95,112,70,42,110,63,47,108,56,52,133,70,63,158,84,74,140,78,62
42,162,33,21,12,28,18,10,24,15,9,41,24,17,61,35,26,60,36,24
42,169,0,0,0,0,0,0,0,0,0,0,0,0,0,0,0,25,14,11
42,170,638,313,325,662,328,334,662,331,331,386,199,187,104,64,40,107,66,41
42,187,2,1,1,8,5,3,17,10,7,20,12,8,22,13,9,28,17,11
42,59,1070,538,532,1198,600,598,1326,662,664,1403,692,711,1480,723,757,1612,797,815
42,73,166,85,81,175,91,84,183,96,87,284,140,144,384,184,200,552,259,293
42,96,15,9,6,34,20,14,52,31,21,68,38,30,83,44,39,71,39,32
42,101,27,11,16,75,30,45,164,68,96,165,75,90,139,58,81,142,58,84
42,114,1,1,0,1,1,0,2,2,0,3,3,0,5,5,0,4,4,0
42,153,5496,3117,2379,5249,2885,2364,5444,2922,2522,5893,3119,2774,6336,3335,3001,6631,3436,3195
42,199,21091,10690,10401,25029,12592,12437,26842,13417,13425,27811,13964,13847,28378,14287,14091,28853,14637,14216
42,218,717,415,302,2817,1300,1517,4966,2204,2762,5667,2559,3108,6830,3152,3678,7673,3486,4187
42,4,68,36,32,63,33,30,58,30,28,148,78,70,230,121,109,201,107,94
42,52,122,43,79,110,38,72,87,30,57,106,39,67,125,49,76,126,49,77
42,83,783,461,322,582,303,279,391,146,245,383,140,243,375,135,240,367,122,245
42,104,8674,2913,5761,6919,2375,4544,5164,1837,3327,8795,3562,5233,12425,5287,7138,12427,5160,7267
42,163,55,27,28,119,58,61,188,91,97,196,94,102,172,82,90,188,86,102
42,188,7,4,3,14,7,7,23,11,12,16,8,8,30,17,13,28,18,10
42,193,11887,5295,6592,14194,6449,7745,22607,10585,12022,49390,24552,24838,64296,31720,32576,54640,25872,28768
42,12,693,325,368,782,374,408,870,422,448,973,460,513,1075,497,578,1258,586,672
42,19,1178,633,545,1196,625,571,1179,600,579,1084,535,549,961,448,513,1180,552,628
42,74,13207,6501,6706,13634,6595,7039,14060,6688,7372,13011,6276,6735,13314,6195,7119,14402,6676,7726
42,80,6888,3508,3380,6584,3114,3470,6279,2719,3560,10845,4946,5899,15411,7173,8238,15942,7420,8522
42,121,56,29,27,53,28,25,51,27,24,44,25,19,38,22,16,59,35,24
42,145,2655,1343,1312,2673,1330,1343,2787,1361,1426,3031,1450,1581,3050,1430,1620,3328,1559,1769
42,200,4716,2348,2368,4967,2535,2432,5238,2739,2499,5860,2934,2926,6596,2911,3685,7751,3722,4029
42,14,9,5,4,8,4,4,8,5,3,20,9,11,32,14,18,35,15,20
42,53,393,214,179,298,156,142,203,99,104,202,99,103,184,91,93,166,82,84
42,62,1891,1237,654,2101,1357,744,2310,1476,834,1460,908,552,600,334,266,633,352,281
42,92,333,214,119,392,254,138,451,295,156,532,349,183,613,403,210,690,455,235
42,164,924,438,486,879,418,461,837,398,439,1007,477,530,1052,493,559,789,368,421
42,50,1490,757,733,1127,586,541,1327,686,641,869,444,425,1713,877,836,1782,908,874
42,65,380,172,208,294,136,158,207,99,108,214,105,109,220,111,109,229,115,114
42,88,271,92,179,231,95,136,191,98,93,227,128,99,262,157,105,301,182,119
42,94,273,143,130,252,128,124,230,113,117,226,113,113,221,112,109,227,116,111
42,133,2783,1340,1443,4144,1909,2235,5685,2574,3111,5175,2524,2651,5267,2772,2495,7202,3788,3414
42,148,144,94,50,115,75,40,111,69,42,110,64,46,117,69,48,126,75,51
42,157,998,504,494,997,506,491,1060,538,522,1271,660,611,1544,823,721,1813,965,848
42,8,223528,117266,106262,214736,108853,105883,205945,100442,105503,195316,92812,102504,184687,85183,99504,213119,98228,114891
42,24,4807,2398,2409,4622,2348,2274,4388,2271,2117,4230,2200,2030,4063,2125,1938,4730,2474,2256
42,28,22243,12936,9307,19708,11601,8107,17172,10266,6906,16352,9780,6572,15298,9146,6152,18422,11014,7408
42,46,1859,874,985,1810,892,918,1761,910,851,1679,896,783,1889,1050,839,2024,1134,890
42,63,5302,2850,2452,5002,2711,2291,4702,2572,2130,5551,3090,2461,7797,4252,3545,11341,6148,5193
42,71,43,25,18,42,25,17,65,39,26,131,76,55,181,103,78,198,111,87
42,159,2460,1366,1094,2425,1389,1036,2382,1401,981,2269,1335,934,2161,1270,891,2109,1239,870
42,160,5138,2396,2742,4483,2063,2420,5239,2424,2815,6129,2853,3276,6644,3110,3534,7182,3377,3805
42,222,1161,559,602,1299,625,674,1455,699,756,1430,682,748,1406,664,742,1384,651,733
42,225,22198,11600,10598,18675,9742,8933,15733,8183,7550,15347,8008,7339,14945,7826,7119,15263,7894,7369
42,37,21945,10684,11261,23182,11230,11952,24970,12046,12924,24756,12053,12703,26030,12820,13210,29090,14318,14772
42,220,55681,23396,32285,66875,28404,38471,80804,34695,46109,85360,36884,48476,90964,38414,52550,97901,41178,56723
42,11,29145,14340,14805,27782,13567,14215,26100,12590,13510,26900,12960,13940,28270,13680,14590,30963,15038,15925
42,147,826,399,427,1019,480,539,735,358,377,1316,639,677,1924,932,992,2503,1211,1292
42,68,0,0,0,0,0,0,0,0,0,0,0,0,8,8,0,7,7,0
43,67,8,2,6,53,45,8,98,88,10,115,104,11,133,120,13,135,122,13
43,122,1481,827,654,1312,738,574,1458,820,638,1609,906,703,1784,1005,779,1979,1112,867
43,131,346,270,76,3273,628,2645,8024,849,7175,5151,774,4377,2564,952,1612,2951,1187,1764
43,183,58,43,15,80,66,14,103,89,14,279,243,36,456,398,58,512,451,61
43,215,142,101,41,139,98,41,432,276,156,429,274,155,426,271,155,423,269,154
43,230,100,72,28,128,93,35,166,120,46,408,295,113,1007,701,306,2480,1248,1232
43,48,283,260,23,327,299,28,459,419,40,292,273,19,695,643,52,924,852,72
43,77,107,76,31,128,91,37,164,117,47,179,127,52,204,145,59,224,159,65
43,64,479,394,85,501,370,131,562,375,187,669,460,209,722,488,234,856,542,314
43,118,1366,1125,241,1800,1293,507,2264,1494,770,2493,1796,697,2727,1973,754,3074,2213,861
43,196,1678,863,815,1711,882,829,1746,901,845,1890,976,914,1215,627,588,1111,574,537
43,27,874,844,30,1055,1018,37,1348,1301,47,2262,2182,80,3184,3071,113,4230,4078,152
43,116,162,92,70,140,80,60,114,65,49,116,66,50,118,67,51,121,69,52
43,142,4593,3287,1306,4392,3151,1241,4078,2931,1147,3224,2312,912,3106,2229,877,2847,2047,800
43,191,8690,3804,4886,8051,4170,3881,9695,5566,4129,11605,6538,5067,18522,10372,8150,25180,14114,11066
43,34,30,14,16,41,20,21,51,26,25,37,18,19,22,10,12,23,10,13
43,81,121,99,22,121,101,20,135,111,24,190,158,32,189,158,31,224,188,36
43,89,134,102,32,154,122,32,166,131,35,302,224,78,469,341,128,522,380,142
43,126,301,242,59,190,145,45,76,46,30,307,185,122,542,324,218,584,349,235
43,130,142,19,123,151,32,119,156,46,110,157,51,106,158,54,104,158,55,103
43,184,280,273,7,273,266,7,266,259,7,260,254,6,258,252,6,257,251,6
43,206,247,199,48,278,224,54,313,253,60,352,285,67,459,374,85,517,422,95
43,108,695,367,328,1142,611,531,1588,855,733,1811,997,814,2033,1139,894,2162,1227,935
43,112,770,325,445,612,278,334,445,227,218,379,193,186,308,155,153,271,136,135
43,202,74,33,41,60,35,25,52,40,12,50,31,19,51,23,28,49,22,27
43,44,1659157,920641,738516,1772597,949254,823343,1886037,977867,908170,2070537,991785,1078752,2260045,1008141,1251904,2307783,979443,1328340
43,45,172346,80291,92055,187448,85332,102116,199200,89101,110099,230183,105729,124454,261728,118191,143537,281611,125637,155974
43,57,19668,10741,8927,19590,10522,9068,19511,10302,9209,22740,11808,10932,25969,13314,12655,28594,14741,13853
43,106,150383,76614,73769,226056,108504,117552,335600,155039,180561,648120,295216,352904,687156,309056,378100,652413,290991,361422
43,136,1649,944,705,1821,1081,740,2013,1235,778,4992,4056,936,8545,7444,1101,9373,8118,1255
43,166,19827,10564,9263,48299,24455,23844,92142,47637,44505,242958,121875,121083,490028,236955,253073,750639,371745,378894
43,30,1509,809,700,1718,929,789,1926,1048,878,1969,1077,892,2012,1106,906,2055,1135,920
43,35,707,412,295,1853,1077,776,2998,1742,1256,2340,1387,953,1682,1031,651,1518,943,575
43,98,258310,121854,136456,170906,82982,87924,83502,44109,39393,72094,40757,31337,65307,36626,28681,70319,39771,30548
43,113,4125,2251,1874,3743,2044,1699,3005,1664,1341,2820,1596,1224,2965,1687,1278,3114,1772,1342
43,124,91377,45422,45955,65974,32710,33264,47499,22824,24675,26851,12859,13992,9923,5080,4843,10368,5446,4922
43,141,72413,38077,34336,55637,29002,26635,44999,23227,21772,38118,19832,18286,35082,18543,16539,33656,17929,15727
43,161,53792,28456,25336,62449,32094,30355,88418,44141,44277,60525,30279,30246,35398,17245,18153,35952,17544,18408
43,185,150447,70486,79961,191075,86902,104173,250198,109883,140315,299651,126904,172747,365797,150765,215032,448566,182526,266040
43,203,58,39,19,116,74,42,200,124,76,33311,21444,11867,68811,44547,24264,100320,65132,35188
43,205,928,588,340,1012,637,375,1104,690,414,1172,781,391,1139,864,275,1123,854,269
43,226,612,323,289,1192,650,542,2573,1481,1092,2661,1604,1057,2440,1427,1013,3005,1753,1252
43,16,140163,120340,19823,131427,112976,18451,122691,105612,17079,145405,125476,19929,168119,145341,22778,177772,153924,23848
43,23,422,225,197,496,264,232,570,304,266,714,376,338,858,448,410,906,473,433
43,97,18165,10785,7380,13430,7948,5482,8695,5111,3584,8034,4715,3319,7372,4318,3054,7107,4159,2948
43,144,21906,9448,12458,25260,12500,12760,22820,13348,9472,19775,10790,8985,20920,6172,14748,20308,5950,14358
43,155,490,283,207,410,237,173,363,210,153,347,201,146,338,196,142,334,194,140
43,194,37,30,7,312,285,27,588,534,54,1153,1011,142,2312,2035,277,2401,2107,294
43,55,398,204,194,563,277,286,728,351,377,1065,510,555,1708,830,878,1783,875,908
43,79,421,186,235,337,159,178,252,132,120,248,131,117,246,131,115,228,122,106
43,103,1027,468,559,1002,449,553,921,411,510,747,333,414,582,259,323,600,265,335
43,107,192,103,89,5718,646,5072,11240,1232,10008,16235,3533,12702,20878,5464,15414,9777,979,8798
43,115,88,47,41,2596,77,2519,5103,107,4996,3994,242,3752,2885,378,2507,2428,1167,1261
43,211,529,289,240,1020,511,509,1634,810,824,1695,822,873,1727,815,912,1764,814,950
43,31,362,211,151,443,247,196,524,283,241,689,374,315,824,448,376,977,513,464
43,56,303,182,121,454,278,176,605,374,231,2714,1507,1207,4601,2574,2027,4788,2539,2249
43,95,941,419,522,4242,2194,2048,7543,3969,3574,9317,4981,4336,11091,5993,5098,11449,6017,5432
43,162,922,443,479,788,373,415,674,313,361,932,421,511,1221,540,681,1177,527,650
43,169,605,346,259,1331,790,541,1986,1152,834,2101,1182,919,2109,1253,856,3522,2034,1488
43,170,67405,33076,34329,64969,34661,30308,60177,35000,25177,58247,33333,24914,55119,30995,24124,56171,31463,24708
43,187,49,26,23,320,154,166,681,325,356,764,371,393,856,421,435,1038,525,513
43,216,7924,4888,3036,7666,4812,2854,7502,4795,2707,6854,4384,2470,6539,4186,2353,6560,4203,2357
43,59,1301,637,664,2441,1070,1371,3580,1502,2078,7229,2815,4414,10878,4129,6749,11662,4292,7370
43,68,59,28,31,92,44,48,124,59,65,163,81,82,201,102,99,187,95,92
43,70,1,1,0,0,0,0,1,1,0,7,1,6,18,4,14,32,8,24
43,73,428,253,175,1106,560,546,1783,866,917,4573,1973,2600,7362,3080,4282,11550,4390,7160
43,96,58,26,32,118,55,63,177,83,94,335,128,207,493,174,319,564,187,377
43,101,563,277,286,3056,1456,1600,7229,3562,3667,10704,5609,5095,12416,6087,6329,12683,6138,6545
43,114,24,10,14,175,93,82,326,175,151,281,149,132,230,118,112,192,97,95
43,120,157,92,65,175,103,72,137,81,56,105,46,59,60,2,58,51,0,51
43,153,1862,1069,793,2878,1411,1467,3617,1410,2207,5995,1877,4118,8852,2794,6058,11203,3790,7413
43,199,6920,2853,4067,8212,3349,4863,8807,3557,5250,14006,4993,9013,25107,9773,15334,30743,12345,18398
43,218,23384,10926,12458,83030,40188,42842,144073,70015,74058,147321,71181,76140,162564,78878,83686,182628,87346,95282
43,52,0,0,0,0,0,0,0,0,0,222,109,113,443,218,225,446,219,227
43,83,329,234,95,441,276,165,560,320,240,2015,1077,938,3470,1835,1635,3396,1730,1666
43,104,32172,14849,17323,53519,25410,28109,74865,35971,38894,137633,68705,68928,200400,101438,98962,200434,99684,100750
43,127,148,63,85,173,75,98,220,97,123,259,117,142,333,134,199,417,179,238
43,163,673,349,324,1452,752,700,2291,1188,1103,6280,3289,2991,9227,4851,4376,10128,5122,5006
43,182,216,123,93,1375,767,608,1870,1026,844,1845,1003,842,1804,980,824,1763,956,807
43,188,61,31,30,132,76,56,204,120,84,302,167,135,794,449,345,908,506,402
43,193,8432,4470,3962,4349,2291,2058,2138,1152,986,81322,42538,38784,154918,76977,77941,152904,70458,82446
43,12,9703,4371,5332,10934,4993,5941,12165,5615,6550,13655,6139,7516,15145,6664,8481,17713,7848,9865
43,19,2683,1519,1164,3257,1643,1614,3737,1726,2011,6799,3230,3569,8627,3929,4698,12245,5773,6472
43,74,41681,19645,22036,43028,19896,23132,44375,20148,24227,70951,31501,39450,101734,41529,60205,110045,44709,65336
43,80,19834,14297,5537,34512,20740,13772,49190,27184,22006,74072,35762,38310,98954,44340,54614,102365,45869,56496
43,119,28,14,14,40,21,19,52,27,25,58,29,29,66,31,35,77,36,41
43,121,1017,497,520,966,470,496,927,450,477,804,415,389,691,385,306,1056,594,462
43,145,20779,10382,10397,26141,12795,13346,32395,15607,16788,43937,19451,24486,52904,23311,29593,62708,27987,34721
43,200,8082,3515,4567,9792,4325,5467,11538,5167,6371,13469,5677,7792,15662,5564,10098,18405,7363,11042
43,7,57,27,30,84,40,44,110,53,57,118,57,61,126,61,65,134,65,69
43,10,247,154,93,435,242,193,622,330,292,855,444,411,1071,550,521,1127,579,548
43,14,67,43,24,80,51,29,93,59,34,126,75,51,159,92,67,172,99,73
43,17,0,0,0,0,0,0,0,0,0,30,17,13,41,23,18,43,25,18
43,25,23,13,10,48,27,21,74,42,32,78,44,34,15,10,5,17,12,5
43,53,658,507,151,499,380,119,339,252,87,337,251,86,308,230,78,277,207,70
43,61,14,9,5,19,13,6,23,16,7,27,19,8,33,22,11,38,25,13
43,62,3613,2061,1552,4013,2247,1766,4413,2434,1979,2920,1617,1303,1406,789,617,1484,832,652
43,92,348,201,147,410,240,170,471,278,193,556,330,226,640,381,259,721,431,290
43,129,68,33,35,103,55,48,139,77,62,145,79,66,151,81,70,156,83,73
43,164,339,161,178,826,393,433,1315,624,691,1422,673,749,1351,633,718,1088,508,580
43,174,21,10,11,27,13,14,38,19,19,44,23,21,47,24,23,49,25,24
43,186,0,0,0,0,0,0,0,0,0,83,44,39,167,88,79,174,91,83
43,209,469,242,227,425,219,206,461,240,221,494,257,237,836,457,379,866,480,386
43,20,551,340,211,823,473,350,1094,605,489,1378,760,618,1661,914,747,1930,1057,873
43,50,252,159,93,190,121,69,222,140,82,146,92,54,287,180,107,299,187,112
43,65,260,168,92,224,143,81,187,117,70,218,135,83,248,153,95,259,160,99
43,88,307,133,174,361,173,188,415,214,201,493,260,233,571,307,264,657,358,299
43,94,394,255,139,419,266,153,443,277,166,434,273,161,425,270,155,437,279,158
43,133,1240,784,456,1911,1049,862,2665,1363,1302,4696,2524,2172,7272,3980,3292,9945,5439,4506
43,148,55,44,11,44,35,9,81,56,25,121,78,43,129,84,45,139,91,48
43,157,10235,5942,4293,10439,5863,4576,11300,6124,5176,13280,7047,6233,15893,8402,7491,18665,9846,8819
43,8,4268,2149,2119,5850,3107,2743,7432,4066,3366,9954,5375,4579,12476,6684,5792,14397,7709,6688
43,24,805,504,301,675,424,251,538,339,199,754,472,282,968,604,364,1127,703,424
43,28,8532,4565,3967,9429,5115,4314,10326,5665,4661,14884,8099,6785,19229,10409,8820,23156,12535,10621
43,42,1124,653,471,1691,942,749,2258,1231,1027,4001,2198,1803,5743,3164,2579,9439,3992,5447
43,46,1233,709,524,1392,790,602,1551,871,680,1588,893,695,1901,1081,820,2037,1167,870
43,63,654,390,264,934,557,377,1214,724,490,1433,867,566,2013,1198,815,2928,1735,1193
43,75,961,514,447,1201,614,587,1440,713,727,1236,614,622,1032,515,517,1246,614,632
43,91,263,154,109,422,249,173,580,343,237,780,465,315,980,587,393,1149,688,461
43,159,1953,1089,864,1419,794,625,882,494,388,840,471,369,800,448,352,780,436,344
43,160,2923,1611,1312,2551,1393,1158,2981,1634,1347,3487,1919,1568,3780,2089,1691,4086,2266,1820
43,197,2055,1109,946,2538,1374,1164,3135,1697,1438,3836,2090,1746,4526,2468,2058,5338,2914,2424
43,225,6458,3768,2690,8067,4573,3494,9988,5483,4505,11278,6394,4884,12713,7429,5284,13865,8024,5841
43,22,85,56,29,128,83,45,170,109,61,258,147,111,346,185,161,350,188,162
43,37,168079,81825,86254,286712,138663,148049,412162,198829,213333,508994,237598,271396,636401,291370,345031,711220,325387,385833
43,84,0,0,0,1,1,0,2,1,1,6,4,2,8,1,7,11,2,9
43,220,773939,378564,395375,1023585,501841,521744,1315072,647290,667782,1561898,772568,789330,1827867,888182,939685,2103551,1018969,1084582
43,11,97526,51145,46381,108346,54255,54091,144710,69020,75690,227610,104760,122850,371590,168630,202960,451084,202315,248769
43,147,9059,4531,4528,18991,9179,9812,37900,18421,19479,74705,36260,38445,84329,40859,43470,92602,44780,47822
43,72,848,452,396,835,441,394,833,440,393,836,441,395,898,480,418,925,499,426
43,146,77,41,36,89,47,42,101,52,49,107,56,51,114,60,54,119,63,56
43,158,135,50,85,138,15,123,103,28,75,103,30,73,87,28,59,88,30,58
43,189,241,133,108,239,132,107,228,126,102,213,119,94,211,119,92,197,111,86
43,87,1719,1249,470,2215,1315,900,2710,1380,1330,2422,1241,1181,2133,1101,1032,2152,1110,1042
43,128,40,35,5,89,61,28,153,107,46,231,156,75,296,199,97,318,211,107
43,143,504,295,209,466,273,193,428,251,177,402,233,169,377,221,156,368,217,151
43,152,2598,638,1960,7844,1928,5916,13566,2973,10593,9611,1840,7771,2894,269,2625,2592,230,2362
43,156,320,229,91,543,366,177,1079,624,455,550,389,161,526,364,162,514,352,162
43,3,100,71,29,200,141,59,299,210,89,450,314,136,600,418,182,591,411,180
43,76,546,274,272,599,293,306,641,307,334,671,323,348,648,322,326,615,306,309
43,177,93,73,20,84,66,18,75,59,16,70,55,15,62,48,14,59,46,13
43,208,91,55,36,102,62,40,115,72,43,134,83,51,156,99,57,177,113,64
43,54,0,0,0,0,0,0,0,0,0,0,0,0,450,213,237,489,232,257
44,131,91,49,42,45,27,18,25,16,9,21,14,7,20,13,7,23,16,7
44,191,1786,851,935,1075,535,540,669,349,320,800,408,392,1278,647,631,1734,879,855
44,43,2458,1393,1065,2805,1717,1088,3152,2040,1112,118990,71680,47310,234829,141321,93508,270252,167553,102699
44,45,11736,6155,5581,13498,7589,5909,15019,8902,6117,17762,11000,6762,20550,12885,7665,22111,13782,8329
44,57,97,51,46,102,58,44,106,65,41,128,83,45,149,100,49,164,110,54
44,30,382,188,194,432,215,217,482,242,240,493,249,244,504,256,248,515,263,252
44,35,54,31,23,142,81,61,229,131,98,179,105,74,129,78,51,116,71,45
44,161,196,127,69,203,116,87,268,136,132,254,129,125,252,124,128,256,127,129
44,185,15043,7049,7994,31708,14689,17019,51442,23448,27994,52509,23390,29119,56502,24597,31905,61969,26810,35159
44,107,1,1,0,24,14,10,47,28,19,68,44,24,87,58,29,41,24,17
44,211,14,7,7,33,16,17,54,26,28,55,26,29,56,26,30,56,25,31
44,56,6,2,4,9,3,6,12,4,8,6,2,4,0,0,0,0,0,0
44,170,38,19,19,36,20,16,34,20,14,46,27,19,58,34,24,60,36,24
44,59,492,246,246,492,246,246,491,245,246,503,251,252,515,257,258,527,264,263
44,101,86,42,44,468,221,247,1108,543,565,1610,762,848,1847,748,1099,1887,750,1137
44,153,728,421,307,854,467,387,884,473,411,918,496,422,988,522,466,1018,545,473
44,199,440,189,251,523,223,300,561,237,324,589,256,333,593,259,334,601,257,344
44,218,72371,37581,34790,72931,37509,35422,74718,37977,36741,87213,44640,42573,106808,55347,51461,119990,61399,58591
44,83,30,16,14,40,21,19,51,27,24,26,14,12,0,0,0,0,0,0
44,163,27,11,16,57,23,34,91,36,55,112,45,67,116,47,69,128,50,78
44,12,154,75,79,174,86,88,194,98,96,217,107,110,240,116,124,281,136,145
44,74,2227,1027,1200,2299,1039,1260,2371,1052,1319,1415,628,787,477,207,270,516,223,293
44,14,46,28,18,35,21,14,25,16,9,25,14,11,24,11,13,26,12,14
44,25,58,37,21,121,78,43,185,119,66,197,127,70,15,10,5,17,12,5
44,20,47,25,22,49,25,24,50,25,25,56,29,27,61,32,29,71,37,34
44,50,1504,808,696,1604,874,730,2506,1348,1158,1641,873,768,3235,1725,1510,3365,1786,1579
44,65,13,6,7,10,4,6,7,3,4,8,4,4,8,4,4,8,4,4
44,157,187,100,87,270,146,124,371,201,170,297,154,143,239,118,121,281,138,143
44,8,9,9,0,9,9,0,9,9,0,7,7,0,4,4,0,4,4,0
44,24,0,0,0,8,5,3,15,10,5,9,6,3,2,1,1,2,1,1
44,42,29,19,10,40,23,17,51,28,23,42,25,17,32,22,10,53,34,19
44,46,32,23,9,31,22,9,30,21,9,29,21,8,33,24,9,35,25,10
44,63,33,19,14,37,21,16,41,24,17,48,28,20,67,39,28,97,56,41
44,225,507,296,211,500,292,208,490,286,204,515,301,214,541,317,224,573,332,241
44,37,230328,112130,118198,231291,112067,119224,237754,114695,123059,214333,102326,112007,203786,96405,107381,227744,107665,120079
44,220,147131,71968,75163,171843,84728,87115,203580,101228,102352,210194,105022,105172,219384,107720,111664,223719,109515,114204
44,11,57852,28626,29226,68683,33861,34822,75450,37260,38190,79850,39020,40830,85500,41470,44030,95557,46038,49519
44,147,4839,2384,2455,11441,5490,5951,10996,5345,5651,7350,3568,3782,7401,3587,3814,7334,3547,3787
44,134,8,3,5,7,4,3,8,4,4,15,9,6,18,13,5,21,14,7
44,68,0,0,0,0,0,0,0,0,0,0,0,0,1,0,1,1,0,1
44,54,0,0,0,0,0,0,0,0,0,0,0,0,103,67,36,111,72,39
45,43,12256,6857,5399,12470,7076,5394,12685,7295,5390,16943,9502,7441,21201,11708,9493,24399,13973,10426
45,44,57222,29574,27648,58769,30151,28618,60316,30729,29587,64994,30955,34039,69830,31258,38572,71305,30378,40927
45,185,11755,5110,6645,10309,4505,5804,9861,4233,5628,13897,5815,8082,18709,7712,10997,22199,9130,13069
45,59,5,2,3,3,1,2,0,0,0,0,0,0,0,0,0,0,0,0
45,153,17,13,4,22,13,9,28,14,14,61,40,21,87,63,24,86,60,26
45,163,842,378,464,1816,813,1003,2865,1286,1579,2521,1132,1389,1760,793,967,1932,826,1106
45,12,9,3,6,10,3,7,11,4,7,13,5,8,14,5,9,17,7,10
45,74,111,55,56,115,56,59,118,57,61,67,33,34,16,8,8,17,8,9
45,50,2,1,1,1,1,0,1,1,0,1,1,0,1,1,0,1,1,0
45,42,31,14,17,20,9,11,9,4,5,8,4,4,6,4,2,8,2,6
45,37,6592,3209,3383,6620,3208,3412,6805,3283,3522,5977,2860,3117,5508,2618,2890,6156,2924,3232
45,220,5107,2499,2608,5794,2858,2936,6718,3342,3376,8555,4277,4278,10498,5158,5340,11332,5551,5781
45,11,1699,767,932,1947,877,1070,2080,940,1140,2110,950,1160,2570,1190,1380,2943,1293,1650
46,64,65,59,6,52,44,8,43,32,11,51,39,12,55,42,13,65,48,17
46,191,118,71,47,159,74,85,246,94,152,294,108,186,469,169,300,539,195,344
46,161,156,81,75,93,54,39,56,41,15,87,64,23,123,89,34,125,90,35
46,55,31,9,22,44,11,33,57,14,43,84,20,64,134,33,101,140,36,104
46,103,1155,486,669,1520,628,892,1800,745,1055,2226,922,1304,2678,1106,1572,2762,1133,1629
46,107,15,3,12,23,8,15,30,12,18,44,21,23,57,28,29,27,10,17
46,211,11,4,7,27,10,17,44,15,29,45,15,30,46,15,31,46,14,32
46,31,1,0,1,6,3,3,10,6,4,16,10,6,22,14,8,33,21,12
46,56,18,11,7,27,16,11,36,22,14,99,52,47,153,79,74,237,122,115
46,95,33,20,13,84,45,39,135,70,65,167,88,79,199,106,93,220,118,102
46,162,81,54,27,69,46,23,59,38,21,92,49,43,128,61,67,123,59,64
46,170,336,165,171,297,173,124,249,175,74,228,160,68,203,141,62,206,142,64
46,187,3,2,1,16,12,4,34,25,9,39,29,10,44,33,11,54,40,14
46,59,807,421,386,1424,764,660,2040,1107,933,2522,1337,1185,3003,1567,1436,3270,1730,1540
46,70,22,12,10,39,23,16,43,25,18,43,24,19,36,22,14,29,15,14
46,73,132,66,66,242,130,112,352,195,157,623,331,292,894,467,427,1258,611,647
46,96,21,9,12,42,18,24,62,27,35,110,45,65,157,62,95,191,69,122
46,114,2,0,2,3,0,3,4,0,4,7,2,5,10,4,6,8,3,5
46,153,1618,906,712,2584,1472,1112,3230,1804,1426,4123,2252,1871,4823,2573,2250,5693,2981,2712
46,199,5749,3096,2653,6822,3649,3173,7317,3892,3425,8896,4688,4208,10531,5382,5149,11973,6051,5922
46,218,5546,2037,3509,8660,3398,5262,11920,4802,7118,17569,7145,10424,24649,10171,14478,27691,11207,16484
46,52,0,0,0,0,0,0,0,0,0,23,8,15,45,16,29,45,16,29
46,83,442,20,422,410,55,355,385,85,300,397,92,305,408,99,309,399,84,315
46,104,9633,1467,8166,12313,2452,9861,14993,3437,11556,27259,8810,18449,39525,14184,25341,39532,13733,25799
46,163,107,34,73,229,72,157,362,115,247,507,171,336,568,199,369,624,202,422
46,188,2,1,1,4,3,1,7,4,3,11,4,7,32,10,22,38,9,29
46,193,12548,4415,8133,21683,7751,13932,40145,14796,25349,270028,115774,154254,376158,163793,212365,346936,142464,204472
46,12,864,344,520,975,398,577,1086,452,634,1214,488,726,1342,525,817,1570,620,950
46,19,564,252,312,689,276,413,794,294,500,1252,479,773,1438,593,845,1973,810,1163
46,74,15050,6729,8321,15537,6802,8735,16023,6874,9149,22163,10047,12116,25174,10514,14660,27231,11322,15909
46,80,4218,1868,2350,6401,2202,4199,8584,2537,6047,14982,5135,9847,21379,7732,13647,22116,7999,14117
46,119,0,0,0,0,0,0,1,1,0,15,4,11,30,7,23,36,9,27
46,121,26,8,18,24,8,16,23,7,16,19,7,12,17,7,10,25,10,15
46,145,4915,2176,2739,6784,2921,3863,8883,3755,5128,11688,4935,6753,12975,5426,7549,14375,5945,8430
46,200,5057,2079,2978,6475,2774,3701,7917,3490,4427,8955,3694,5261,10168,3475,6693,11949,4630,7319
46,10,1849,678,1171,4446,1744,2702,7043,2811,4232,8243,3127,5116,9279,3380,5899,9762,3556,6206
46,14,28,8,20,30,13,17,33,19,14,106,63,43,178,106,72,193,114,79
46,25,787,250,537,1641,516,1125,2495,781,1714,2658,831,1827,517,199,318,588,227,361
46,38,73,46,27,154,97,57,236,149,87,310,164,146,385,180,205,380,178,202
46,53,353,176,177,268,128,140,182,80,102,181,80,101,166,74,92,149,66,83
46,62,4697,2450,2247,5217,2661,2556,5737,2872,2865,4593,2310,2283,3416,1731,1685,3606,1826,1780
46,92,828,421,407,975,503,472,1121,584,537,1322,694,628,1523,805,718,1715,910,805
46,164,3399,1610,1789,3601,1707,1894,3813,1809,2004,4482,2120,2362,4589,2151,2438,3788,1767,2021
46,186,0,0,0,0,0,0,0,0,0,100,41,59,200,82,118,208,85,123
46,50,4372,2160,2212,4147,2081,2066,5995,2958,3037,7703,3770,3933,20945,10326,10619,21787,10684,11103
46,65,386,161,225,375,165,210,363,169,194,458,219,239,553,270,283,577,282,295
46,88,490,152,338,610,245,365,730,339,391,868,438,430,1005,537,468,1156,625,531
46,94,409,237,172,527,296,231,644,355,289,631,351,280,618,348,270,636,361,275
46,133,4660,2272,2388,5530,2576,2954,6639,3007,3632,9403,4102,5301,13259,5683,7576,20135,9248,10887
46,148,298,143,155,237,113,124,309,161,148,389,211,178,415,226,189,447,245,202
46,157,13968,6902,7066,17179,8492,8687,21473,10565,10908,33463,15635,17828,47046,21726,25320,55251,25446,29805
46,8,2702,1195,1507,3162,1459,1703,3622,1724,1898,2672,1294,1378,1722,864,858,8640,4333,4307
46,24,651,272,379,1002,480,522,1342,682,660,1946,1082,864,2546,1480,1066,2964,1723,1241
46,28,2223,1097,1126,3196,1695,1501,4169,2294,1875,5520,2879,2641,6792,3419,3373,8179,4117,4062
46,42,1554,688,866,2734,1220,1514,3913,1751,2162,9898,4481,5417,15882,7210,8672,23471,11060,12411
46,63,40238,18406,21832,55897,26355,29542,71556,34305,37251,93022,44596,48426,192805,96826,95979,194733,97795,96938
46,160,4247,2002,2245,3706,1724,1982,4331,2026,2305,5066,2383,2683,5492,2597,2895,5937,2820,3117
46,225,555578,259738,295840,588323,278046,310277,617182,294386,322796,666380,315004,351376,918949,441632,477317,973315,469595,503720
46,37,7547,3674,3873,12595,6092,6503,17942,8655,9287,39330,18731,20599,63081,29989,33092,70497,33492,37005
46,220,286124,125806,160318,390026,173372,216654,509872,228714,281158,564430,254674,309756,625906,276484,349422,687696,302653,385043
46,11,2106,986,1120,3146,1494,1652,4000,1920,2080,5810,2720,3090,12420,5910,6510,15497,7217,8280
46,147,235,114,121,290,137,153,209,102,107,372,181,191,790,383,407,1197,579,618
46,68,0,0,0,0,0,0,0,0,0,0,0,0,13,6,7,12,5,7
46,54,0,0,0,0,0,0,0,0,0,0,0,0,4414,1513,2901,4797,1650,3147
47,67,27,6,21,60,26,34,93,45,48,141,72,69,189,98,91,192,101,91
47,122,8179,4565,3614,7242,4070,3172,8050,4540,3510,8910,5042,3868,9876,5605,4271,10953,6238,4715
47,132,10288,6124,4164,20154,11193,8961,36203,18514,17689,49545,24487,25058,56520,26800,29720,59811,27107,32704
47,168,441,237,204,952,470,482,1509,722,787,1878,895,983,2143,1016,1127,2215,1045,1170
47,219,343,206,137,458,276,182,487,293,194,551,332,219,567,342,225,596,360,236
47,64,431,381,50,527,443,84,664,540,124,791,652,139,854,698,156,1013,804,209
47,118,1230,1088,142,2178,1843,335,3162,2635,527,3483,3006,477,3810,3293,517,4295,3705,590
47,191,194,158,36,120,100,20,82,70,12,97,83,14,156,133,23,199,170,29
47,56,0,0,0,1,1,0,1,1,0,1,1,0,1,1,0,0,0,0
47,170,17,8,9,15,9,6,13,9,4,50,27,23,87,45,42,88,44,44
47,59,18,13,5,17,12,5,16,11,5,17,9,8,18,7,11,13,4,9
47,73,1,1,0,2,1,1,2,1,1,3,2,1,3,2,1,4,3,1
47,101,0,0,0,0,0,0,0,0,0,0,0,0,0,0,0,0,0,0
47,218,7,5,2,33,16,17,60,27,33,95,41,54,138,59,79,154,66,88
47,83,0,0,0,0,0,0,0,0,0,38,29,9,75,58,17,73,56,17
47,104,3,1,2,7,2,5,11,3,8,24,8,16,37,14,23,37,14,23
47,74,18859,9246,9613,19469,9378,10091,20078,9509,10569,30384,15080,15304,33867,15686,18181,36634,16904,19730
47,200,15,8,7,17,10,7,21,13,8,23,15,8,26,15,11,30,18,12
47,42,4,2,2,3,1,2,1,0,1,1,0,1,1,1,0,2,2,0
47,37,19,9,10,29,14,15,40,19,21,109,52,57,185,88,97,207,99,108
48,123,735,401,334,1567,858,709,1509,824,685,1438,783,655,1413,768,645,1395,758,637
48,219,15007,7624,7383,22000,11149,10851,23143,11458,11685,23777,11743,12034,24354,12007,12347,25017,12399,12618
48,230,116,52,64,456,205,251,1794,805,989,5632,1998,3634,8481,4262,4219,9562,4730,4832
48,5,410,190,220,477,210,267,543,230,313,703,287,416,862,344,518,1203,476,727
48,40,715,386,329,777,419,358,839,452,387,580,262,318,687,307,380,852,392,460
48,58,3647,1823,1824,5912,2954,2958,9470,4645,4825,9470,4645,4825,1551,766,785,6545,1184,5361
48,77,5037,2334,2703,6021,2790,3231,7698,3567,4131,8428,3909,4519,9604,4460,5144,10564,4893,5671
48,64,26,23,3,39,29,10,55,37,18,65,45,20,70,48,22,83,53,30
48,118,74,67,7,183,134,49,297,206,91,326,245,81,357,269,88,402,302,100
48,139,1286,680,606,1180,616,564,1243,639,604,1275,646,629,1427,720,707,1913,960,953
48,142,1652,955,697,1579,917,662,1468,855,613,1160,673,487,1117,649,468,1024,598,426
48,191,1302,765,537,3712,2355,1357,7768,4896,2872,9749,5774,3975,16438,9473,6965,21955,12664,9291
48,198,1,1,0,9,5,4,36,19,17,49,24,25,62,29,33,72,36,36
48,21,537,283,254,789,420,369,1041,557,484,1335,730,605,1629,903,726,1910,1070,840
48,126,4022,2098,1924,4208,2194,2014,3856,2021,1835,15735,8003,7732,27782,14060,13722,29972,15135,14837
48,206,123,73,50,138,82,56,155,92,63,174,104,70,229,140,89,257,157,100
48,161,121,66,55,296,273,23,555,555,0,525,525,0,521,521,0,529,529,0
48,31,10,9,1,9,7,2,8,5,3,9,5,4,9,4,5,13,7,6
48,56,16,14,2,24,20,4,32,27,5,43,31,12,50,32,18,61,40,21
48,95,18,18,0,37,32,5,55,46,9,68,57,11,81,68,13,82,64,18
48,162,68,54,14,58,47,11,50,40,10,78,51,27,110,63,47,106,62,44
48,170,492,241,251,424,253,171,341,256,85,459,344,115,569,426,143,580,434,146
48,187,1,1,0,6,4,2,14,9,5,16,10,6,18,11,7,22,13,9
48,59,31,14,17,58,29,29,84,44,40,377,184,193,670,325,345,756,364,392
48,73,12,5,7,12,5,7,12,6,6,55,29,26,97,52,45,155,81,74
48,101,163,80,83,578,274,304,1312,645,667,2058,1078,980,2466,1211,1255,2519,1221,1298
48,114,1,1,0,1,1,0,2,2,0,1,1,0,1,1,0,0,0,0
48,153,132,67,65,172,86,86,266,135,131,687,352,335,1694,875,819,2168,1079,1089
48,199,125,67,58,149,80,69,160,85,75,347,180,167,637,313,324,816,412,404
48,218,456,277,179,1793,893,900,3162,1522,1640,5608,2430,3178,8511,3567,4944,9561,3932,5629
48,83,35,2,33,435,211,224,843,420,423,1144,536,608,1445,653,792,1414,607,807
48,104,508,177,331,1898,904,994,3287,1630,1657,3336,1694,1642,3384,1757,1627,3385,1729,1656
48,163,532,252,280,1148,541,607,1812,855,957,1216,497,719,419,58,361,459,46,413
48,193,93,62,31,294,206,88,623,442,181,1694,1130,564,2333,1469,864,2105,1252,853
48,12,252,140,112,284,160,124,316,180,136,354,198,156,391,216,175,457,254,203
48,19,989,643,346,781,476,305,550,295,255,839,425,414,663,332,331,843,429,414
48,74,48395,25853,22542,49960,26297,23663,51524,26741,24783,57496,28522,28974,64227,32722,31505,69474,35284,34190
48,80,351,299,52,844,545,299,1337,791,546,2701,1395,1306,4064,1998,2066,4204,2067,2137
48,145,295,174,121,433,250,183,587,335,252,1071,624,447,1008,550,458,996,506,490
48,200,3193,1759,1434,2070,1146,924,955,539,416,991,536,455,1048,501,547,1231,633,598
48,50,7,5,2,5,3,2,6,4,2,4,3,1,8,5,3,8,5,3
48,8,92,48,44,90,47,43,88,47,41,65,34,31,42,22,20,42,22,20
48,24,1,0,1,3,1,2,5,3,2,6,4,2,6,4,2,7,5,2
48,42,2,1,1,7,4,3,12,8,4,10,7,3,8,6,2,13,7,6
48,37,87,42,45,182,88,94,282,136,146,1004,558,446,1787,1015,772,1997,1134,863
48,11,134,75,59,130,69,61,120,60,60,690,400,290,1070,610,460,1403,684,719
48,36,0,0,0,0,0,0,0,0,0,2972,1475,1497,2365,1227,1138,2270,1016,1254
48,28,0,0,0,0,0,0,0,0,0,39,35,4,79,71,8,95,85,10
48,68,0,0,0,0,0,0,0,0,0,0,0,0,4,3,1,4,3,1
49,59,1,0,1,1,0,1,1,0,1,1,0,1,1,0,1,0,0,0
49,83,5,3,2,5,3,2,5,2,3,3,1,2,0,0,0,0,0,0
49,74,4,1,3,4,1,3,4,1,3,6,0,6,3,0,3,3,0,3
49,62,9,3,6,10,3,7,11,3,8,10,3,7,8,2,6,8,2,6
49,42,2,0,2,2,1,1,2,1,1,2,1,1,1,0,1,2,0,2
49,37,10,5,5,10,5,5,10,5,5,5,3,2,0,0,0,0,0,0
49,11,2295,1115,1180,3562,1749,1813,4620,2290,2330,5450,2690,2760,6640,3320,3320,7986,4031,3955
49,147,15136,7239,7897,13387,6374,7013,14811,7199,7612,14055,6822,7233,13868,6721,7147,13460,6509,6951
49,72,30,16,14,30,16,14,30,16,14,30,16,14,32,17,15,33,18,15
49,177,6,0,6,11,3,8,17,2,15,16,2,14,14,3,11,13,2,11
50,161,21,15,6,21,19,2,29,29,0,32,32,0,38,38,0,39,39,0
50,55,1,0,1,2,0,2,2,0,2,3,0,3,5,0,5,5,0,5
50,211,13,8,5,31,17,14,51,27,24,52,27,25,53,27,26,53,27,26
50,31,1,1,0,2,2,0,3,3,0,4,4,0,5,5,0,7,7,0
50,56,3,2,1,4,3,1,5,4,1,17,11,6,28,18,10,51,28,23
50,95,8,7,1,15,11,4,22,15,7,27,19,8,32,23,9,43,25,18
50,162,28,21,7,24,19,5,21,16,5,28,26,2,37,37,0,36,36,0
50,170,35,17,18,34,18,16,33,18,15,32,18,14,31,17,14,32,17,15
50,59,42,32,10,68,46,22,93,60,33,119,73,46,144,85,59,174,106,68
50,73,10,6,4,16,9,7,21,11,10,38,23,15,54,34,20,77,49,28
50,96,3,2,1,5,3,2,6,4,2,6,4,2,5,3,2,7,4,3
50,101,2,1,1,5,2,3,12,5,7,13,6,7,11,4,7,11,4,7
50,114,0,0,0,0,0,0,0,0,0,0,0,0,1,0,1,0,0,0
50,153,130,63,67,157,79,78,177,88,89,219,112,107,247,121,126,278,144,134
50,199,162,77,85,193,92,101,207,97,110,273,129,144,362,187,175,424,211,213
50,218,50,29,21,200,90,110,355,153,202,503,229,274,693,326,367,777,360,417
50,83,26,15,11,26,12,14,27,9,18,33,8,25,39,7,32,38,5,33
50,104,92,32,60,301,71,230,509,109,400,1009,343,666,1508,577,931,1508,560,948
50,193,644,275,369,778,343,435,1249,572,677,2116,952,1164,3149,1466,1683,3339,1499,1840
50,12,99,38,61,112,44,68,124,49,75,139,53,86,153,56,97,179,66,113
50,19,60,29,31,60,29,31,58,28,30,80,37,43,102,41,61,143,70,73
50,74,421,192,229,435,194,241,448,196,252,640,249,391,696,297,399,753,320,433
50,80,516,231,285,639,241,398,762,251,511,1295,513,782,1828,776,1052,1891,803,1088
50,145,207,101,106,304,143,161,413,191,222,560,249,311,625,273,352,738,332,406
50,200,412,167,245,505,222,283,600,277,323,691,303,388,796,299,497,935,392,543
50,14,10,5,5,38,16,22,66,27,39,58,23,35,50,20,30,54,21,33
50,38,88,62,26,187,133,54,286,203,83,203,144,59,120,84,36,118,83,35
50,62,1552,628,924,1724,673,1051,1896,718,1178,1097,438,659,291,155,136,307,163,144
50,92,274,106,168,322,127,195,370,149,221,437,178,259,504,208,296,568,236,332
50,105,96,40,56,101,42,59,106,45,61,104,45,59,101,45,56,99,44,55
50,164,487,231,256,531,252,279,577,274,303,601,285,316,551,259,292,685,320,365
50,65,1558,759,799,1188,573,615,818,387,431,829,387,442,840,388,452,876,405,471
50,88,758,204,554,746,261,485,734,319,415,872,417,455,1010,515,495,1162,601,561
50,94,594,328,266,617,331,286,639,334,305,626,331,295,613,328,285,631,340,291
50,133,2088,783,1305,2571,1000,1571,3166,1270,1896,2669,1134,1535,2482,1132,1350,2468,1124,1344
50,148,5959,2894,3065,4727,2277,2450,6948,3453,3495,9343,4692,4651,9989,5051,4938,10772,5473,5299
50,157,3919,1683,2236,4155,1844,2311,4654,2108,2546,5500,2545,2955,6608,3149,3459,7760,3688,4072
50,8,462,223,239,359,179,180,257,136,121,190,102,88,123,68,55,123,68,55
50,24,102,53,49,122,61,61,141,68,73,133,66,67,125,64,61,146,75,71
50,28,388,267,121,314,188,126,239,109,130,313,171,142,383,231,152,461,278,183
50,42,428,207,221,442,212,230,455,217,238,369,200,169,283,184,99,467,258,209
50,46,691,321,370,757,357,400,822,392,430,832,402,430,986,489,497,1056,529,527
50,63,313,145,168,351,162,189,389,180,209,459,218,241,645,298,347,938,430,508
50,160,240,116,124,210,100,110,246,118,128,288,138,150,312,151,161,337,164,173
50,225,1661,715,946,1405,592,813,1178,484,694,1142,482,660,1107,479,628,1127,480,647
50,37,1304,635,669,1894,916,978,2529,1220,1309,3416,1658,1758,4509,2201,2308,5039,2458,2581
50,220,43530,17377,26153,56544,22855,33689,71870,29375,42495,78555,32330,46225,86203,34603,51600,85924,34341,51583
50,11,236,122,114,307,161,146,360,190,170,400,220,180,390,200,190,527,294,233
50,68,0,0,0,0,0,0,0,0,0,0,0,0,2,2,0,2,2,0
51,5,5,3,2,6,3,3,7,4,3,20,11,9,33,18,15,46,25,21
51,77,1048,668,380,1252,798,454,1601,1020,581,1753,1118,635,1997,1274,723,2197,1400,797
51,64,208,150,58,181,127,54,168,114,54,200,140,60,216,149,67,256,166,90
51,118,594,429,165,511,363,148,438,307,131,483,365,118,529,401,128,596,450,146
51,210,550,274,276,546,274,272,628,319,309,607,312,295,504,261,243,648,336,312
51,142,45,31,14,43,30,13,41,28,13,32,22,10,30,21,9,27,19,8
51,191,1115,706,409,695,461,234,474,339,135,573,405,168,917,645,272,1229,865,364
51,21,7735,4085,3650,7612,4010,3602,7489,3936,3553,9604,5163,4441,11719,6391,5328,13742,7578,6164
51,32,243776,122630,121146,303170,152766,150404,383695,191021,192674,458125,224696,233429,517165,252411,264754,540779,263936,276843
51,34,9,4,5,12,5,7,15,7,8,11,5,6,7,4,3,7,4,3
51,81,4902,2436,2466,4885,2663,2222,5465,2751,2714,25762,12077,13685,25613,12478,13135,30359,14979,15380
51,89,2472,1291,1181,2850,1637,1213,3087,1746,1341,7307,3417,3890,12219,5715,6504,13608,6375,7233
51,117,2182,1299,883,2132,1215,917,2093,1132,961,7592,3493,4099,26335,14080,12255,40985,19365,21620
51,126,48556,25254,23302,59377,30893,28484,54884,28484,26400,48527,25106,23421,18672,9650,9022,20144,10389,9755
51,130,175,70,105,186,85,101,192,99,93,290,160,130,533,304,229,462,264,198
51,149,4425,2364,2061,2774,1435,1339,1147,518,629,1167,527,640,1186,534,652,1419,666,753
51,181,2322,1221,1101,2428,1270,1158,2195,1099,1096,2362,1225,1137,2642,1425,1217,2715,1465,1250
51,184,74,45,29,72,43,29,70,41,29,68,40,28,67,39,28,66,38,28
51,206,1590,799,791,1791,900,891,2017,1014,1003,2377,1188,1189,3007,1593,1414,5746,2850,2896
51,203,0,0,0,0,0,0,2,1,1,8,5,3,15,8,7,15,8,7
51,31,1,1,0,2,2,0,3,3,0,4,3,1,5,4,1,7,5,2
51,56,3,2,1,5,4,1,7,6,1,42,38,4,74,68,6,83,75,8
51,95,0,0,0,8,6,2,16,12,4,20,15,5,24,18,6,27,22,5
51,170,113,55,58,100,58,42,85,59,26,97,71,26,108,81,27,110,83,27
51,59,70,52,18,191,134,57,311,215,96,365,221,144,419,227,192,447,235,212
51,73,14,13,1,28,24,4,41,35,6,76,59,17,111,83,28,160,119,41
51,96,0,0,0,1,0,1,1,0,1,2,1,1,3,2,1,1,0,1
51,101,26,14,12,71,36,35,154,79,75,155,84,71,130,66,64,133,67,66
51,114,1,1,0,1,1,0,2,2,0,2,2,0,2,2,0,1,1,0
51,153,71,53,18,92,71,21,122,85,37,185,119,66,285,175,110,327,185,142
51,199,247,168,79,293,198,95,315,212,103,442,270,172,709,404,305,949,516,433
51,218,388,252,136,1529,844,685,2697,1449,1248,4946,2426,2520,7598,3625,3973,8535,4012,4523
51,83,117,64,53,116,64,52,116,64,52,117,76,41,118,89,29,115,85,30
51,104,1324,460,864,6833,3290,3543,12341,6120,6221,18946,10547,8399,25551,14974,10577,25555,14787,10768
51,163,27,21,6,57,43,14,91,68,23,111,84,27,114,86,28,126,93,33
51,193,152,95,57,241,155,86,436,285,151,1403,1004,399,3187,2403,784,2958,2067,891
51,12,118,83,35,133,94,39,148,105,43,166,117,49,183,128,55,213,148,65
51,19,330,214,116,449,262,187,555,304,251,1194,673,521,1981,1091,890,3102,1718,1384
51,74,40942,19709,21233,42266,19978,22288,43589,20246,23343,75481,35351,40130,83144,37737,45407,89937,40661,49276
51,80,737,603,134,1745,1294,451,2753,1986,767,3328,2160,1168,3902,2334,1568,4036,2414,1622
51,145,177,111,66,260,161,99,353,216,137,765,482,283,1093,629,464,1268,716,552
51,200,975,457,518,1487,729,758,2005,1005,1000,2265,1079,1186,2569,1062,1507,3019,1372,1647
51,50,2,1,1,2,1,1,2,1,1,1,0,1,3,2,1,3,2,1
51,133,139,70,69,70,36,34,6,5,1,14,11,3,25,18,7,34,26,8
51,8,1,1,0,1,1,0,1,1,0,1,1,0,1,1,0,1,1,0
51,24,4,0,4,3,0,3,1,0,1,2,0,2,3,1,2,3,1,2
51,42,12,8,4,11,7,4,9,5,4,8,5,3,6,4,2,8,2,6
51,37,1670,813,857,1677,813,864,1723,831,892,3845,2068,1777,6198,3435,2763,6927,3837,3090
51,220,1388,907,481,4194,2758,1436,7173,4727,2446,13728,6860,6868,20453,10044,10409,25976,12718,13258
51,11,34,20,14,43,26,17,50,30,20,210,120,90,470,240,230,601,315,286
51,28,0,0,0,0,0,0,0,0,0,164,120,44,329,241,88,396,290,106
51,68,0,0,0,0,0,0,0,0,0,0,0,0,1,1,0,1,1,0
52,64,124,108,16,96,80,16,76,58,18,90,70,20,97,75,22,115,85,30
52,191,479,254,225,391,213,178,422,229,193,496,263,233,792,417,375,1020,538,482
52,55,21,9,12,30,12,18,38,15,23,56,22,34,89,35,54,93,37,56
52,107,19,3,16,25,5,20,31,8,23,45,16,29,59,23,36,28,7,21
52,211,53,25,28,129,57,72,207,90,117,213,90,123,219,90,129,222,89,133
52,31,15,8,7,29,15,14,42,22,20,62,33,29,80,43,37,92,51,41
52,56,417,247,170,626,378,248,835,509,326,1163,766,397,1396,979,417,1579,1082,497
52,95,365,162,203,980,444,536,1595,727,868,1970,917,1053,2345,1107,1238,2061,956,1105
52,162,1142,536,606,976,451,525,835,379,456,812,412,400,815,454,361,786,442,344
52,170,365,179,186,313,188,125,250,189,61,284,211,73,314,229,85,321,234,87
52,187,95,61,34,273,171,102,527,328,199,592,372,220,664,421,243,805,518,287
52,59,504,263,241,542,283,259,579,302,277,665,339,326,751,377,374,818,401,417
52,70,1,1,0,1,1,0,0,0,0,25,14,11,25,14,11,20,11,9
52,73,0,0,0,52,27,25,104,54,50,139,71,68,173,88,85,257,128,129
52,96,6,3,3,9,5,4,11,6,5,81,43,38,151,80,71,164,92,72
52,101,97,51,46,269,136,133,589,306,283,591,324,267,495,255,240,506,258,248
52,114,4,3,1,6,5,1,8,7,1,7,6,1,6,5,1,5,5,0
52,153,7,4,3,102,52,50,1425,785,640,2564,1385,1179,2742,1426,1316,3409,1846,1563
52,199,4108,2137,1971,4875,2519,2356,5229,2685,2544,5937,2992,2945,6277,3110,3167,7615,3883,3732
52,218,1897,1241,656,4290,2061,2229,6757,2911,3846,7108,2952,4156,8038,3272,4766,9029,3604,5425
52,26,21218,10343,10875,27272,13257,14015,33326,16171,17155,17930,8673,9257,12849,6282,6567,11528,5636,5892
52,83,466,257,209,407,189,218,355,120,235,397,127,270,438,133,305,429,118,311
52,104,6648,2311,4337,17882,7396,10486,29115,12480,16635,26910,11519,15391,24705,10558,14147,24709,10306,14403
52,127,18,10,8,22,12,10,54,29,25,87,47,40,68,39,29,85,51,34
52,163,27,17,10,58,37,21,92,58,34,89,49,40,72,31,41,79,31,48
52,182,35548,17021,18527,225683,105588,120095,305449,139863,165586,296465,133800,162665,289781,130669,159112,283247,127291,155956
52,188,49504,25297,24207,49197,24553,24644,48907,23624,25283,52993,26761,26232,60310,29058,31252,49719,24860,24859
52,193,218,113,105,348,184,164,630,339,291,1532,814,718,1691,835,856,1684,812,872
52,204,1437,599,838,1335,551,784,1253,522,731,1288,537,751,1323,552,771,1433,596,837
52,12,43774,20473,23301,49385,23527,25858,54995,26581,28414,44600,21313,23287,34205,16046,18159,40006,18884,21122
52,19,361,173,188,534,255,279,691,330,361,682,307,375,804,374,430,1216,549,667
52,74,10463,5599,4864,10802,5696,5106,11140,5793,5347,9031,4547,4484,9334,4765,4569,10097,5139,4958
52,80,150313,78035,72278,179958,90667,89291,209603,103300,106303,206051,96946,109105,202498,90591,111907,209477,93713,115764
52,119,111,54,57,135,62,73,157,68,89,143,67,76,130,65,65,126,63,63
52,121,400,206,194,380,195,185,365,187,178,316,171,145,271,157,114,415,244,171
52,145,38,21,17,81,42,39,129,65,64,180,88,92,200,100,100,267,134,133
52,200,21387,10325,11062,18107,8863,9244,14894,7461,7433,16547,7857,8690,18522,7589,10933,21766,9811,11955
52,50,21,12,9,16,9,7,18,10,8,12,7,5,24,13,11,25,13,12
52,133,64,34,30,71,36,35,82,40,42,63,31,32,52,25,27,50,24,26
52,157,36,32,4,39,36,3,46,42,4,64,53,11,86,66,20,102,79,23
52,8,2171,1024,1147,2119,1011,1108,2067,999,1068,1525,750,775,983,501,482,986,502,484
52,24,0,0,0,28,18,10,55,35,20,44,27,17,33,20,13,38,23,15
52,42,211,124,87,293,170,123,374,216,158,304,192,112,233,168,65,381,244,137
52,46,52,29,23,51,28,23,49,27,22,47,27,20,53,31,22,57,34,23
52,63,27,17,10,31,20,11,34,22,12,40,27,13,56,37,19,81,54,27
52,160,65,52,13,57,45,12,67,52,15,79,61,18,85,66,19,91,71,20
52,225,363,209,154,358,206,152,351,202,149,368,212,156,387,223,164,410,234,176
52,37,862,419,443,20007,9652,10355,39628,19117,20511,38510,18651,19859,39707,19361,20346,44376,21624,22752
52,220,22927,11215,11712,31278,15337,15941,40908,20137,20771,42138,20845,21293,43885,21327,22558,44598,21607,22991
52,11,48565,25531,23034,55036,28846,26190,58250,30580,27670,69530,35980,33550,68500,34880,33620,69890,35344,34546
52,147,673,365,308,897,472,425,2218,1079,1139,1979,961,1018,1902,923,979,1795,869,926
52,28,0,0,0,0,0,0,0,0,0,283,109,174,567,218,349,683,263,420
52,68,0,0,0,0,0,0,0,0,0,0,0,0,13,9,4,12,8,4
52,137,0,0,0,0,0,0,0,0,0,0,0,0,14529,5452,9077,16344,6192,10152
53,183,20,9,11,26,14,12,33,19,14,36,18,18,39,16,23,43,18,25
53,48,164,49,115,190,51,139,266,65,201,169,71,98,403,137,266,536,167,369
53,142,1005,404,601,961,390,571,893,365,528,706,286,420,680,277,403,623,256,367
53,191,317,251,66,416,277,139,636,378,258,760,444,316,1213,704,509,1647,957,690
53,34,69,33,36,92,46,46,115,59,56,99,49,50,82,39,43,85,40,45
53,89,61,29,32,70,38,32,75,40,35,136,58,78,211,83,128,234,92,142
53,205,85,41,44,92,44,48,101,47,54,107,50,57,105,58,47,103,57,46
53,55,9,5,4,13,7,6,16,8,8,24,12,12,38,19,19,39,19,20
53,211,10,6,4,24,13,11,40,21,19,41,21,20,43,22,21,42,21,21
53,18,22,21,1,34,32,2,46,43,3,45,42,3,43,40,3,44,41,3
53,31,50,36,14,91,59,32,132,82,50,194,120,74,247,152,95,270,163,107
53,56,123,98,25,185,148,37,247,198,49,320,236,84,366,257,109,423,285,138
53,95,252,86,166,335,130,205,417,174,243,515,220,295,613,266,347,565,263,302
53,162,261,175,86,223,149,74,191,126,65,209,139,70,234,155,79,225,150,75
53,169,1,1,0,1,1,0,1,1,0,1,1,0,2,2,0,54,35,19
53,170,2689,1320,1369,2513,1383,1130,2246,1396,850,2238,1385,853,2185,1347,838,2227,1369,858
53,187,23,18,5,49,36,13,90,64,26,101,72,29,113,81,32,138,99,39
53,59,34,20,14,102,46,56,170,72,98,302,132,170,433,192,241,484,213,271
53,73,22,13,9,74,48,26,125,83,42,242,150,92,359,217,142,552,332,220
53,96,7,4,3,11,6,5,14,8,6,25,12,13,36,16,20,48,20,28
53,101,16,8,8,44,20,24,96,44,52,96,47,49,81,37,44,83,37,46
53,114,21,9,12,45,27,18,70,45,25,64,41,23,57,36,21,47,30,17
53,153,44,22,22,49,25,24,209,81,128,492,158,334,720,232,488,966,348,618
53,199,1170,693,477,1388,818,570,1489,873,616,1832,1017,815,2339,1271,1068,2712,1456,1256
53,218,150,87,63,592,275,317,1044,466,578,1641,781,860,2373,1168,1205,2665,1294,1371
53,83,194,107,87,199,81,118,208,54,154,284,80,204,360,106,254,352,93,259
53,104,1444,502,942,6552,910,5642,11659,1318,10341,22561,4677,17884,33463,8036,25427,33469,7583,25886
53,163,116,51,65,250,109,141,396,173,223,996,277,719,1431,336,1095,1570,318,1252
53,182,3,2,1,22,12,10,30,15,15,30,15,15,30,15,15,29,15,14
53,188,2,1,1,4,2,2,8,4,4,14,6,8,44,19,25,70,35,35
53,193,21854,9264,12590,28314,12258,16056,45738,20270,25468,71614,32087,39527,103189,46653,56536,125263,55664,69599
53,12,485,148,337,547,173,374,609,198,411,681,210,471,752,221,531,879,262,617
53,19,144,49,95,213,72,141,276,94,182,520,175,345,600,209,391,708,274,434
53,74,2031,861,1170,2097,869,1228,2162,876,1286,3744,1612,2132,4419,1739,2680,4780,1872,2908
53,80,2734,1833,901,4993,2588,2405,7251,3343,3908,10648,4552,6096,14044,5761,8283,14528,5960,8568
53,121,23,8,15,21,8,13,20,7,13,17,7,10,15,7,8,22,9,13
53,145,313,134,179,460,191,269,624,252,372,1002,388,614,1179,420,759,1313,483,830
53,200,1035,401,634,1585,715,870,2142,1035,1107,2433,1111,1322,2773,1086,1687,3258,1414,1844
53,7,12,6,6,15,7,8,17,8,9,18,8,10,19,9,10,20,9,11
53,14,48,17,31,79,31,48,110,46,64,240,81,159,370,117,253,401,125,276
53,17,0,0,0,0,0,0,0,0,0,42,21,21,56,28,28,58,29,29
53,25,621,214,407,1295,443,852,1970,672,1298,2099,716,1383,40,16,24,45,18,27
53,38,234,127,107,495,270,225,757,414,343,726,374,352,695,335,360,686,330,356
53,61,5,0,5,6,0,6,7,0,7,8,0,8,10,2,8,12,3,9
53,62,6824,3900,2924,7580,4253,3327,8335,4606,3729,6008,3322,2686,3639,2016,1623,3841,2127,1714
53,92,1203,673,530,1416,801,615,1628,929,699,1921,1104,817,2213,1278,935,2492,1443,1049
53,105,1746,835,911,1837,891,946,1928,947,981,1879,929,950,1830,911,919,1791,892,899
53,164,19579,9510,10069,19293,9266,10027,19054,9042,10012,17039,8077,8962,12882,6039,6843,13321,6214,7107
53,174,10,4,6,13,6,7,18,8,10,21,9,12,23,10,13,24,11,13
53,186,0,0,0,0,0,0,0,0,0,397,147,250,795,295,500,828,306,522
53,209,40,22,18,36,20,16,40,22,18,42,23,19,74,43,31,76,45,31
53,50,4504,2348,2156,3558,1900,1658,4391,2334,2057,2876,1511,1365,5669,2986,2683,5897,3092,2805
53,65,84,44,40,82,43,39,80,43,37,102,56,46,123,68,55,128,71,57
53,88,275,101,174,347,160,187,418,218,200,496,279,217,574,341,233,660,396,264
53,94,464,322,142,460,315,145,455,307,148,446,302,144,436,297,139,449,307,142
53,133,2660,1138,1522,4858,2235,2623,7267,3445,3822,9021,4484,4537,11822,6050,5772,17653,9562,8091
53,148,896,534,362,711,421,290,754,457,297,817,502,315,873,539,334,941,583,358
53,157,3267,1787,1480,2396,1324,1072,1676,938,738,1993,1138,855,2405,1405,1000,2825,1648,1177
53,8,1427,628,799,1873,910,963,2319,1192,1127,1711,893,818,1102,593,509,1106,595,511
53,24,105,55,50,311,166,145,513,275,238,1018,525,493,1520,773,747,1770,900,870
53,28,442,191,251,894,484,410,1346,777,569,1715,1006,709,2059,1220,839,2479,1469,1010
53,42,518,247,271,1751,902,849,2984,1558,1426,2420,1411,1009,1856,1265,591,3049,1801,1248
53,46,1296,756,540,1375,817,558,1454,879,575,1451,889,562,1699,1062,637,1820,1144,676
53,63,998,551,447,1120,619,501,1242,687,555,1466,825,641,2059,1136,923,2994,1642,1352
53,160,646,385,261,564,333,231,660,391,269,773,459,314,838,500,338,905,542,363
53,225,11559,5874,5685,10603,5466,5137,9928,5191,4737,10372,5346,5026,10813,5494,5319,11423,5728,5695
53,22,11,5,6,15,7,8,18,8,10,24,13,11,30,18,12,30,18,12
53,37,1737,845,892,3462,1673,1789,5269,2541,2728,9129,4510,4619,13537,6762,6775,15128,7552,7576
53,220,736971,351002,385969,788723,376353,412370,872716,418400,454316,932172,449222,482950,1003052,474410,528642,1131284,533311,597973
53,11,361,197,164,438,235,203,490,260,230,640,330,310,780,410,370,897,485,412
53,68,0,0,0,0,0,0,0,0,0,0,0,0,19,10,9,18,10,8
53,54,0,0,0,0,0,0,0,0,0,0,0,0,215,103,112,233,112,121
54,145,38636,19596,19040,44774,22285,22489,52458,25682,26776,61709,30158,31551,60419,29738,30681,61301,30308,30993
54,7,10,5,5,13,6,7,16,7,9,17,7,10,18,8,10,19,8,11
54,10,438,231,207,1095,578,517,1751,925,826,2063,1090,973,2334,1233,1101,2455,1297,1158
54,25,2367,1254,1113,2310,1221,1089,2253,1188,1065,2400,1265,1135,3617,1732,1885,4115,1971,2144
54,38,4,4,0,9,8,1,14,12,2,13,11,2,12,10,2,11,10,1
54,176,134,63,71,139,66,73,144,69,75,146,70,76,148,71,77,151,73,78
54,186,0,0,0,0,0,0,0,0,0,684,348,336,1368,696,672,1425,724,701
54,157,61,12,49,88,17,71,122,24,98,72,18,54,26,13,13,31,16,15
54,24,110,56,54,138,71,67,275,140,135,138,70,68,152,78,74,167,85,82
54,46,83,36,47,81,35,46,79,35,44,75,33,42,85,39,46,91,42,49
54,11,35,17,18,54,30,24,70,40,30,90,40,50,110,50,60,127,53,74
55,39,5,3,2,8,4,4,11,5,6,8,3,5,8,3,5,7,3,4
55,64,98,53,45,77,41,36,63,33,30,75,41,34,81,43,38,96,45,51
55,191,944,366,578,1304,641,663,2035,1072,963,2435,1254,1181,3887,1987,1900,5278,2702,2576
55,194,2,1,1,31,25,6,61,43,18,122,63,59,247,129,118,245,126,119
55,107,13,4,9,87,40,47,160,75,85,231,124,107,297,167,130,139,65,74
55,211,9195,4420,4775,9419,4449,4970,9679,4487,5192,9974,4503,5471,10278,4513,5765,10433,4449,5984
55,31,103,52,51,126,68,58,149,84,65,196,116,80,234,143,91,714,408,306
55,56,13,10,3,20,16,4,27,22,5,56,46,10,80,66,14,103,82,21
55,95,387,254,133,288,173,115,189,93,96,233,117,116,277,142,135,295,156,139
55,162,62,43,19,53,37,16,46,32,14,128,82,46,216,136,80,207,131,76
55,169,18,7,11,32,14,18,46,20,26,56,23,33,64,28,36,58,37,21
55,170,479,235,244,466,246,220,437,248,189,575,306,269,703,358,345,716,362,354
55,187,4,3,1,32,18,14,69,38,31,78,43,35,87,49,38,107,61,46
55,59,111,45,66,131,54,77,151,64,87,155,66,89,158,68,90,184,81,103
55,73,42,34,8,53,42,11,64,50,14,96,72,24,127,93,34,208,147,61
55,96,1,1,0,2,1,1,3,2,1,4,3,1,5,4,1,4,2,2
55,101,20,10,10,70,34,36,158,80,78,240,128,112,282,141,141,288,142,146
55,114,2,1,1,2,1,1,3,1,2,12,5,7,22,9,13,18,7,11
55,120,3,0,3,4,0,4,3,0,3,19,12,7,33,21,12,28,17,11
55,153,70,58,12,91,69,22,105,78,27,114,82,32,121,91,30,192,136,56
55,199,355,225,130,422,267,155,453,285,168,444,267,177,538,316,222,719,413,306
55,218,76295,39551,36744,75065,38512,36553,75098,38027,37071,72352,36190,36162,75498,37650,37848,84815,41723,43092
55,83,45588,24000,21588,33684,16762,16922,22334,9493,12841,22208,9622,12586,22081,9751,12330,21607,9043,12564
55,104,42,14,28,119,50,69,195,85,110,423,188,235,650,290,360,650,283,367
55,127,21,10,11,25,12,13,31,16,15,38,19,19,42,24,18,52,31,21
55,163,5,3,2,11,6,5,19,9,10,24,12,12,26,14,12,29,15,14
55,182,21,12,9,134,75,59,183,100,83,181,98,83,177,95,82,173,93,80
55,193,149,76,73,165,86,79,254,135,119,192,111,81,309,166,143,366,193,173
55,12,178,95,83,201,108,93,224,122,102,251,134,117,277,146,131,325,173,152
55,19,63,26,37,63,26,37,61,25,36,150,72,78,311,143,168,410,188,222
55,74,1073,528,545,1108,536,572,1142,543,599,937,483,454,952,443,509,1030,478,552
55,80,328,219,109,631,370,261,933,520,413,1362,756,606,1790,991,799,1852,1025,827
55,121,3,2,1,2,2,0,2,1,1,21,11,10,41,21,20,64,33,31
55,145,124,77,47,182,111,71,247,147,100,297,175,122,382,210,172,563,315,248
55,200,204,128,76,234,146,88,265,163,102,290,171,119,322,171,151,378,213,165
55,50,2,1,1,2,2,0,2,2,0,1,1,0,3,3,0,3,3,0
55,8,103,45,58,101,45,56,99,45,54,73,34,39,47,23,24,47,23,24
55,24,9,4,5,6,2,4,2,0,2,2,0,2,2,0,2,2,0,2
55,42,8,7,1,10,7,3,12,8,4,10,7,3,8,6,2,13,7,6
55,225,14,7,7,13,6,7,13,6,7,13,6,7,15,7,8,15,7,8
55,37,4111,2002,2109,4165,2018,2147,4318,2083,2235,3942,1959,1983,3803,1958,1845,4250,2187,2063
55,220,10060,5678,4382,10361,5879,4482,11087,6335,4752,13183,7560,5623,15441,8674,6767,18410,10319,8091
55,11,24036,12420,11616,23918,12265,11653,22840,11560,11280,22470,11240,11230,21370,10590,10780,22080,10861,11219
55,68,0,0,0,0,0,0,0,0,0,0,0,0,13,6,7,12,5,7
56,64,250,114,136,191,83,108,148,60,88,176,78,98,190,80,110,225,77,148
56,142,112,35,77,107,34,73,101,32,69,79,25,54,76,25,51,69,23,46
56,191,953,514,439,779,433,346,826,459,367,988,538,450,1578,854,724,2141,1160,981
56,136,7,3,4,6,3,3,7,3,4,10,6,4,15,10,5,16,11,5
56,55,168,62,106,238,82,156,307,101,206,449,145,304,720,239,481,752,255,497
56,107,18,6,12,24,9,15,29,11,18,42,19,23,55,26,29,26,9,17
56,211,274,145,129,663,337,326,1056,530,526,1088,534,554,1121,538,583,1137,532,605
56,18,83,39,44,91,34,57,99,30,69,95,29,66,91,28,63,96,29,67
56,31,162,56,106,313,119,194,464,182,282,689,285,404,885,375,510,1081,474,607
56,95,68,17,51,578,207,371,1088,398,690,1344,507,837,1600,616,984,1610,637,973
56,162,8798,3756,5042,7526,3148,4378,6438,2635,3803,5473,2349,3124,4680,2115,2565,4513,2071,2442
56,167,519,229,290,350,154,196,236,104,132,166,87,79,150,58,92,136,48,88
56,169,829,298,531,691,271,420,517,200,317,561,205,356,577,239,338,69,45,24
56,170,13710,6728,6982,14104,7054,7050,13987,7126,6861,12647,6395,6252,11047,5535,5512,11257,5611,5646
56,187,26268,11934,14334,37416,15319,22097,58709,22921,35788,65767,26376,39391,73744,30179,43565,89304,38002,51302
56,59,189,68,121,203,73,130,217,79,138,558,237,321,899,396,503,1155,506,649
56,73,260,129,131,272,136,136,283,142,141,444,226,218,605,311,294,245,117,128
56,96,43,17,26,64,26,38,85,35,50,122,54,68,159,74,85,180,89,91
56,101,265,130,135,1437,683,754,3400,1673,1727,5096,2825,2271,5953,3224,2729,6081,3259,2822
56,114,48,21,27,112,41,71,176,61,115,215,97,118,249,128,121,208,106,102
56,120,66,33,33,74,37,37,57,28,29,81,40,41,94,44,50,80,36,44
56,153,148,81,67,185,96,89,506,233,273,889,380,509,1354,658,696,2148,1103,1045
56,199,252,89,163,299,104,195,321,110,211,622,260,362,1274,623,651,1738,811,927
56,218,8523,3825,4698,10086,3755,6331,11819,3732,8087,23471,8869,14602,37035,14869,22166,41605,16368,25237
56,52,0,0,0,428,92,336,810,179,631,877,216,661,943,252,691,949,252,697
56,83,2296,908,1388,2970,1265,1705,3692,1612,2080,4110,1690,2420,4527,1767,2760,4430,1618,2812
56,104,937,326,611,3306,379,2927,5675,433,5242,8038,1218,6820,10401,2003,8398,10403,1853,8550
56,127,10,5,5,12,6,6,30,16,14,48,24,24,76,23,53,95,32,63
56,163,37,15,22,81,33,48,129,53,76,189,68,121,218,72,146,240,72,168
56,182,63,22,41,400,129,271,545,168,377,538,161,377,526,157,369,514,153,361
56,188,396,113,283,349,103,246,303,91,212,386,120,266,361,111,250,388,118,270
56,193,685,277,408,958,371,587,1645,642,1003,4368,1716,2652,8540,3633,4907,8548,3396,5152
56,204,54,23,31,50,21,29,47,20,27,48,21,27,50,22,28,53,23,30
56,12,30293,11654,18639,34176,13492,20684,38058,15330,22728,42540,16528,26012,47022,17727,29295,54997,20921,34076
56,19,283,144,139,415,183,232,535,218,317,1416,535,881,2601,994,1607,3677,1451,2226
56,74,11542,4581,6961,11915,4608,7307,12288,4636,7652,4616,1702,2914,8419,3073,5346,9107,3305,5802
56,80,27873,14931,12942,64364,39369,24995,100855,63808,37047,313137,140172,172965,525418,216536,308882,543527,223999,319528
56,119,9,9,0,11,11,0,13,13,0,33,15,18,54,16,38,58,19,39
56,121,76,32,44,79,30,49,83,27,56,336,109,227,594,192,402,909,304,605
56,145,3382,1125,2257,3953,1264,2689,4661,1439,3222,6170,1949,4221,407,208,199,681,349,332
56,200,9776,4389,5387,9600,4390,5210,9460,4423,5037,10682,4731,5951,12112,4572,7540,14233,5988,8245
56,53,406,177,229,308,127,181,210,77,133,209,78,131,190,71,119,171,64,107
56,62,12,6,6,14,7,7,15,7,8,22,11,11,28,15,13,30,16,14
56,133,348,232,116,331,175,156,330,127,203,311,117,194,329,120,209,408,148,260
56,157,16,8,8,20,10,10,26,13,13,28,12,16,33,13,20,38,15,23
56,8,3946,1409,2537,3852,1402,2450,3758,1395,2363,2773,1057,1716,1787,719,1068,1793,721,1072
56,24,129,60,69,76,36,40,22,11,11,34,14,20,45,16,29,52,18,34
56,28,1535,862,673,1347,733,614,1158,604,554,806,427,379,443,244,199,533,293,240
56,42,0,0,0,72,33,39,144,66,78,117,62,55,89,57,32,146,76,70
56,46,122,64,58,93,47,46,64,30,34,46,20,26,37,15,22,40,17,23
56,63,105,76,29,118,85,33,131,95,36,155,114,41,217,158,59,315,229,86
56,160,64,36,28,56,31,25,66,36,30,78,42,36,84,46,38,90,50,40
56,225,332,166,166,327,164,163,321,161,160,337,170,167,354,178,176,376,187,189
56,37,15799,7691,8108,15865,7687,8178,16308,7867,8441,17965,8719,9246,20702,10120,10582,23136,11303,11833
56,220,87020,42565,44455,83347,41033,42314,83081,41311,41770,77395,38670,38725,72659,35677,36982,70917,34716,36201
56,11,17760,10051,7709,15921,8753,7168,13140,6970,6170,13730,6980,6750,13640,6650,6990,14337,6861,7476
56,147,195,106,89,260,137,123,644,313,331,854,415,439,1104,536,568,1337,647,690
56,68,0,0,0,0,0,0,0,0,0,0,0,0,67,40,27,62,37,25
56,137,0,0,0,0,0,0,0,0,0,0,0,0,115,66,49,120,69,51
57,215,52,42,10,51,41,10,157,120,37,156,120,36,155,119,36,154,119,35
57,77,50,30,20,60,36,24,76,45,31,83,49,34,95,56,39,104,61,43
57,64,117,69,48,93,55,38,76,45,31,90,55,35,97,58,39,115,63,52
57,142,149,149,0,142,142,0,133,133,0,105,105,0,101,101,0,92,92,0
57,191,137,4,133,85,9,76,58,14,44,69,16,53,110,24,86,125,28,97
57,184,7,6,1,6,5,1,5,4,1,4,4,0,3,3,0,2,2,0
57,108,19805,9331,10474,32525,15581,16944,45244,21830,23414,51580,25595,25985,57915,29359,28556,61600,31724,29876
57,112,800,344,456,1058,466,592,1301,581,720,1669,742,927,2013,893,1120,1777,783,994
57,202,238,105,133,193,110,83,166,125,41,159,95,64,163,72,91,162,71,91
57,136,51,24,27,56,29,27,62,33,29,271,192,79,512,382,130,561,412,149
57,35,20,12,8,53,32,21,85,51,34,66,40,26,47,29,18,42,26,16
57,161,1321,721,600,3229,1671,1558,6033,3060,2973,5718,2893,2825,5665,2807,2858,5753,2855,2898
57,203,0,0,0,0,0,0,0,0,0,0,0,0,0,0,0,0,0,0
57,226,56,31,25,228,124,104,648,374,274,867,515,352,1246,708,538,1503,847,656
57,55,8,3,5,12,4,8,15,5,10,22,7,15,35,12,23,37,13,24
57,79,438,197,241,587,268,319,736,339,397,1163,541,622,1596,745,851,1479,691,788
57,107,40,25,15,71,48,23,102,72,30,148,110,38,190,143,47,89,62,27
57,211,7,4,3,17,10,7,28,15,13,28,15,13,28,15,13,28,15,13
57,18,97,44,53,80,32,48,62,19,43,60,18,42,57,17,40,60,19,41
57,31,1,1,0,1,1,0,1,1,0,18,9,9,34,17,17,0,0,0
57,56,21,5,16,32,8,24,43,11,32,35,17,18,25,23,2,11,7,4
57,170,9699,4759,4940,9245,4987,4258,8456,5035,3421,9538,6616,2922,10425,8062,2363,10624,8203,2421
57,59,163,63,100,211,87,124,258,110,148,306,135,171,353,160,193,387,182,205
57,73,3,1,2,2,0,2,1,0,1,2,0,2,3,1,2,3,0,3
57,101,25,10,15,70,27,43,153,63,90,153,68,85,128,51,77,131,51,80
57,114,204,91,113,109,50,59,14,9,5,14,9,5,14,9,5,11,7,4
57,153,26,14,12,23,10,13,25,10,15,27,14,13,42,23,19,40,22,18
57,199,44,31,13,52,37,15,56,39,17,74,45,29,86,50,36,84,49,35
57,218,0,0,0,5,5,0,11,10,1,8001,3368,4633,16643,7044,9599,18697,7769,10928
57,83,541,541,0,274,271,3,11,4,7,23,11,12,35,18,17,34,17,17
57,104,1,0,1,21,6,15,40,11,29,83,33,50,125,55,70,125,54,71
57,163,1,1,0,2,1,1,5,2,3,38,16,22,65,27,38,71,27,44
57,193,17,9,8,27,14,13,334,183,151,161,87,74,103,46,57,115,52,63
57,12,1550,582,968,1749,674,1075,1947,767,1180,2176,825,1351,2405,885,1520,2812,1044,1768
57,19,391,159,232,390,158,232,378,154,224,254,105,149,17,11,6,233,130,103
57,74,99,39,60,102,39,63,105,39,66,80,30,50,56,21,35,61,23,38
57,80,1277,720,557,1453,755,698,1628,790,838,2260,869,1391,2891,947,1944,2991,980,2011
57,145,2,2,0,2,2,0,4,4,0,27,21,6,30,18,12,97,55,42
57,200,106,53,53,233,98,135,361,143,218,389,145,244,426,127,299,500,174,326
57,50,21,12,9,20,11,9,28,14,14,18,8,10,36,17,19,37,17,20
57,94,48,34,14,48,33,15,47,32,15,46,31,15,45,31,14,46,32,14
57,133,336,151,185,1219,614,605,2156,1108,1048,1032,531,501,29,17,12,38,24,14
57,8,31,31,0,30,30,0,29,29,0,22,22,0,14,14,0,14,14,0
57,24,122,63,59,63,33,30,3,2,1,6,4,2,9,6,3,10,7,3
57,42,371,204,167,189,105,84,6,5,1,5,4,1,3,3,0,5,5,0
57,46,99,13,86,122,38,84,145,64,81,153,77,76,187,103,84,200,111,89
57,63,162,89,73,182,100,82,202,111,91,238,133,105,334,183,151,485,264,221
57,160,61,34,27,54,30,24,64,35,29,75,41,34,81,45,36,87,49,38
57,225,41,20,21,40,20,20,40,20,20,41,21,20,44,22,22,46,22,24
57,37,106,52,54,106,51,55,109,52,57,355,164,191,622,287,335,695,320,375
57,11,50,25,25,237,126,111,410,220,190,450,260,190,320,160,160,232,116,116
57,28,0,0,0,0,0,0,0,0,0,71,43,28,143,87,56,172,105,67
57,68,0,0,0,0,0,0,0,0,0,0,0,0,6,5,1,6,5,1
58,33,36654,17963,18691,41447,20152,21295,37951,18451,19500,84099,42404,41695,137611,70011,67600,167768,85415,82353
58,67,407,235,172,816,438,378,1224,640,584,1442,769,673,1659,899,760,1688,924,764
58,69,48,25,23,63,37,26,90,57,33,75,43,32,83,43,40,102,52,50
58,109,394,216,178,391,211,180,235,118,117,2684,1383,1301,5531,2737,2794,11292,5608,5684
58,123,1338,488,850,2481,1321,1160,2389,1269,1120,2277,1206,1071,2237,1183,1054,2210,1169,1041
58,140,186,100,86,719,395,324,1174,633,541,1709,870,839,2250,1130,1120,2337,1166,1171
58,171,62526,30697,31829,93770,46038,47732,163420,79600,83820,201717,97331,104386,214283,102706,111577,230622,109558,121064
58,192,0,0,0,0,0,0,0,0,0,0,0,0,67795,36414,31381,82755,46038,36717
58,215,67995,33168,34827,77724,36861,40863,95138,43985,51153,106170,49329,56841,166901,80932,85969,303580,151010,152570
58,219,19354,9212,10142,21834,10698,11136,110786,56136,54650,150345,102486,47859,60386,29474,30912,58250,28491,29759
58,230,27297,14171,13126,31525,16328,15197,58237,29971,28266,73742,37795,35947,20933,10588,10345,13409,6798,6611
58,5,12178,6411,5767,14957,7565,7392,17735,8719,9016,24340,11634,12706,30944,14549,16395,43192,20167,23025
58,39,13173,7063,6110,20510,10164,10346,26065,12376,13689,19930,9476,10454,19723,9385,10338,17219,8131,9088
58,40,98,53,45,200,108,92,301,162,139,209,95,114,247,111,136,306,141,165
58,48,67316,30736,36580,110720,52653,58067,183780,88538,95242,230684,123139,107545,252142,128758,123384,170368,87000,83368
58,77,2750,1481,1269,3287,1770,1517,4202,2262,1940,4600,2478,2122,5242,2827,2415,5766,3104,2662
58,64,99,62,37,94,59,35,96,61,35,114,75,39,123,79,44,146,87,59
58,118,283,177,106,299,202,97,320,231,89,352,273,79,385,300,85,434,337,97
58,196,15855,8055,7800,13976,7153,6823,12378,6389,5989,13625,6987,6638,20549,10430,10119,800,414,386
58,27,526,281,245,849,439,410,1261,642,619,1903,956,947,2552,1275,1277,3391,1677,1714
58,142,4707,2254,2453,4501,2171,2330,4179,2025,2154,3304,1591,1713,3183,1536,1647,2918,1416,1502
58,191,7456,3725,3731,7488,3994,3494,8208,4829,3379,15102,6319,8783,23474,12839,10635,70077,36441,33636
58,198,6,4,2,22,13,9,78,40,38,111,54,57,141,65,76,162,80,82
58,81,16,7,9,16,8,8,18,8,10,25,12,13,25,13,12,30,16,14
58,130,31,13,18,33,16,17,42,27,15,64,38,26,137,82,55,90,55,35
58,206,277,129,148,312,146,166,351,164,187,515,236,279,589,291,298,651,320,331
58,161,1,1,0,1,1,0,2,1,1,16,8,8,32,16,16,32,15,17
58,203,0,0,0,0,0,0,2,1,1,8,5,3,15,8,7,12,6,6
58,55,170,81,89,241,110,131,311,138,173,455,200,255,730,327,403,762,346,416
58,211,7,5,2,17,13,4,28,20,8,30,22,8,40,27,13,73,46,27
58,31,3,2,1,6,5,1,8,7,1,11,9,2,14,12,2,16,14,2
58,56,8,7,1,12,10,2,16,13,3,37,27,10,55,39,16,85,54,31
58,95,11,7,4,15,10,5,18,12,6,22,15,7,26,18,8,32,22,10
58,59,70,43,27,120,71,49,169,98,71,395,208,187,621,318,303,991,512,479
58,73,10,9,1,144,95,49,277,180,97,684,373,311,1090,565,525,1775,788,987
58,96,1,1,0,2,2,0,2,2,0,2,2,0,2,2,0,2,2,0
58,101,10,5,5,27,12,15,60,27,33,60,29,31,51,24,27,52,24,28
58,153,32,19,13,27,19,8,34,21,13,145,83,62,147,76,71,246,122,124
58,199,784,441,343,931,521,410,999,556,443,1360,731,629,2246,1148,1098,3161,1596,1565
58,218,1195,748,447,4698,2460,2238,8280,4206,4074,12947,5998,6949,18668,8344,10324,20971,9217,11754
58,83,657,406,251,928,471,457,1215,536,679,715,318,397,214,99,115,209,92,117
58,104,205,71,134,1118,506,612,2031,941,1090,4059,1980,2079,6086,3018,3068,6087,2964,3123
58,163,472,229,243,1018,493,525,1607,779,828,1750,1009,741,1603,1072,531,1759,1151,608
58,193,621,362,259,950,573,377,1688,1039,649,1194,757,437,1614,1009,605,1468,876,592
58,12,386,213,173,436,244,192,485,275,210,542,301,241,599,328,271,700,384,316
58,19,10944,6028,4916,11142,5919,5223,11017,5658,5359,14399,7078,7321,17966,8664,9302,26488,12672,13816
58,74,32512,16524,15988,33563,16780,16783,34614,17037,17577,49330,23628,25702,70928,33185,37743,76723,35764,40959
58,80,4459,3275,1184,9428,5695,3733,14396,8115,6281,11416,6208,5208,8436,4302,4134,8727,4451,4276
58,121,94,44,50,89,42,47,85,39,46,74,37,37,64,35,29,97,54,43
58,145,2252,1351,901,3316,1960,1356,4492,2629,1863,5681,3051,2630,5018,2572,2446,5122,2574,2548
58,200,805,467,338,2594,1431,1163,4393,2403,1990,5070,2648,2422,5846,2717,3129,6870,3449,3421
58,50,2,0,2,2,0,2,2,0,2,1,0,1,3,0,3,3,0,3
58,133,12,12,0,13,12,1,15,12,3,43,30,13,78,53,25,97,68,29
58,148,21,15,6,17,12,5,29,20,9,42,28,14,44,30,14,47,32,15
58,24,5,4,1,3,2,1,1,1,0,2,1,1,3,1,2,3,1,2
58,42,13,7,6,13,8,5,12,8,4,10,7,3,8,6,2,13,7,6
58,37,1588,773,815,5693,2749,2944,9934,4792,5142,14201,6747,7454,19322,9128,10194,21594,10194,11400
58,220,3387,1657,1730,4104,2025,2079,4989,2482,2507,11848,5923,5925,18853,9263,9590,23043,11288,11755
58,11,255,130,125,291,144,147,310,150,160,370,170,200,2480,1250,1230,3682,1874,1808
58,36,0,0,0,0,0,0,0,0,0,4102,2138,1964,3265,1772,1493,3134,1489,1645
58,28,0,0,0,0,0,0,0,0,0,48,35,13,96,70,26,116,85,31
58,68,0,0,0,0,0,0,0,0,0,0,0,0,2,2,0,2,2,0
59,215,176,96,80,172,91,81,185,92,93,183,91,92,182,90,92,180,89,91
59,39,1,1,0,2,1,1,3,1,2,2,0,2,2,0,2,2,0,2
59,64,279,140,139,240,119,121,221,109,112,263,138,125,284,144,140,337,149,188
59,118,796,400,396,675,366,309,567,347,220,624,426,198,683,468,215,770,525,245
59,27,102,55,47,98,52,46,104,55,49,200,104,96,297,154,143,395,203,192
59,142,168,113,55,160,108,52,150,100,50,118,79,39,113,76,37,103,70,33
59,191,977,310,667,886,393,493,1047,567,480,1253,665,588,2000,1053,947,2715,1432,1283
59,202,199,88,111,161,92,69,139,105,34,134,81,53,137,62,75,135,59,76
59,106,450,229,221,577,277,300,542,250,292,471,215,256,499,225,274,526,235,291
59,161,182,119,63,451,224,227,846,388,458,626,288,338,436,195,241,442,198,244
59,203,429,329,100,392,294,98,437,318,119,497,354,143,593,417,176,669,466,203
59,23,18,12,6,21,14,7,24,16,8,30,20,10,36,24,12,38,25,13
59,55,42,19,23,60,26,34,77,32,45,112,46,66,180,76,104,188,80,108
59,103,1040,411,629,1261,466,795,1411,503,908,1625,552,1073,1858,605,1253,1916,617,1299
59,107,49,23,26,56,29,27,62,34,28,88,53,35,113,70,43,53,28,25
59,211,814,415,399,1970,964,1006,3135,1515,1620,3230,1523,1707,3328,1530,1798,3378,1512,1866
59,18,130,86,44,168,104,64,206,122,84,198,117,81,190,113,77,199,118,81
59,31,10,7,3,21,15,6,31,22,9,46,33,13,60,44,16,149,99,50
59,56,32,20,12,48,30,18,64,40,24,172,127,45,266,206,60,300,224,76
59,95,42,18,24,146,81,65,249,144,105,307,180,127,364,215,149,450,274,176
59,162,998,429,569,853,360,493,729,301,428,814,387,427,926,483,443,892,470,422
59,169,51,20,31,52,26,26,51,29,22,67,34,33,81,41,40,73,50,23
59,170,2445,1200,1245,2546,1257,1289,2556,1270,1286,1405,704,701,227,125,102,231,126,105
59,187,6,4,2,72,46,26,158,99,59,178,112,66,199,126,73,242,156,86
59,68,25,17,8,39,26,13,52,35,17,94,67,27,135,98,37,125,91,34
59,70,3173,1852,1321,2071,1170,901,2528,1384,1144,3137,1728,1409,3341,1824,1517,3557,1905,1652
59,73,559,317,242,577,337,240,595,358,237,750,453,297,905,549,356,1208,708,500
59,96,2048,887,1161,2175,964,1211,2302,1041,1261,2637,1245,1392,2972,1450,1522,3333,1628,1705
59,101,394,217,177,359,192,167,522,287,235,807,402,405,959,400,559,980,402,578
59,114,35,14,21,93,67,26,151,119,32,222,177,45,288,229,59,241,191,50
59,120,100,72,28,112,81,31,87,63,24,236,152,84,354,216,138,300,180,120
59,153,21160,9996,11164,21161,9869,11292,21713,10409,11304,22182,11042,11140,22651,11506,11145,25260,13250,12010
59,199,30009,15748,14261,35611,18558,17053,38190,19783,18407,42602,22658,19944,45548,24315,21233,43331,23169,20162
59,218,13911,5033,8878,15833,5916,9917,18023,6873,11150,19339,7684,11655,22230,9233,12997,24972,10174,14798
59,4,84,45,39,111,58,53,138,72,66,140,73,67,121,64,57,105,105,0
59,52,44,16,28,38,15,23,27,12,15,64,31,33,101,51,50,102,52,50
59,83,1836,478,1358,1314,365,949,813,240,573,867,277,590,921,314,607,901,282,619
59,104,4729,1142,3587,3670,927,2743,2610,712,1898,2924,903,2021,3237,1093,2144,3238,1055,2183
59,127,12,6,6,15,8,7,37,20,17,60,31,29,122,69,53,153,90,63
59,163,276,138,138,315,156,159,368,181,187,390,197,193,349,182,167,383,191,192
59,182,11,6,5,91,47,44,155,77,78,192,94,98,188,92,96,183,89,94
59,188,14,7,7,19,9,10,25,11,14,28,15,13,50,25,25,54,27,27
59,193,3729,1674,2055,4479,2069,2410,7156,3418,3738,8358,4072,4286,11171,5615,5556,11269,5621,5648
59,12,782,338,444,882,389,493,982,441,541,1098,479,619,1213,516,697,1418,607,811
59,19,2320,1073,1247,2791,1307,1484,3181,1509,1672,3111,1475,1636,2992,1441,1551,3186,1524,1662
59,74,6772,2570,4202,6991,2580,4411,7210,2590,4620,6496,2608,3888,5991,2076,3915,6480,2231,4249
59,80,16667,6712,9955,18466,7531,10935,20265,8351,11914,22687,9563,13124,25108,10775,14333,25973,11146,14827
59,119,16,12,4,19,15,4,22,18,4,18,13,5,15,8,7,16,8,8
59,121,1263,590,673,1438,683,755,1630,785,845,1637,789,848,1662,800,862,2541,1241,1300
59,145,2095,834,1261,2527,975,1552,3048,1147,1901,3284,1310,1974,3242,1298,1944,3514,1488,2026
59,200,3655,1402,2253,3830,1656,2174,4020,1923,2097,4521,2058,2463,5111,2001,3110,6006,2606,3400
59,14,8,5,3,22,12,10,37,21,16,26,14,12,15,7,8,16,7,9
59,38,6,4,2,13,8,5,20,12,8,19,12,7,18,11,7,17,11,6
59,62,70,59,11,78,65,13,85,71,14,55,43,12,24,15,9,25,15,10
59,50,48,29,19,39,24,15,49,29,20,32,18,14,63,36,27,66,38,28
59,133,255,151,104,298,167,131,355,191,164,286,159,127,252,147,105,249,145,104
59,148,55,35,20,44,28,16,44,29,15,46,30,16,49,33,16,52,35,17
59,157,19,12,7,28,19,9,40,27,13,81,62,19,126,100,26,147,117,30
59,8,540,246,294,527,243,284,514,240,274,379,179,200,244,119,125,245,119,126
59,24,21,12,9,55,29,26,88,45,43,90,42,48,92,40,52,107,46,61
59,28,525,261,264,489,286,203,453,312,141,474,324,150,489,331,158,589,399,190
59,42,170,85,85,199,100,99,228,115,113,185,105,80,142,95,47,233,134,99
59,46,77,47,30,77,46,31,77,45,32,75,43,32,85,49,36,91,53,38
59,63,61,42,19,69,47,22,76,52,24,90,63,27,126,87,39,183,126,57
59,160,173,96,77,151,83,68,177,97,80,208,114,94,225,124,101,243,135,108
59,225,128,82,46,126,81,45,124,79,45,129,82,47,136,87,49,145,92,53
59,22,23,15,8,26,16,10,28,16,12,32,19,13,36,22,14,36,22,14
59,37,20678,10066,10612,19098,9257,9841,17972,8670,9302,15986,8153,7833,14960,8146,6814,16719,9099,7620
59,84,8663,6017,2646,6648,4560,2088,5849,4119,1730,5834,3967,1867,5083,3461,1622,4614,3052,1562
59,220,34999,12921,22078,32545,12138,20407,31422,11915,19507,30458,11640,18818,29869,11097,18772,30499,11275,19224
59,11,9739,5525,4214,10006,5595,4411,9940,5420,4520,10470,5610,4860,10620,5560,5060,11625,6074,5551
59,147,781,427,354,962,506,456,1395,679,716,1425,692,733,1456,706,750,1465,709,756
59,137,0,0,0,0,0,0,0,0,0,0,0,0,93,18,75,97,19,78
60,69,904,475,429,1901,1154,747,3258,2053,1205,2740,1583,1157,3025,1584,1441,3705,1889,1816
60,64,243,151,92,247,150,97,271,161,110,323,200,123,349,211,138,414,229,185
60,118,694,432,262,863,562,301,1047,709,338,1154,848,306,1264,933,331,1425,1047,378
60,55,1,0,1,2,0,2,2,0,2,3,0,3,5,0,5,5,0,5
60,31,1,1,0,2,2,0,2,2,0,3,3,0,3,3,0,3,3,0
60,56,1,1,0,2,1,1,3,2,1,3,1,2,3,1,2,3,1,2
60,59,14,8,6,15,7,8,16,7,9,19,7,12,22,8,14,21,6,15
60,73,0,0,0,1,0,1,2,1,1,4,1,3,6,1,5,8,2,6
60,96,0,0,0,0,0,0,0,0,0,1,1,0,1,1,0,5,5,0
60,101,0,0,0,1,1,0,2,1,1,2,1,1,1,0,1,1,0,1
60,153,6,3,3,3,0,3,11,3,8,12,3,9,34,12,22,54,18,36
60,199,44,18,26,53,22,31,57,23,34,69,29,40,104,43,61,304,145,159
60,218,33,21,12,131,65,66,232,109,123,319,139,180,434,183,251,486,200,286
60,83,3,1,2,13,5,8,24,10,14,32,13,19,40,17,23,39,16,23
60,104,2,1,1,12,5,7,22,10,12,56,25,31,89,39,50,89,38,51
60,193,1,1,0,3,2,1,41,29,12,20,14,6,23,12,11,21,15,6
60,12,4,3,1,5,3,2,5,3,2,6,4,2,6,4,2,7,5,2
60,19,49,25,24,49,25,24,47,24,23,200,103,97,439,229,210,783,372,411
60,74,3050,1623,1427,3149,1651,1498,3247,1678,1569,6015,2943,3072,6075,3081,2994,6571,3322,3249
60,145,48,26,22,70,37,33,96,48,48,107,39,68,102,37,65,96,32,64
60,200,38,16,22,52,25,27,68,35,33,76,39,37,86,40,46,101,51,50
60,42,0,0,0,0,0,0,0,0,0,0,0,0,0,0,0,0,0,0
60,37,111,54,57,300,145,155,496,239,257,943,410,533,1447,607,840,1617,678,939
60,11,34,16,18,63,28,35,90,40,50,100,40,60,100,50,50,169,84,85
61,55,0,0,0,0,0,0,0,0,0,0,0,0,0,0,0,0,0,0
61,31,0,0,0,0,0,0,0,0,0,1,1,0,1,1,0,0,0,0
61,56,0,0,0,0,0,0,0,0,0,1,1,0,2,2,0,2,2,0
61,59,4,2,2,7,4,3,9,5,4,10,4,6,11,4,7,15,6,9
61,73,0,0,0,1,1,0,1,1,0,2,2,0,3,3,0,6,6,0
61,96,0,0,0,1,1,0,1,1,0,2,1,1,2,1,1,1,0,1
61,101,0,0,0,1,1,0,2,1,1,2,1,1,1,0,1,1,0,1
61,199,36,19,17,42,22,20,46,24,22,45,23,22,46,25,21,42,21,21
61,218,941,567,374,3697,1822,1875,6517,3104,3413,6061,2832,3229,6100,2823,3277,6851,3121,3730
61,83,410,227,183,401,135,266,398,40,358,209,20,189,19,0,19,19,0,19
61,104,0,0,0,22,7,15,44,15,29,191,54,137,337,93,244,337,89,248
61,193,359,95,264,408,111,297,634,183,451,753,235,518,935,319,616,966,322,644
61,12,28,8,20,32,9,23,35,10,25,39,10,29,43,11,32,51,14,37
61,19,26,13,13,26,13,13,25,13,12,32,15,17,27,10,17,33,14,19
61,74,744,264,480,768,264,504,792,264,528,7416,2452,4964,5956,1907,4049,6443,2049,4394
61,121,112,31,81,105,28,77,101,27,74,88,28,60,76,29,47,117,45,72
61,145,33,16,17,48,22,26,67,30,37,82,35,47,72,35,37,75,35,40
61,200,66,18,48,131,46,85,197,74,123,251,81,170,311,73,238,365,105,260
61,7,2442,1174,1268,3170,1448,1722,3898,1722,2176,4180,1844,2336,4462,1966,2496,4745,2089,2656
61,10,143,45,98,134,43,91,125,42,83,115,37,78,102,31,71,107,32,75
61,14,35,15,20,41,22,19,47,30,17,58,31,27,69,32,37,75,35,40
61,17,451,138,313,492,156,336,534,175,359,426,141,285,321,107,214,337,113,224
61,25,1820,708,1112,960,380,580,101,53,48,107,56,51,20,13,7,22,15,7
61,29,619,295,324,728,337,391,836,379,457,958,434,524,1079,489,590,1200,544,656
61,62,24,18,6,27,20,7,29,21,8,22,14,8,14,6,8,15,7,8
61,85,42,21,21,54,27,27,67,33,34,70,35,35,74,37,37,74,37,37
61,86,5560,2025,3535,5604,2325,3279,5648,2626,3022,4932,2095,2837,4215,1563,2652,4373,1595,2778
61,105,107,53,54,128,63,65,148,72,76,144,70,74,140,69,71,137,68,69
61,129,184,89,95,279,130,149,374,170,204,391,173,218,408,175,233,422,178,244
61,138,412,192,220,331,154,177,250,116,134,257,118,139,265,121,144,280,128,152
61,164,2567,1216,1351,2575,1221,1354,2591,1229,1362,2030,963,1067,1215,569,646,1190,556,634
61,173,87,45,42,115,61,54,158,85,73,180,96,84,195,105,90,200,106,94
61,174,96,49,47,129,67,62,177,92,85,206,107,99,217,112,105,229,118,111
61,176,75,30,45,78,32,46,81,34,47,82,35,47,83,36,47,86,38,48
61,186,0,0,0,0,0,0,0,0,0,717,369,348,1435,739,696,1495,768,727
61,221,3219,1534,1685,4060,1935,2125,4909,2339,2570,5206,2494,2712,5505,2650,2855,5508,2651,2857
61,50,3,0,3,3,0,3,4,0,4,3,0,3,5,0,5,5,0,5
61,157,12,4,8,17,6,11,24,9,15,35,13,22,49,18,31,58,21,37
61,8,9,0,9,9,0,9,9,0,9,7,0,7,4,0,4,4,0,4
61,24,6,5,1,3,2,1,0,0,0,2,1,1,3,2,1,3,2,1
61,42,8,2,6,18,8,10,27,13,14,23,13,10,18,13,5,30,19,11
61,46,46,22,24,45,21,24,43,20,23,41,20,21,46,23,23,49,25,24
61,75,443,153,290,493,155,338,542,157,385,571,162,409,599,166,433,723,194,529
61,91,13,8,5,19,11,8,25,15,10,31,18,13,37,21,16,43,24,19
61,225,200,86,114,40,22,18,8,5,3,4,3,1,2,1,1,0,0,0
61,37,1449,705,744,2099,1016,1083,2798,1350,1448,2818,1224,1594,3007,1176,1831,3361,1313,2048
61,220,19529,9374,10155,17231,8320,8911,15639,7636,8003,24557,12051,12506,33777,14529,19248,29579,12674,16905
61,11,6,6,0,3,3,0,0,0,0,10,10,0,10,10,0,11,0,11
61,28,0,0,0,0,0,0,0,0,0,10,5,5,21,10,11,25,12,13
61,54,0,0,0,0,0,0,0,0,0,0,0,0,99,17,82,107,19,88
62,55,3,1,2,4,1,3,5,1,4,7,1,6,12,2,10,13,3,10
62,31,5,2,3,8,3,5,11,4,7,16,6,10,20,8,12,28,12,16
62,56,1,0,1,2,1,1,3,2,1,18,11,7,32,19,13,56,29,27
62,95,0,0,0,12,6,6,24,13,11,30,17,13,36,21,15,32,17,15
62,162,4,3,1,3,3,0,3,2,1,11,4,7,21,6,15,20,5,15
62,169,0,0,0,0,0,0,0,0,0,0,0,0,0,0,0,35,19,16
62,59,35,12,23,56,18,38,77,24,53,103,31,72,129,39,90,164,55,109
62,73,10,8,2,22,13,9,34,18,16,81,44,37,127,69,58,200,102,98
62,96,2,0,2,4,1,3,5,1,4,13,4,9,21,7,14,32,10,22
62,101,2,1,1,5,3,2,12,8,4,12,8,4,10,6,4,10,6,4
62,114,0,0,0,0,0,0,0,0,0,0,0,0,1,1,0,0,0,0
62,153,53,15,38,128,37,91,236,75,161,382,129,253,563,202,361,796,305,491
62,199,192,98,94,228,115,113,245,123,122,399,196,203,574,283,291,723,356,367
62,218,72,44,28,285,142,143,504,242,262,877,453,424,1323,706,617,1485,783,702
62,83,218,120,98,192,72,120,169,23,146,374,64,310,578,104,474,566,83,483
62,104,9060,3149,5911,13427,3291,10136,17793,3432,14361,30028,8312,21716,42262,13191,29071,42269,12673,29596
62,163,10,3,7,22,6,16,36,10,26,51,17,34,59,22,37,64,21,43
62,188,3,2,1,6,4,2,10,5,5,29,1,28,163,7,156,169,21,148
62,193,15160,3627,11533,21654,5926,15728,36953,10353,26600,73049,24951,48098,136976,53143,83833,151369,57759,93610
62,12,1722,499,1223,1943,586,1357,2163,672,1491,2418,712,1706,2672,751,1921,3125,891,2234
62,19,592,183,409,588,181,407,567,176,391,568,212,356,658,292,366,860,361,499
62,74,454,161,293,469,161,308,483,161,322,4454,1311,3143,3227,1033,2194,3491,1110,2381
62,80,1012,303,709,2828,651,2177,4643,998,3645,7682,2117,5565,10721,3236,7485,11091,3348,7743
62,119,0,0,0,1,1,0,2,1,1,32,11,21,64,22,42,69,19,50
62,121,35,12,23,32,11,21,31,11,20,26,10,16,23,10,13,36,17,19
62,145,2403,730,1673,3933,1130,2803,5593,1559,4034,7037,2040,4997,7792,2327,5465,8688,2727,5961
62,200,4751,1253,3498,5976,1884,4092,7223,2534,4689,8108,2598,5510,9151,2195,6956,10754,3148,7606
62,6,308,201,107,415,267,148,521,332,189,600,383,217,653,417,236,700,447,253
62,7,621,298,323,1044,426,618,1466,554,912,1572,593,979,1678,632,1046,1784,671,1113
62,10,2042,530,1512,2829,812,2017,3615,1094,2521,3903,1282,2621,4113,1444,2669,4327,1519,2808
62,14,44,22,22,64,33,31,84,45,39,177,103,74,269,160,109,291,172,119
62,25,8195,2525,5670,8267,2604,5663,8340,2683,5657,8887,2857,6030,1198,493,705,1362,560,802
62,29,748,376,372,879,430,449,1010,485,525,1157,556,601,1303,626,677,1450,697,753
62,38,21,16,5,45,35,10,69,53,16,65,50,15,61,47,14,60,47,13
62,53,267,118,149,203,85,118,138,52,86,137,51,86,125,47,78,113,43,70
62,86,3440,1655,1785,2517,1092,1425,1593,529,1064,1253,428,825,913,328,585,947,334,613
62,92,2406,1345,1061,2832,1603,1229,3257,1860,1397,3842,2209,1633,4426,2557,1869,4984,2888,2096
62,129,16,3,13,69,30,39,122,56,66,128,57,71,134,58,76,139,59,80
62,138,37,25,12,29,20,9,22,16,6,22,16,6,23,17,6,24,18,6
62,164,37207,16335,20872,49325,22749,26576,61563,29214,32349,66983,31706,35277,63981,29989,33992,57891,27004,30887
62,174,20,8,12,26,10,16,37,15,22,43,18,25,46,20,26,48,21,27
62,186,0,0,0,0,0,0,0,0,0,1701,613,1088,3403,1227,2176,3546,1275,2271
62,213,349,181,168,520,285,235,692,389,303,722,406,316,752,426,326,774,444,330
62,221,533,207,326,1861,723,1138,3194,1240,1954,3915,1530,2385,4638,1821,2817,4641,1822,2819
62,50,553,204,349,556,202,354,838,288,550,549,184,365,1082,364,718,1126,375,751
62,65,38,18,20,41,21,20,43,23,20,56,30,26,69,38,31,72,40,32
62,88,59,13,46,64,23,41,68,32,36,82,45,37,95,57,38,109,66,43
62,94,103,66,37,102,64,38,101,62,39,99,61,38,96,60,36,99,62,37
62,133,522,279,243,842,413,429,1199,567,632,1324,645,679,1603,799,804,1992,992,1000
62,148,65,32,33,52,25,27,55,28,27,60,31,29,64,34,30,69,37,32
62,157,1474,417,1057,3554,1022,2532,5859,1677,4182,6227,1884,4343,6893,2249,4644,8095,2627,5468
62,8,265,127,138,849,230,619,1434,335,1099,1058,260,798,682,185,497,684,185,499
62,24,44,17,27,22,8,14,0,0,0,50,27,23,100,54,46,116,62,54
62,28,277,85,192,190,60,130,102,35,67,207,52,155,309,69,240,372,83,289
62,42,124,56,68,198,90,108,271,123,148,220,115,105,169,107,62,278,149,129
62,46,361,173,188,350,167,183,338,160,178,321,153,168,359,174,185,385,189,196
62,63,118,52,66,133,59,74,147,65,82,173,78,95,243,107,136,353,154,199
62,160,128,63,65,112,54,58,132,64,68,155,75,80,168,82,86,181,89,92
62,225,18280,6911,11369,16240,6273,9967,14293,5625,8668,14286,5520,8766,14254,5408,8846,14743,5470,9273
62,22,9,5,4,11,6,5,13,7,6,17,9,8,21,12,9,21,12,9
62,37,2668,1299,1369,3841,1858,1983,5106,2463,2643,6737,3328,3409,8772,4401,4371,9803,4915,4888
62,220,347858,154429,193429,507397,222249,285148,687677,300060,387617,740302,325016,415286,802001,344339,457662,940874,402390,538484
62,11,23,9,14,42,20,22,60,30,30,80,40,40,130,60,70,179,84,95
62,68,0,0,0,0,0,0,0,0,0,0,0,0,1,1,0,1,1,0
62,54,0,0,0,0,0,0,0,0,0,0,0,0,5259,1242,4017,5715,1357,4358
63,64,9,2,7,9,2,7,9,2,7,11,3,8,12,3,9,14,2,12
63,161,105,58,47,257,134,123,481,244,237,456,231,225,452,224,228,459,227,232
63,55,2,1,1,3,1,2,4,2,2,6,3,3,10,5,5,10,5,5
63,31,1,1,0,4,2,2,6,2,4,9,3,6,12,4,8,16,5,11
63,56,10,7,3,15,10,5,19,12,7,50,31,19,77,48,29,98,58,40
63,95,22,14,8,49,30,19,76,47,29,94,59,35,112,71,41,109,66,43
63,162,43,33,10,36,28,8,31,24,7,38,35,3,47,47,0,45,45,0
63,170,336,165,171,313,172,141,280,174,106,260,170,90,236,163,73,241,166,75
63,187,1,1,0,10,7,3,22,13,9,25,15,10,28,17,11,35,21,14
63,59,159,67,92,269,122,147,379,178,201,462,211,251,545,244,301,596,263,333
63,73,24,13,11,35,19,16,45,25,20,103,59,44,160,92,68,243,136,107
63,96,7,3,4,10,4,6,13,6,7,20,8,12,26,10,16,32,14,18
63,101,8,3,5,21,6,15,46,15,31,46,17,29,38,12,26,39,12,27
63,114,0,0,0,0,0,0,0,0,0,0,0,0,0,0,0,0,0,0
63,153,177,90,87,272,138,134,376,194,182,478,241,237,585,300,285,758,383,375
63,199,746,387,359,885,456,429,950,486,464,1391,712,679,1992,1020,972,2406,1249,1157
63,218,423,244,179,1665,766,899,2936,1298,1638,5440,2476,2964,8388,3884,4504,9422,4295,5127
63,83,51,28,23,48,17,31,46,5,41,66,11,55,86,18,68,84,15,69
63,104,997,347,650,11373,3700,7673,21748,7053,14695,55031,21026,34005,88314,35000,53314,88329,34052,54277
63,163,65,32,33,140,70,70,222,111,111,335,166,169,394,194,200,433,205,228
63,193,3734,1518,2216,11606,5098,6508,24472,11046,13426,456379,220296,236083,496666,240847,255819,421758,196106,225652
63,12,364,160,204,411,184,227,457,208,249,511,226,285,565,244,321,662,288,374
63,19,959,371,588,956,369,587,926,359,567,1654,637,1017,2607,1055,1552,4006,1651,2355
63,74,1585,598,987,1637,601,1036,1688,603,1085,3500,1400,2100,3824,1317,2507,4136,1415,2721
63,80,1252,563,689,2397,955,1442,3541,1346,2195,5872,2159,3713,8203,2972,5231,8486,3075,5411
63,145,439,184,255,646,262,384,876,348,528,1433,546,887,1798,691,1107,2182,842,1340
63,200,1470,580,890,2337,1004,1333,3213,1436,1777,3720,1560,2160,4300,1511,2789,5053,2004,3049
63,14,10,3,7,12,3,9,15,5,10,28,16,12,40,26,14,43,28,15
63,53,135,67,68,102,48,54,69,29,40,69,29,40,63,27,36,57,25,32
63,62,950,439,511,1055,473,582,1160,507,653,859,397,462,551,283,268,582,299,283
63,164,573,271,302,675,320,355,780,370,410,949,449,500,999,468,531,851,397,454
63,50,736,406,330,683,382,301,971,535,436,636,347,289,1253,684,569,1303,708,595
63,65,155,70,85,126,57,69,97,44,53,108,50,58,118,56,62,123,58,65
63,88,120,46,74,113,50,63,105,54,51,125,68,57,145,82,63,167,96,71
63,94,348,239,109,345,233,112,342,228,114,335,224,111,328,221,107,338,229,109
63,133,719,338,381,1222,580,642,1778,850,928,1880,913,967,2201,1084,1117,2736,1348,1388
63,148,98,55,43,78,43,35,86,50,36,97,58,39,103,62,41,111,67,44
63,157,1414,883,531,1604,958,646,1896,1089,807,2037,1124,913,2275,1225,1050,2672,1435,1237
63,8,999,509,490,1501,731,770,2004,954,1050,1478,716,762,952,478,474,955,479,476
63,24,299,138,161,521,251,270,738,362,376,800,419,381,861,476,385,1002,554,448
63,28,614,402,212,903,545,358,1191,688,503,1463,784,679,1715,868,847,2065,1045,1020
63,42,2163,1012,1151,5510,2476,3034,8857,3941,4916,15437,6941,8496,22016,9941,12075,23471,11060,12411
63,46,11870,6223,5647,11917,6216,5701,11964,6209,5755,11617,6056,5561,13284,7036,6248,14232,7603,6629
63,160,2855,1223,1632,2491,1050,1441,2911,1235,1676,3405,1454,1951,3691,1586,2105,3990,1724,2266
63,225,24600,12181,12419,26835,13121,13714,28999,13977,15022,31597,15452,16145,34373,17058,17315,36973,18095,18878
63,37,7685,3742,3943,9362,4533,4829,11261,5433,5828,12238,5678,6560,13950,6282,7668,15590,7015,8575
63,220,143314,71263,72051,216544,108675,107869,298626,150872,147754,353988,179679,174309,413690,206467,207223,442693,220292,222401
63,11,1085,573,512,1316,665,651,1470,720,750,1690,830,860,1950,960,990,2310,1126,1184
63,68,0,0,0,0,0,0,0,0,0,0,0,0,7,5,2,7,5,2
64,192,0,0,0,0,0,0,0,0,0,0,0,0,5287,3041,2246,5145,3099,2046
64,230,235,134,101,139,80,59,83,48,35,116,68,48,164,104,60,230,116,114
64,39,67,46,21,65,38,27,58,27,31,44,20,24,44,20,24,38,17,21
64,118,8384,4625,3759,11822,7208,4614,15455,10019,5436,17029,12110,4919,18630,13311,5319,21004,14925,6079
64,139,1271,673,598,1166,609,557,1228,631,597,1260,639,621,1410,711,699,1890,948,942
64,196,21455,11031,10424,21886,11275,10611,22327,11525,10802,23620,12193,11427,14675,7576,7099,13423,6930,6493
64,210,607,302,305,602,303,299,693,352,341,667,342,325,880,453,427,1140,589,551
64,142,257,156,101,245,150,95,229,139,90,181,110,71,174,106,68,159,97,62
64,191,837,442,395,1204,667,537,1914,1061,853,2289,1243,1046,3654,1971,1683,4961,2679,2282
64,81,21,11,10,21,12,9,23,12,11,32,17,15,32,18,14,38,22,16
64,130,202,89,113,215,106,109,222,121,101,223,125,98,224,128,96,225,130,95
64,106,368,187,181,645,309,336,1103,510,593,1503,685,818,1593,717,876,1545,689,856
64,161,33,25,8,162,84,78,336,163,173,241,117,124,158,75,83,161,76,85
64,203,0,0,0,0,0,0,0,0,0,0,0,0,0,0,0,1,1,0
64,125,15,8,7,24,12,12,33,18,15,27,16,11,29,19,10,49,34,15
64,194,1,1,0,15,13,2,31,25,6,63,42,21,128,86,42,127,85,42
64,15,21908,13549,8359,23628,15058,8570,25417,16501,8916,41784,27252,14532,67374,44061,23313,80889,52478,28411
64,55,1290,774,516,1824,1065,759,2358,1356,1002,3451,1975,1476,5533,3199,2334,5776,3363,2413
64,100,11075,8898,2177,13058,9848,3210,12375,8585,3790,14186,11062,3124,14326,11360,2966,14364,11848,2516
64,103,21780,10470,11310,22829,10811,12018,22599,10674,11925,21399,10110,11289,20459,9646,10813,21100,9894,11206
64,107,171413,121445,49968,229396,162571,66825,287377,204045,83332,188554,133590,54964,135994,110942,25052,138939,113065,25874
64,111,135880,65940,69940,107006,59047,47959,119693,75635,44058,128020,80448,47572,168272,105907,62365,387993,224387,163606
64,115,78308,55481,22827,104377,72174,32203,130459,88862,41597,114723,79932,34791,99001,71000,28001,83312,40033,43279
64,154,18811,10270,8541,27544,16042,11502,28536,18558,9978,27249,17568,9681,30361,19852,10509,78630,48298,30332
64,165,250,183,67,271,203,68,253,193,60,48490,35811,12679,136060,107320,28740,163569,131290,32279
64,180,357540,237829,119711,366429,244383,122046,376493,251628,124865,465079,319728,145351,603000,424412,178588,728608,496323,232285
64,195,17920,8003,9917,17515,7771,9744,17104,7542,9562,17871,8030,9841,18633,8520,10113,18451,8414,10037
64,211,2318,1314,1004,1514,867,647,717,422,295,741,430,311,766,438,328,788,443,345
64,217,165980,103608,62372,207924,137088,70836,261834,177615,84219,341770,227675,114095,755158,514431,240727,935308,633859,301449
64,229,8579,4760,3819,8886,4991,3895,9206,4943,4263,9888,5221,4667,10621,5512,5109,11096,5660,5436
64,31,30,23,7,50,38,12,69,53,16,100,78,22,126,99,27,161,128,33
64,56,39,30,9,58,45,13,77,60,17,289,260,29,478,441,37,695,629,66
64,95,251,220,31,390,315,75,529,411,118,653,510,143,777,609,168,1183,796,387
64,162,289,211,78,246,179,67,211,152,59,334,245,89,469,345,124,452,335,117
64,169,7,4,3,13,9,4,19,12,7,23,15,8,27,18,9,70,59,11
64,170,1499,736,763,1488,771,717,1425,779,646,1245,757,488,1041,720,321,1060,731,329
64,187,9,8,1,55,53,2,118,113,5,133,127,6,149,143,6,181,173,8
64,59,869,581,288,1076,720,356,1282,858,424,1415,946,469,1547,1034,513,1706,1143,563
64,73,209,186,23,276,245,31,342,304,38,588,492,96,833,680,153,1297,1029,268
64,96,8,6,2,12,9,3,15,11,4,22,17,5,28,23,5,28,21,7
64,101,102,70,32,284,192,92,621,425,196,622,438,184,521,355,166,532,360,172
64,114,5,4,1,8,7,1,11,10,1,26,22,4,42,35,7,35,30,5
64,120,3,2,1,4,3,1,3,3,0,31,25,6,56,43,13,48,36,12
64,153,290,215,75,310,228,82,383,267,116,504,351,153,728,502,226,1079,736,343
64,199,1638,1057,581,1944,1249,695,2085,1334,751,2499,1602,897,3718,2428,1290,5934,3847,2087
64,218,22368,11880,10488,22933,12296,10637,23885,12892,10993,25881,14472,11409,29985,17340,12645,33686,19290,14396
64,52,0,0,0,0,0,0,0,0,0,123,56,67,245,112,133,247,113,134
64,83,12485,8991,3494,22258,12917,9341,32396,16886,15510,30642,16578,14064,28887,16269,12618,28267,15410,12857
64,104,40045,26385,13660,41691,27107,14584,43336,27828,15508,75904,52891,23013,108471,77953,30518,108490,77421,31069
64,127,255,157,98,299,186,113,379,238,141,446,283,163,436,295,141,546,378,168
64,163,30,17,13,64,36,28,101,55,46,256,205,51,370,322,48,407,351,56
64,182,9,7,2,59,40,19,81,54,27,80,53,27,79,52,27,77,51,26
64,188,14,7,7,29,15,14,45,22,23,52,33,19,98,64,34,107,77,30
64,193,1040,691,349,1267,858,409,2041,1407,634,3185,2334,851,4053,2925,1128,4128,2768,1360
64,204,1969,821,1148,1843,769,1074,1717,716,1001,1765,737,1028,1813,757,1056,1964,817,1147
64,12,8202,5199,3003,9253,5920,3333,10304,6642,3662,11518,7327,4191,12732,8012,4720,14891,9400,5491
64,19,630,443,187,626,440,186,604,425,179,858,593,265,1229,845,384,1972,1359,613
64,74,22453,14584,7869,23179,14919,8260,23905,15254,8651,26659,17180,9479,28600,18045,10555,30937,19483,11454
64,80,10932,8301,2631,12245,9138,3107,13558,9976,3582,18065,12988,5077,22572,16001,6571,23350,16553,6797
64,121,25,15,10,23,14,9,22,13,9,19,12,7,17,11,6,25,16,9
64,145,4725,3679,1046,6789,5253,1536,9082,7000,2082,11081,7929,3152,11824,8311,3513,12893,8945,3948
64,200,3959,2367,1592,4155,2629,1526,4368,2906,1462,4875,3181,1694,5478,3360,2118,6437,4121,2316
64,7,12,6,6,10,5,5,8,4,4,9,4,5,9,4,5,10,5,5
64,14,9,4,5,8,3,5,7,3,4,18,10,8,29,17,12,31,18,13
64,164,69,33,36,72,35,37,77,37,40,60,29,31,36,17,19,35,16,19
64,50,19,13,6,11,8,3,8,7,1,5,4,1,11,10,1,11,10,1
64,88,22,4,18,21,3,18,20,3,17,24,2,22,28,1,27,32,1,31
64,133,197,93,104,174,95,79,159,102,57,167,121,46,195,154,41,241,191,50
64,157,21,9,12,30,13,17,42,18,24,50,27,23,62,38,24,73,45,28
64,8,522,278,244,510,274,236,498,271,227,368,203,165,237,134,103,238,135,103
64,24,39,23,16,33,18,15,27,14,13,23,14,9,18,13,5,21,15,6
64,28,4192,2260,1932,3796,1956,1840,3400,1652,1748,3268,1663,1605,3089,1649,1440,3720,1986,1734
64,42,84,50,34,81,49,32,78,49,29,64,43,21,50,37,13,82,57,25
64,46,179,104,75,159,94,65,139,85,54,124,78,46,131,85,46,140,91,49
64,63,28,19,9,32,22,10,35,24,11,41,28,13,58,40,18,84,58,26
64,160,13,11,2,12,10,2,15,12,3,18,14,4,19,15,4,20,16,4
64,225,472,254,218,350,183,167,258,131,127,225,119,106,196,107,89,185,100,85
64,37,26881,13086,13795,31290,15151,16139,36444,17581,18863,41983,21520,20463,50044,26806,23238,55927,29941,25986
64,220,66313,37580,28733,88054,50224,37830,113396,65041,48355,121160,69741,51419,130410,68481,61929,159562,83568,75994
64,11,40628,21092,19536,39901,20541,19360,37620,19280,18340,38760,19900,18860,41870,22250,19620,45352,23802,21550
64,147,234,129,105,435,252,183,1146,558,588,1282,623,659,1313,637,676,1324,641,683
64,68,0,0,0,0,0,0,0,0,0,0,0,0,41,37,4,38,34,4
65,64,160,65,95,151,62,89,155,65,90,185,84,101,200,87,113,237,85,152
65,118,458,188,270,485,239,246,520,298,222,573,372,201,628,410,218,708,459,249
65,55,3,2,1,4,2,2,5,3,2,7,4,3,12,7,5,13,8,5
65,31,1,0,1,2,1,1,3,2,1,5,3,2,7,5,2,6,4,2
65,56,3,2,1,5,3,2,7,4,3,9,4,5,11,4,7,26,18,8
65,95,12,7,5,11,5,6,9,3,6,11,4,7,13,5,8,14,6,8
65,59,25,11,14,38,16,22,50,21,29,62,26,36,74,31,43,85,33,52
65,73,4,3,1,11,6,5,17,9,8,34,15,19,50,20,30,75,25,50
65,96,0,0,0,1,0,1,1,0,1,6,3,3,11,6,5,15,7,8
65,101,5,2,3,14,5,9,31,13,18,31,14,17,26,11,15,27,11,16
65,153,54,25,29,81,36,45,108,49,59,129,65,64,156,81,75,203,101,102
65,199,1832,967,865,2174,1140,1034,2332,1215,1117,2451,1254,1197,2677,1352,1325,2948,1504,1444
65,218,81,44,37,322,131,191,569,219,350,679,267,412,846,341,505,948,374,574
65,83,18,9,9,26,10,16,34,11,23,43,11,32,51,11,40,50,9,41
65,104,724,252,472,3013,860,2153,5302,1469,3833,8882,2862,6020,12462,4256,8206,12464,4110,8354
65,163,6,3,3,14,7,7,23,11,12,53,10,43,76,8,68,83,6,77
65,193,1195,392,803,1441,490,951,2307,823,1484,4372,1670,2702,7951,3068,4883,9192,3301,5891
65,12,38,16,22,43,18,25,47,20,27,53,22,31,58,24,34,68,29,39
65,19,68,28,40,67,27,40,65,27,38,89,37,52,95,41,54,225,96,129
65,74,999,420,579,1032,424,608,1064,428,636,1418,794,624,1030,402,628,1114,432,682
65,80,524,272,252,504,227,277,483,182,301,885,353,532,1287,525,762,1331,543,788
65,145,134,61,73,197,87,110,267,113,154,317,141,176,347,147,200,377,159,218
65,200,369,159,210,428,193,235,490,228,262,555,246,309,632,239,393,742,313,429
65,14,5,0,5,4,1,3,4,0,4,36,31,5,67,62,5,73,68,5
65,62,366,191,175,407,208,199,447,224,223,351,172,179,253,120,133,267,127,140
65,105,130,55,75,137,58,79,143,61,82,139,60,79,135,59,76,132,58,74
65,164,519,246,273,504,239,265,492,233,259,970,458,512,1327,622,705,846,395,451
65,20,6691,3702,2989,6661,3568,3093,6631,3434,3197,7059,3638,3421,7486,3842,3644,8697,4438,4259
65,50,56257,27798,28459,26046,12961,13085,8857,4065,4792,6446,2884,3562,13688,6112,7576,14239,6317,7922
65,88,236655,104058,132597,124346,54107,70239,12037,4156,7881,14364,3877,10487,16691,3599,13092,19198,4353,14845
65,94,114810,55397,59413,60692,29173,31519,6574,2949,3625,6439,2931,3508,6303,2913,3390,6486,3028,3458
65,133,301106,150796,150310,4931,2279,2652,5786,2691,3095,6923,3268,3655,8864,4230,4634,10054,4792,5262
65,148,12443,6324,6119,2136,1200,936,2102,1161,941,2121,1144,977,2267,1230,1037,2444,1332,1112
65,157,2396,1283,1113,2146,1127,1019,2032,1036,996,2333,1165,1168,2747,1369,1378,3225,1602,1623
65,8,182,88,94,169,82,87,156,77,79,115,57,58,73,37,36,73,37,36
65,24,57,23,34,82,38,44,107,53,54,108,50,58,109,48,61,127,56,71
65,28,405,335,70,443,332,111,481,330,151,356,250,106,226,166,60,272,200,72
65,42,226,111,115,227,114,113,228,117,111,185,106,79,142,96,46,233,136,97
65,46,297,149,148,306,160,146,315,171,144,310,172,138,358,205,153,384,222,162
65,63,174,82,92,196,93,103,217,103,114,256,125,131,359,170,189,522,246,276
65,160,76,36,40,67,31,36,79,37,42,93,44,49,100,48,52,108,53,55
65,225,1017,445,572,965,425,540,908,402,506,937,413,524,967,425,542,1015,439,576
65,37,27145,13215,13930,32598,15783,16815,38826,18730,20096,39970,19738,20232,43516,21987,21529,48632,24557,24075
65,220,465433,236909,228524,628538,320633,307905,817336,418442,398894,969458,498582,470876,1133462,573426,560036,1276489,643935,632554
65,11,8774,4331,4443,10028,4898,5130,10690,5200,5490,10760,5240,5520,11000,5370,5630,11689,5662,6027
65,68,0,0,0,0,0,0,0,0,0,0,0,0,2,2,0,2,2,0
66,48,485,260,225,560,288,272,786,393,393,500,309,191,1190,670,520,1582,861,721
66,77,26839,13207,13632,32079,15782,16297,41013,20177,20836,44903,22109,22794,51167,25224,25943,56283,27683,28600
66,179,305,122,183,286,111,175,268,100,168,210,77,133,165,60,105,146,53,93
66,206,50,30,20,56,34,22,63,39,24,71,44,27,95,59,36,107,67,40
66,56,1,1,0,1,0,1,1,0,1,1,0,1,0,0,0,0,0,0
66,170,29,14,15,33,15,18,37,15,22,70,41,29,102,66,36,104,67,37
66,73,0,0,0,0,0,0,0,0,0,5,2,3,9,3,6,16,6,10
66,96,1,0,1,1,0,1,1,0,1,2,0,2,3,1,2,7,1,6
66,101,0,0,0,0,0,0,0,0,0,0,0,0,0,0,0,0,0,0
66,199,8,2,6,10,3,7,11,3,8,26,12,14,35,15,20,43,20,23
66,218,6,4,2,29,14,15,53,23,30,159,56,103,279,94,185,312,103,209
66,83,2,2,0,1,1,0,0,0,0,1,0,1,1,0,1,1,0,1
66,104,6,2,4,33,20,13,60,38,22,91,44,47,121,50,71,121,49,72
66,163,16,5,11,34,11,23,55,18,37,135,19,116,194,17,177,214,11,203
66,193,6040,2555,3485,7506,3168,4338,12201,5259,6942,17628,6914,10714,21552,8234,13318,18841,7193,11648
66,12,6,3,3,7,4,3,7,4,3,8,4,4,9,5,4,10,6,4
66,19,989,643,346,781,476,305,550,295,255,9,6,3,18,7,11,38,20,18
66,74,144,64,80,149,65,84,153,65,88,347,97,250,361,150,211,390,161,229
66,145,9,6,3,13,8,5,19,9,10,31,15,16,38,14,24,47,10,37
66,200,23,13,10,23,13,10,24,13,11,30,14,16,37,14,23,43,18,25
66,42,3,2,1,3,2,1,2,1,1,2,1,1,1,1,0,2,2,0
66,37,10,5,5,12,6,6,15,7,8,40,24,16,68,44,24,76,49,27
66,36,0,0,0,0,0,0,0,0,0,3377,1600,1777,2688,1338,1350,2580,1092,1488
66,28,0,0,0,0,0,0,0,0,0,27,7,20,55,14,41,66,17,49
67,69,69681,36625,33056,34949,18680,16269,6843,4313,2530,5756,3328,2428,6354,3329,3025,156030,79555,76475
67,109,0,0,0,66,34,32,106,53,53,696,359,337,1389,688,701,2127,1057,1070
67,190,0,0,0,0,0,0,0,0,0,17,10,7,37,20,17,34,19,15
67,192,0,0,0,0,0,0,0,0,0,0,0,0,3410,1961,1449,3318,1999,1319
67,215,0,0,0,0,0,0,27,14,13,4,3,1,3490,1807,1683,3529,1817,1712
67,64,358,180,178,359,179,180,388,192,196,462,243,219,499,254,245,2368,1053,1315
67,118,1023,517,506,1230,695,535,1459,897,562,1607,1098,509,1759,1208,551,1983,1354,629
67,196,64790,33309,31481,237519,118047,119472,435158,214993,220165,192139,95872,96267,132187,65302,66885,159748,81987,77761
67,191,521,257,264,325,174,151,222,134,88,284,165,119,945,429,516,1604,730,874
67,15,508,363,145,558,393,165,610,421,189,926,629,297,1448,978,470,1550,1040,510
67,55,1,0,1,2,0,2,2,0,2,3,0,3,5,0,5,5,0,5
67,100,359,272,87,732,429,303,694,336,358,796,501,295,804,524,280,806,568,238
67,107,139,64,75,115,57,58,91,51,40,131,80,51,168,106,62,79,44,35
67,111,3148,1906,1242,2522,1607,915,2877,1943,934,3107,2049,1058,4114,2681,1433,4725,2853,1872
67,165,639,467,172,694,518,176,646,493,153,1083,807,276,2401,1925,476,1854,1511,343
67,217,3846,2738,1108,4928,3530,1398,6295,4509,1786,7570,5236,2334,16231,11367,4864,17916,12488,5428
67,229,0,0,0,2500,1452,1048,2566,1490,1076,0,0,0,918,508,410,1009,536,473
67,31,1,1,0,2,2,0,2,2,0,3,2,1,3,2,1,3,2,1
67,56,1,1,0,1,1,0,1,1,0,2,1,1,3,2,1,7,5,2
67,95,0,0,0,3,1,2,6,2,4,9,4,5,11,5,6,20,12,8
67,162,3,3,0,2,2,0,2,2,0,13,1,12,25,0,25,23,0,23
67,59,73,32,41,79,35,44,84,37,47,152,70,82,220,104,116,328,162,166
67,73,0,0,0,5,2,3,9,3,6,38,17,21,67,32,35,168,105,63
67,96,0,0,0,1,1,0,1,1,0,2,2,0,3,3,0,11,8,3
67,101,7,4,3,20,12,8,45,29,16,45,30,15,37,23,14,38,24,14
67,114,0,0,0,0,0,0,0,0,0,0,0,0,0,0,0,0,0,0
67,153,19,14,5,44,22,22,530,266,264,1797,961,836,4839,2495,2344,14821,8595,6226
67,199,2399,1274,1125,2847,1501,1346,3054,1601,1453,5371,2688,2683,10301,4933,5368,22320,11828,10492
67,218,914,547,367,3593,1751,1842,6334,2980,3354,11182,5379,5803,16941,8271,8670,19031,9160,9871
67,83,137,75,62,117,59,58,99,42,57,193,88,105,286,133,153,280,124,156
67,104,779,271,508,4098,1064,3034,7417,1858,5559,10504,4670,5834,13591,7482,6109,13593,7374,6219
67,127,10,8,2,12,9,3,15,12,3,19,14,5,487,351,136,610,448,162
67,193,6,4,2,10,6,4,128,81,47,62,39,23,140,89,51,137,81,56
67,12,57,25,32,65,29,36,72,33,39,81,36,45,89,39,50,104,46,58
67,19,15,7,8,15,7,8,15,7,8,44,19,25,116,56,60,364,193,171
67,74,160,60,100,166,61,105,171,61,110,270,103,167,590,203,387,638,218,420
67,80,2815,1629,1186,3979,2188,1791,5143,2748,2395,9646,4681,4965,14148,6613,7535,14636,6841,7795
67,145,155,91,64,228,132,96,309,175,134,644,334,310,1081,547,534,2150,1121,1029
67,200,995,504,491,2734,1713,1021,4483,2930,1553,5967,3629,2338,7568,4178,3390,8893,5186,3707
67,24,0,0,0,1,0,1,1,0,1,1,0,1,0,0,0,0,0,0
67,42,0,0,0,1,0,1,2,1,1,2,1,1,1,0,1,2,0,2
67,225,25,13,12,24,13,11,24,13,11,25,14,11,27,15,12,28,15,13
67,37,4630,2254,2376,4649,2253,2396,4779,2306,2473,6173,3061,3112,7937,4008,3929,8870,4476,4394
67,220,11131,5445,5686,14037,6926,7111,17518,8712,8806,20312,10151,10161,23355,11471,11884,30305,14840,15465
67,11,1272,664,608,1562,815,747,1760,920,840,2290,1170,1120,3090,1530,1560,3851,1905,1946
68,64,14,8,6,16,8,8,19,9,10,23,12,11,25,13,12,30,14,16
68,191,68,55,13,56,46,10,61,49,12,72,58,14,116,93,23,149,120,29
68,108,358,153,205,588,256,332,817,359,458,932,423,509,1046,487,559,1113,528,585
68,112,1544,655,889,1307,554,753,1050,444,606,856,359,497,650,269,381,573,235,338
68,13,662,287,375,581,272,309,586,270,316,556,247,309,509,236,273,486,231,255
68,55,7,2,5,10,2,8,13,3,10,19,4,15,30,7,23,32,8,24
68,79,846,377,469,720,318,402,593,259,334,552,240,312,515,224,291,477,208,269
68,211,27,11,16,65,25,40,105,39,66,108,39,69,111,39,72,112,38,74
68,18,3429,1709,1720,3397,1427,1970,3365,1145,2220,3232,1099,2133,3099,1054,2045,3243,1104,2139
68,31,4,1,3,16,5,11,27,8,19,43,13,30,57,18,39,75,22,53
68,56,15,6,9,23,10,13,31,14,17,83,36,47,129,58,71,169,71,98
68,95,39,12,27,63,17,46,87,22,65,107,28,79,126,33,93,146,44,102
68,162,402,159,243,343,133,210,293,110,183,245,90,155,206,72,134,200,72,128
68,170,62441,30641,31800,65943,32132,33811,67055,32470,34585,63001,29942,33059,57651,26818,30833,58751,27173,31578
68,187,3,1,2,15,4,11,33,8,25,38,10,28,42,11,31,52,15,37
68,216,10585,4536,6049,11068,5154,5914,11687,5835,5852,10678,5339,5339,10188,5101,5087,10222,5126,5096
68,59,7,4,3,234,73,161,460,141,319,775,229,546,1089,317,772,1501,474,1027
68,73,0,0,0,3285,1501,1784,6569,3001,3568,16373,7834,8539,26176,12666,13510,51279,23513,27766
68,96,0,0,0,11,4,7,21,8,13,81,34,47,140,59,81,134,45,89
68,101,190,93,97,674,319,355,1529,750,779,2297,1101,1196,2686,1119,1567,2744,1123,1621
68,114,1675,723,952,2872,1299,1573,4069,1874,2195,3803,1758,2045,3442,1568,1874,2886,1296,1590
68,120,1514,785,729,1414,735,679,1107,575,532,1107,561,546,958,444,514,811,366,445
68,153,23,13,10,159,61,98,302,67,235,632,164,468,1999,1022,977,5096,2999,2097
68,199,8056,3535,4521,9560,4154,5406,10253,4417,5836,9870,4014,5856,10010,4062,5948,10499,4443,6056
68,218,545,371,174,1233,643,590,1943,924,1019,4937,1913,3024,8333,3087,5246,9361,3389,5972
68,52,0,0,0,3,1,2,5,2,3,13,5,8,20,7,13,20,7,13
68,83,146,81,65,102,50,52,60,20,40,96,25,71,132,30,102,129,25,104
68,104,31,11,20,212,20,192,392,28,364,887,127,760,1382,226,1156,1382,205,1177
68,163,66,29,37,141,61,80,223,97,126,182,70,112,112,32,80,124,33,91
68,188,0,0,0,0,0,0,0,0,0,0,0,0,19,12,7,25,12,13
68,193,18,5,13,58,22,36,124,49,75,575,242,333,1254,469,785,1875,699,1176
68,12,206,54,152,232,63,169,258,73,185,289,77,212,319,81,238,372,96,276
68,19,79,35,44,78,35,43,75,34,41,336,109,227,696,215,481,1025,335,690
68,74,828,322,506,855,324,531,881,325,556,786,262,524,840,299,541,909,322,587
68,80,1467,773,694,5310,1755,3555,9153,2738,6415,10243,3496,6747,11333,4255,7078,11724,4402,7322
68,119,13,13,0,15,15,0,17,17,0,9,9,0,2,1,1,2,0,2
68,121,18,3,15,16,3,13,16,3,13,179,34,145,345,66,279,528,108,420
68,145,83,25,58,121,34,87,165,43,122,299,78,221,525,142,383,937,306,631
68,200,195,61,134,270,90,180,346,119,227,419,136,283,502,129,373,589,182,407
68,14,0,0,0,0,0,0,0,0,0,8,3,5,15,6,9,16,6,10
68,50,2,0,2,2,0,2,2,0,2,1,0,1,3,0,3,3,0,3
68,8,109,38,71,106,37,69,103,37,66,76,27,49,49,18,31,49,18,31
68,24,0,0,0,2,0,2,4,1,3,5,1,4,5,1,4,6,1,5
68,42,26,16,10,35,18,17,44,21,23,36,19,17,28,18,10,44,25,19
68,46,19,9,10,19,9,10,18,8,10,17,8,9,20,10,10,21,10,11
68,160,11,6,5,10,5,5,12,6,6,15,7,8,16,8,8,17,9,8
68,225,46,14,32,45,14,31,45,14,31,46,14,32,49,14,35,52,15,37
68,37,6170,3004,3166,6196,3003,3193,6369,3073,3296,5058,2337,2721,4051,1749,2302,4527,1953,2574
68,220,9210,4442,4768,9307,4521,4786,9785,4800,4985,9787,4825,4962,9910,4799,5111,9995,4826,5169
68,11,2731,1251,1480,2556,1161,1395,1970,880,1090,1680,740,940,2250,1020,1230,3313,1431,1882
68,28,0,0,0,0,0,0,0,0,0,90,26,64,180,52,128,217,63,154
69,60,13405,5911,7494,10943,4829,6114,11023,4872,6151,10100,4830,5270,11141,4901,6240,12323,5438,6885
69,67,1284,668,616,687,357,330,91,48,43,99,53,46,107,57,50,108,58,50
69,109,26695,15293,11402,29521,16825,12696,20846,11399,9447,20917,11759,9158,24091,13043,11048,36889,20032,16857
69,190,460000,234861,225139,18044,9490,8554,555,293,262,1142,605,537,1882,996,886,2079,1120,959
69,192,0,0,0,0,0,0,0,0,0,0,0,0,8605,4597,4008,12786,6784,6002
69,215,168,86,82,165,82,83,216,110,106,106,55,51,989,514,475,1070,545,525
69,64,567,227,340,503,203,300,478,195,283,569,253,316,614,260,354,1457,507,950
69,118,1618,653,965,1470,689,781,1347,754,593,1484,948,536,1624,1044,580,1831,1169,662
69,196,942295,463796,478499,502740,248547,254193,123478,62843,60635,107732,55315,52417,70677,36247,34430,60734,31232,29502
69,142,312,98,214,298,95,203,278,89,189,219,69,150,211,67,144,193,62,131
69,191,2873,1438,1435,1792,969,823,1224,746,478,1538,902,636,6600,2838,3762,44891,23344,21547
69,198,0,0,0,3,2,1,15,8,7,20,10,10,26,12,14,30,16,14
69,81,16,7,9,16,8,8,18,8,10,25,12,13,25,13,12,30,16,14
69,203,0,0,0,0,0,0,0,0,0,0,0,0,2,1,1,0,0,0
69,15,357,255,102,392,276,116,430,297,133,565,384,181,826,557,269,678,454,224
69,55,20,8,12,29,11,18,37,14,23,54,20,34,86,32,54,90,34,56
69,103,40595,20567,20028,50287,25090,25197,57163,28478,28685,67189,33443,33746,78029,38744,39285,80474,39760,40714
69,107,21,12,9,57,9,48,93,7,86,134,25,109,172,40,132,81,6,75
69,111,2216,1342,874,1776,1132,644,2026,1369,657,2188,1444,744,2897,1888,1009,3595,2171,1424
69,165,908,662,246,986,736,250,917,700,217,982,726,256,1846,1480,366,1667,1359,308
69,180,61017,40588,20429,62534,41706,20828,64252,42943,21309,79371,54566,24805,102910,72127,30783,124347,85127,39220
69,211,23,15,8,34,14,20,56,22,34,59,23,36,78,34,44,150,73,77
69,217,2708,1928,780,3470,2486,984,4433,3175,1258,4607,3190,1417,9276,6498,2778,7836,5464,2372
69,229,15804,9175,6629,687,399,288,1203,699,504,1616,1013,603,4181,2311,1870,5740,3045,2695
69,18,11,11,0,18,17,1,25,24,1,24,23,1,23,22,1,25,24,1
69,31,26,24,2,30,27,3,34,30,4,43,37,6,51,43,8,54,46,8
69,56,19,16,3,29,24,5,39,32,7,58,46,12,72,56,16,115,80,35
69,95,31,26,5,61,46,15,90,66,24,111,82,29,132,98,34,141,98,43
69,162,68,50,18,58,43,15,50,37,13,46,33,13,45,31,14,43,30,13
69,170,438,215,223,372,225,147,293,227,66,282,216,66,266,201,65,272,205,67
69,187,5,4,1,10,8,2,19,14,5,22,16,6,25,18,7,31,22,9
69,59,559,350,209,820,471,349,1081,593,488,1384,774,610,1686,955,731,2136,1225,911
69,73,203,109,94,394,225,169,584,341,243,1080,636,444,1576,932,644,2366,1297,1069
69,96,13,6,7,22,11,11,31,16,15,47,21,26,63,27,36,76,32,44
69,101,29,13,16,82,36,46,179,82,97,180,88,92,151,68,83,154,68,86
69,153,1681,1114,567,2227,1356,871,2567,1526,1041,3057,1683,1374,5170,2751,2419,7742,3993,3749
69,199,9356,5054,4302,11103,5959,5144,11907,6354,5553,11221,5891,5330,13822,7192,6630,16509,8366,8143
69,218,1086,657,429,4269,2118,2151,7524,3609,3915,10737,4891,5846,14825,6627,8198,16654,7320,9334
69,83,3422,1893,1529,2929,1406,1523,2484,914,1570,2479,852,1627,2473,790,1683,2420,705,1715
69,104,16703,3697,13006,11136,2646,8490,5569,1595,3974,17983,7231,10752,30396,12867,17529,30401,12555,17846
69,127,25,13,12,30,16,14,37,20,17,45,24,21,319,159,160,400,209,191
69,163,3,1,2,7,2,5,12,2,10,21,11,10,27,18,9,30,19,11
69,193,118,66,52,174,100,74,305,177,128,754,406,348,2695,1465,1230,3713,2008,1705
69,12,703,291,412,793,336,457,883,381,502,987,412,575,1091,443,648,1276,523,753
69,19,989,643,346,781,476,305,550,295,255,440,228,212,738,409,329,1143,619,524
69,74,3850,1514,2336,3975,1523,2452,4099,1531,2568,5594,2378,3216,8020,2896,5124,8675,3114,5561
69,80,19612,12177,7435,17204,10049,7155,14795,7921,6874,17456,8848,8608,20116,9775,10341,20809,10112,10697
69,145,3852,2237,1615,5474,3128,2346,7281,4119,3162,8004,4405,3599,8626,4646,3980,9451,4998,4453
69,200,1595,807,788,2441,1233,1208,3297,1668,1629,3828,1839,1989,4435,1859,2576,5211,2395,2816
69,7,1,0,1,38,17,21,74,34,40,80,37,43,85,39,46,90,41,49
69,174,2,0,2,2,0,2,4,1,3,4,1,3,4,0,4,4,0,4
69,50,2,1,1,1,1,0,1,1,0,1,1,0,1,1,0,1,1,0
69,148,36,24,12,29,19,10,49,31,18,72,44,28,76,47,29,81,50,31
69,8,71,30,41,69,29,40,67,29,38,50,22,28,32,15,17,32,15,17
69,24,4,0,4,4,1,3,4,2,2,3,2,1,2,2,0,2,2,0
69,42,14,9,5,10,6,4,5,2,3,4,2,2,3,2,1,5,3,2
69,225,29,19,10,28,18,10,28,18,10,29,19,10,33,22,11,35,23,12
69,37,13765,6701,7064,13822,6697,7125,14208,6854,7354,18889,9090,9799,24704,11898,12806,27608,13288,14320
69,220,34805,18499,16306,51123,27389,23734,69531,37473,32058,106732,57758,48974,145243,77448,67795,184022,90081,93941
69,11,1336,782,554,2563,1373,1190,3640,1890,1750,6120,3170,2950,8990,4470,4520,11446,5577,5869
69,147,153,74,79,185,89,96,635,309,326,889,432,457,1046,507,539,1187,574,613
69,70,0,0,0,0,0,0,1,1,0,5,4,1,27,18,9,37,24,13
69,28,0,0,0,0,0,0,0,0,0,5,0,5,10,0,10,12,0,12
69,68,0,0,0,0,0,0,0,0,0,0,0,0,4,4,0,4,4,0
70,59,6430,2448,3982,8533,3400,5133,10636,4352,6284,10897,4442,6455,11158,4532,6626,12324,5089,7235
70,96,237,92,145,273,109,164,308,125,183,320,130,190,331,135,196,339,139,200
70,101,1,1,0,2,1,1,5,2,3,4,1,3,3,1,2,3,1,2
70,153,527,212,315,742,318,424,902,442,460,778,356,422,813,393,420,884,449,435
70,218,38,21,17,150,63,87,266,107,159,310,121,189,380,147,233,427,162,265
70,83,3,1,2,2,0,2,2,0,2,2,0,2,1,0,1,1,0,1
70,74,4,1,3,4,1,3,4,1,3,3,0,3,3,0,3,3,0,3
70,42,2,0,2,2,1,1,2,1,1,2,1,1,1,0,1,2,0,2
70,84,265,211,54,286,219,67,263,196,67,194,160,34,260,210,50,279,229,50
70,11,17,5,12,19,8,11,20,10,10,20,0,20,20,0,20,21,0,21
70,68,0,0,0,0,0,0,0,0,0,0,0,0,1,0,1,1,0,1
71,101,1,1,0,2,2,0,5,4,1,5,4,1,4,3,1,4,3,1
71,218,158,87,71,626,266,360,1105,447,658,945,392,553,863,375,488,968,413,555
71,42,5,2,3,4,2,2,2,1,1,2,1,1,2,2,0,5,5,0
71,63,18,9,9,20,10,10,22,11,11,26,13,13,36,18,18,52,26,26
71,37,24,11,13,27,13,14,30,14,16,15,7,8,0,0,0,0,0,0
71,11,78,42,36,112,58,54,140,70,70,120,60,60,120,50,70,95,53,42
72,191,47,20,27,29,14,15,20,11,9,23,13,10,38,21,17,47,26,21
72,97,2385,985,1400,1298,538,760,210,91,119,194,84,110,178,77,101,172,75,97
72,55,1,0,1,2,0,2,2,0,2,3,0,3,5,0,5,5,0,5
72,31,0,0,0,1,1,0,1,1,0,2,1,1,2,1,1,1,1,0
72,56,2,1,1,3,2,1,4,3,1,4,2,2,3,1,2,4,3,1
72,59,13,4,9,17,5,12,21,6,15,23,6,17,25,7,18,22,6,16
72,73,5,2,3,6,3,3,6,4,2,7,4,3,8,5,3,12,8,4
72,96,0,0,0,0,0,0,0,0,0,1,0,1,2,0,2,1,0,1
72,101,3,1,2,8,3,5,17,7,10,17,7,10,14,5,9,14,5,9
72,153,12,8,4,17,10,7,24,13,11,27,14,13,40,20,20,41,23,18
72,199,28,8,20,33,8,25,36,9,27,44,13,31,56,23,33,62,28,34
72,218,483,303,180,1900,995,905,3349,1700,1649,4497,2314,2183,6013,3138,2875,6754,3482,3272
72,83,11,6,5,10,6,4,9,6,3,5,3,2,1,0,1,1,0,1
72,104,3,1,2,10,1,9,17,2,15,31,7,24,44,12,32,44,11,33
72,193,3,1,2,6,3,3,72,38,34,35,18,17,31,15,16,30,15,15
72,12,10,4,6,11,4,7,12,4,8,14,5,9,15,5,10,18,7,11
72,19,5,1,4,5,1,4,5,1,4,6,1,5,8,0,8,12,3,9
72,74,93,40,53,96,40,56,99,41,58,44,12,32,145,58,87,157,63,94
72,145,6,6,0,8,8,0,12,10,2,73,28,45,61,21,40,69,28,41
72,200,133,74,59,90,49,41,49,24,25,53,26,27,60,26,34,70,33,37
72,50,1,0,1,1,0,1,1,0,1,1,0,1,1,0,1,1,0,1
72,8,1,0,1,1,0,1,1,0,1,1,0,1,1,0,1,1,0,1
72,24,0,0,0,1,0,1,2,0,2,1,0,1,0,0,0,0,0,0
72,42,5,1,4,7,3,4,9,5,4,8,5,3,6,4,2,8,2,6
72,37,15352,7474,7878,18730,9068,9662,22553,10880,11673,22701,10796,11905,24213,11392,12821,27060,12723,14337
72,220,15935,7496,8439,22943,10901,12042,30890,14791,16099,34692,16698,17994,38921,18386,20535,40737,19181,21556
72,11,37472,17988,19484,40344,18887,21457,46690,22020,24670,54790,25840,28950,64000,30030,33970,72084,33858,38226
72,147,16418,8277,8141,18262,8906,9356,25029,12165,12864,36097,17521,18576,45823,22198,23625,54815,26507,28308
72,158,128,73,55,131,77,54,98,61,37,98,62,36,83,54,29,84,56,28
72,189,220,107,113,218,106,112,208,101,107,154,79,75,110,62,48,103,59,44
72,224,166,83,83,146,77,69,129,65,64,176,86,90,216,108,108,225,112,113
72,110,221,121,100,248,137,111,275,152,123,382,206,176,489,259,230,537,284,253
72,128,43,28,15,56,39,17,67,44,23,86,56,30,111,69,42,118,74,44
72,143,221,131,90,204,121,83,188,112,76,176,105,71,165,98,67,161,96,65
72,3,50,26,24,101,52,49,152,78,74,243,123,120,333,168,165,328,165,163
72,49,78,43,35,81,44,37,84,46,38,111,49,62,138,52,86,152,57,95
72,76,27,13,14,29,14,15,32,15,17,33,16,17,32,16,16,30,15,15
72,151,24,12,12,32,16,16,41,20,21,43,21,22,45,22,23,45,22,23
72,177,68,30,38,120,53,67,173,77,96,162,71,91,142,61,81,137,58,79
72,208,369,192,177,415,222,193,466,255,211,544,300,244,635,351,284,724,403,321
72,214,114,65,49,94,54,40,77,44,33,64,36,28,53,30,23,48,27,21
73,64,189,72,117,178,68,110,182,72,110,217,95,122,234,97,137,278,94,184
73,118,538,207,331,569,266,303,611,338,273,673,427,246,737,471,266,830,526,304
73,142,116,32,84,110,31,79,104,29,75,82,23,59,79,23,56,72,21,51
73,191,576,154,422,370,109,261,269,83,186,321,93,228,513,146,367,695,199,496
73,112,361,219,142,303,182,121,241,142,99,187,109,78,132,75,57,116,66,50
73,106,432,220,212,442,212,230,613,283,330,565,257,308,599,269,330,621,277,344
73,136,20,6,14,21,8,13,24,10,14,12,5,7,3,2,1,4,3,1
73,161,9,7,2,192,112,80,430,247,183,263,152,111,110,63,47,112,64,48
73,194,0,0,0,6,5,1,14,8,6,29,9,20,61,21,40,60,20,40
73,55,123,35,88,174,44,130,225,54,171,329,77,252,528,130,398,551,140,411
73,103,529,149,380,516,140,376,474,127,347,384,102,282,299,79,220,308,80,228
73,211,404,198,206,978,459,519,1557,722,835,1604,725,879,1652,726,926,1677,716,961
73,18,1185,710,475,1688,863,825,2190,1016,1174,2104,976,1128,2017,935,1082,2111,979,1132
73,31,10,4,6,19,9,10,28,14,14,41,22,19,53,29,24,115,64,51
73,56,82,41,41,123,63,60,164,85,79,200,109,91,220,128,92,286,165,121
73,95,92,41,51,284,133,151,476,226,250,589,286,303,701,346,355,752,364,388
73,162,272,126,146,232,106,126,199,89,110,225,98,127,260,110,150,250,107,143
73,170,1737,852,885,1899,894,1005,1994,904,1090,2103,962,1141,2169,1000,1169,2210,1012,1198
73,187,4,2,2,44,23,21,98,50,48,111,58,53,124,65,59,151,81,70
73,59,3180,1101,2079,3503,1194,2309,3826,1287,2539,3802,1241,2561,3777,1194,2583,3822,1188,2634
73,68,651,347,304,1010,542,468,1369,737,632,1891,1082,809,2398,1415,983,2227,1313,914
73,96,75,22,53,97,29,68,119,37,82,153,48,105,186,58,128,178,59,119
73,101,75,37,38,266,127,139,603,298,305,844,320,524,946,222,724,966,217,749
73,114,1199,790,409,684,445,239,170,101,69,226,136,90,277,166,111,232,138,94
73,120,74,44,30,83,49,34,65,39,26,89,58,31,101,66,35,86,55,31
73,153,4257,1812,2445,4533,1900,2633,6635,2755,3880,6538,2659,3879,6611,2682,3929,6825,2746,4079
73,199,153578,65280,88298,182250,76671,105579,195447,81486,113961,183685,75565,108120,169521,68565,100956,162067,65178,96889
73,218,5179,1088,4091,7993,1989,6004,10943,2908,8035,11384,3007,8377,12752,3431,9321,14325,3713,10612
73,52,0,0,0,13,4,9,24,8,16,32,11,21,39,14,25,39,14,25
73,83,1528,536,992,1175,338,837,841,130,711,815,128,687,788,126,662,771,96,675
73,104,462,161,301,1336,201,1135,2210,241,1969,2519,424,2095,2827,607,2220,2827,567,2260
73,127,8,1,7,10,1,9,25,3,22,41,5,36,74,24,50,92,33,59
73,163,91,38,53,196,82,114,310,129,181,329,134,195,295,118,177,324,121,203
73,182,3,1,2,25,11,14,35,15,20,35,15,20,35,15,20,34,15,19
73,188,2,1,1,4,3,1,7,4,3,11,5,6,31,9,22,35,15,20
73,193,2803,1110,1693,3868,1639,2229,6598,2933,3665,8459,3762,4697,10378,4606,5772,11803,5217,6586
73,12,880,242,638,993,285,708,1106,329,777,1236,346,890,1366,363,1003,1598,432,1166
73,19,505,231,274,1645,664,981,2738,1082,1656,2863,1107,1756,3006,1155,1851,3259,1239,2020
73,74,4412,1204,3208,4555,1187,3368,4698,1171,3527,3613,983,2630,3540,830,2710,3829,888,2941
73,80,11251,2914,8337,13312,3580,9732,15373,4247,11126,15560,4130,11430,15747,4014,11733,16290,4153,12137
73,119,1,1,0,1,1,0,1,1,0,4,2,2,9,4,5,6,2,4
73,121,243,103,140,445,183,262,653,266,387,749,305,444,854,348,506,1306,544,762
73,145,1130,358,772,1655,499,1156,2237,655,1582,2447,695,1752,2554,697,1857,2896,862,2034
73,200,3408,877,2531,3555,1086,2469,3716,1306,2410,4186,1358,2828,4738,1171,3567,5567,1667,3900
73,38,3,1,2,7,3,4,12,5,7,11,5,6,10,4,6,9,4,5
73,62,45,31,14,50,34,16,55,37,18,41,24,17,26,10,16,27,10,17
73,50,18,8,10,14,6,8,17,6,11,11,4,7,22,7,15,23,7,16
73,133,35,12,23,78,29,49,125,47,78,128,49,79,147,57,90,182,71,111
73,157,7,4,3,8,5,3,11,7,4,24,13,11,39,19,20,46,23,23
73,8,156,44,112,152,44,108,148,44,104,109,33,76,70,22,48,70,22,48
73,24,75,41,34,59,31,28,43,21,22,39,19,20,34,17,17,40,20,20
73,28,169,84,85,167,79,88,165,75,90,341,175,166,512,272,240,617,328,289
73,42,99,49,50,116,60,56,132,70,62,107,63,44,82,56,26,133,78,55
73,46,56,33,23,51,29,22,46,25,21,41,22,19,44,23,21,47,25,22
73,63,43,16,27,48,18,30,53,20,33,62,24,38,87,33,54,126,47,79
73,160,50,24,26,44,21,23,52,25,27,61,29,32,66,32,34,71,35,36
73,225,64,27,37,63,27,36,62,26,36,64,27,37,68,29,39,72,30,42
73,37,16148,7861,8287,14970,7256,7714,14148,6825,7323,11631,5348,6283,9812,4208,5604,10966,4699,6267
73,84,17,10,7,10,5,5,14,5,9,9,5,4,12,6,6,13,4,9
73,220,22313,7471,14842,21422,7261,14161,21408,7394,14014,19849,9918,9931,18535,9102,9433,19725,9657,10068
73,11,9718,4790,4928,9656,4718,4938,9410,4370,5040,9510,4300,5210,9520,4070,5450,10307,4333,5974
74,33,321,157,164,310,151,159,237,116,121,232,112,120,248,119,129,302,145,157
74,47,543,310,233,538,306,232,532,301,231,509,289,220,486,278,208,482,277,205
74,67,108,52,56,159,75,84,211,99,112,320,161,159,429,223,206,436,229,207
74,122,6672,3725,2947,5908,3321,2587,6567,3705,2862,7269,4115,3154,8066,4583,3483,8950,5102,3848
74,131,788,374,414,696,367,329,993,504,489,1119,604,515,1308,763,545,1505,909,596
74,132,1359,859,500,2791,1712,1079,5080,2948,2132,7789,4023,3766,9498,4504,4994,10050,5330,4720
74,168,37516,20563,16953,50738,27680,23058,66309,35879,30430,75927,41517,34410,81294,44766,36528,84056,46102,37954
74,183,180,69,111,167,80,87,154,90,64,184,97,87,214,103,111,240,123,117
74,215,250,164,86,245,158,87,263,163,100,261,162,99,259,160,99,257,159,98
74,230,65,41,24,59,38,21,55,35,20,62,40,22,70,29,41,78,40,38
74,36,11808,6377,5431,10986,5919,5067,10163,5460,4703,4643,2459,2184,3695,2035,1660,3547,1718,1829
74,39,10537,5416,5121,13090,6743,6347,14506,7482,7024,11091,5727,5364,10976,5672,5304,9583,4920,4663
74,40,886,478,408,963,519,444,1039,560,479,719,326,393,852,382,470,1056,486,570
74,48,8574,4496,4078,6041,3121,2920,5127,2575,2552,3260,2020,1240,7765,4390,3375,10320,5643,4677
74,66,1154,511,643,1529,672,857,1903,833,1070,2776,1252,1524,3649,1672,1977,4561,2121,2440
74,77,4961,2801,2160,5930,3347,2583,7581,4279,3302,8300,4688,3612,9457,5346,4111,10403,5871,4532
74,2,2086,1162,924,1321,707,614,556,252,304,784,356,428,1011,460,551,1000,455,545
74,64,3089,1664,1425,2490,1317,1173,2089,1075,1014,2487,1354,1133,2684,1415,1269,3184,1482,1702
74,118,8821,4774,4047,6208,3395,2813,3699,2139,1560,4075,2663,1412,4459,2932,1527,5027,3282,1745
74,139,15056,7961,7095,13813,7204,6609,14547,7470,7077,14916,7546,7370,26733,13465,13268,29271,14671,14600
74,210,3870,1926,1944,3841,1931,1910,4754,2415,2339,4577,2348,2229,6669,3433,3236,8638,4462,4176
74,228,140,63,77,155,71,84,171,80,91,202,98,104,233,115,118,268,136,132
74,142,793,354,439,758,341,417,705,318,387,557,250,307,536,241,295,491,222,269
74,191,5608,2219,3389,3828,1728,2100,3135,1644,1491,3752,1923,1829,5989,3046,2943,8132,4141,3991
74,21,506,263,243,743,385,358,979,507,472,1256,666,590,1532,824,708,1797,978,819
74,34,102,50,52,137,69,68,172,88,84,183,89,94,194,91,103,201,94,107
74,81,117,62,55,116,66,50,130,69,61,183,102,81,182,104,78,216,125,91
74,89,1642,959,683,1893,1192,701,2050,1275,775,3733,2004,1729,5800,2942,2858,6459,3281,3178
74,90,71,49,22,91,63,28,111,78,33,108,76,32,104,73,31,110,77,33
74,117,296,157,139,289,150,139,284,143,141,128,83,45,59,27,32,41,20,21
74,126,2689,1443,1246,2679,1409,1270,2347,1217,1130,9575,4815,4760,16906,8458,8448,18238,9104,9134
74,181,11453,5507,5946,11977,5721,6256,10825,5303,5522,11647,5694,5953,13027,6447,6580,13391,6628,6763
74,206,1816,961,855,1523,806,717,1277,676,601,1071,567,504,945,522,423,792,438,354
74,44,1470,998,472,1641,1110,531,1811,1222,589,1978,1303,675,2149,1386,763,2194,1384,810
74,106,3167,1613,1554,3824,1835,1989,5371,2481,2890,8545,3892,4653,9060,4075,4985,8924,3980,4944
74,136,11,8,3,12,10,2,14,11,3,37,30,7,66,53,13,73,58,15
74,166,507,277,230,929,567,362,1647,1060,587,1466,979,487,1868,1257,611,1899,1514,385
74,35,128,83,45,336,217,119,543,351,192,424,278,146,305,205,100,275,187,88
74,161,197,121,76,246,140,106,365,197,168,758,409,349,1186,632,554,1204,643,561
74,203,1349,1009,340,1220,916,304,1343,1003,340,1237,905,332,1220,879,341,1178,835,343
74,226,21,14,7,53,37,16,127,90,37,145,105,40,170,121,49,205,146,59
74,23,14,7,7,17,9,8,19,10,9,24,12,12,29,14,15,30,15,15
74,97,5858,2694,3164,3628,1679,1949,1397,664,733,1291,612,679,1184,559,625,1142,539,603
74,125,51,28,23,70,35,35,86,47,39,81,47,34,97,64,33,115,82,33
74,194,50,31,19,78,52,26,107,69,38,168,90,78,294,157,137,292,154,138
74,15,57,29,28,118,64,54,180,98,82,693,420,273,1361,836,525,2027,1234,793
74,55,228,97,131,323,130,193,417,163,254,610,236,374,978,386,592,1021,409,612
74,103,17904,8311,9593,23373,10650,12723,27534,12530,15004,33850,15388,18462,40576,18395,22181,41847,18859,22988
74,107,295,169,126,388,207,181,480,245,235,693,396,297,890,530,360,417,211,206
74,111,355,119,236,505,236,269,853,449,404,1425,811,614,2353,1383,970,4810,2554,2256
74,115,135,77,58,177,89,88,218,101,117,171,83,88,123,64,59,104,50,54
74,154,200,132,68,663,437,226,940,644,296,972,670,302,1162,817,345,949,645,304
74,165,102,56,46,202,127,75,272,178,94,585,402,183,1374,1052,322,1061,829,232
74,211,10280,5235,5045,12558,6264,6294,14882,7304,7578,15335,7350,7985,15802,7388,8414,16041,7307,8734
74,217,434,223,211,1118,643,475,1868,1095,773,5745,3578,2167,15230,9829,5401,23440,15036,8404
74,31,63,40,23,165,99,66,267,159,108,411,248,163,538,326,212,1320,746,574
74,56,891,453,438,1336,697,639,1781,941,840,1978,1216,762,2012,1427,585,2708,1922,786
74,95,1793,797,996,2203,1076,1127,2613,1356,1257,3227,1702,1525,3841,2048,1793,4047,2140,1907
74,162,49150,22761,26389,42043,19126,22917,35964,16061,19903,31040,13530,17510,27091,11308,15783,26120,11087,15033
74,169,427,195,232,677,384,293,891,531,360,1319,744,575,1680,982,698,4363,2542,1821
74,170,1474,723,751,1481,758,723,1436,766,670,1997,1097,900,2518,1406,1112,2567,1428,1139
74,187,484,206,278,1071,496,575,1952,922,1030,2189,1053,1136,2454,1198,1256,2973,1493,1480
74,41,840,396,444,824,388,436,875,412,463,1371,652,719,1866,891,975,1980,948,1032
74,59,2451,1228,1223,3345,1803,1542,4238,2377,1861,5231,2920,2311,6224,3464,2760,7116,3921,3195
74,68,42,19,23,65,29,36,88,40,48,151,87,64,212,132,80,197,123,74
74,73,538,317,221,727,448,279,916,579,337,1471,924,547,2026,1270,756,2917,1793,1124
74,96,135,64,71,196,95,101,257,126,131,355,182,173,453,238,215,478,258,220
74,101,1917,747,1170,3104,1153,1951,5996,2346,3650,9213,4139,5074,10912,4606,6306,11147,4626,6521
74,114,26,11,15,77,39,38,128,67,61,232,131,101,331,190,141,277,158,119
74,120,215,96,119,241,108,133,188,84,104,280,149,131,335,187,148,284,156,128
74,153,2433,1236,1197,2459,1259,1200,2934,1561,1373,3189,1727,1462,4635,2604,2031,6286,3566,2720
74,199,4401,2594,1807,5223,3062,2161,5602,3269,2333,6530,3857,2673,7944,4695,3249,9208,5368,3840
74,218,52367,19131,33236,71537,27992,43545,91911,37212,54699,108252,46250,62002,133406,59652,73754,149872,65898,83974
74,4,4135,2212,1923,4216,2232,1984,4298,2253,2045,4875,2574,2301,4796,2533,2263,3764,1959,1805
74,26,259,116,143,238,108,130,217,100,117,152,70,82,175,82,93,157,74,83
74,52,831,332,499,651,261,390,401,166,235,1075,502,573,1749,839,910,1760,842,918
74,83,10626,4282,6344,8518,3382,5136,6549,2443,4106,6696,2561,4135,6842,2679,4163,6695,2453,4242
74,104,66902,16136,50766,56690,14691,41999,46478,13247,33231,90429,33459,56970,134380,53671,80709,134403,52236,82167
74,127,97,43,54,114,52,62,161,63,98,203,73,130,401,189,212,502,249,253
74,163,58434,28258,30176,75053,35425,39628,94718,44182,50536,95316,44553,50763,80086,37638,42448,87899,39330,48569
74,178,32,13,19,28,12,16,25,10,15,24,10,14,24,10,14,20,10,10
74,182,10,5,5,168,83,85,2287,1104,1183,5640,2690,2950,5513,2627,2886,5388,2560,2828
74,188,1408,652,756,1262,575,687,1118,492,626,1451,657,794,1774,777,997,1267,612,655
74,193,100111,45428,54683,113860,53134,60726,174641,83388,91253,177040,84133,92907,210047,102092,107955,201769,96722,105047
74,12,4939,2236,2703,5572,2572,3000,6205,2909,3296,6935,3163,3772,7665,3418,4247,8964,4024,4940
74,19,90212,45273,44939,99667,49070,50597,106237,51637,54600,116072,55807,60265,139529,67143,72386,170858,82337,88521
74,80,89386,43534,45852,97944,45208,52736,106502,46882,59620,123725,54680,69045,140948,62478,78470,145806,64631,81175
74,119,66,34,32,70,36,34,73,36,37,93,47,46,115,59,56,126,65,61
74,121,14367,6384,7983,15658,7172,8486,17116,8050,9066,20304,9544,10760,23716,11140,12576,36242,17293,18949
74,135,7679,3189,4490,7401,3069,4332,7134,2956,4178,6719,2819,3900,6399,2720,3679,6371,2723,3648
74,145,13064,5983,7081,15164,6786,8378,17789,7802,9987,19469,8715,10754,22101,10043,12058,24712,11307,13405
74,200,87249,38781,48468,93526,45313,48213,100144,52151,47993,113664,56703,56961,129392,57007,72385,152058,72902,79156
74,7,32,15,17,33,15,18,34,16,18,37,17,20,39,18,21,41,19,22
74,14,38,25,13,89,52,37,141,80,61,137,83,54,132,85,47,143,92,51
74,25,58,31,27,121,65,56,184,99,85,196,106,90,28,12,16,31,13,18
74,29,12,7,5,14,8,6,16,10,6,19,12,7,21,13,8,23,14,9
74,38,12,7,5,26,16,10,41,25,16,38,23,15,36,22,14,35,22,13
74,53,328,169,159,249,123,126,169,77,92,168,77,91,154,72,82,139,65,74
74,61,29,19,10,38,25,13,45,30,15,56,38,18,69,46,23,80,53,27
74,62,2524,1571,953,2804,1720,1084,3083,1868,1215,2518,1526,992,1936,1174,762,2043,1238,805
74,86,31775,15930,15845,40430,20010,20420,49084,24090,24994,51403,24284,27119,53722,24478,29244,55739,25106,30633
74,92,445,272,173,524,323,201,602,374,228,710,444,266,818,514,304,921,580,341
74,129,29695,15034,14661,35638,17511,18127,41569,19986,21583,43513,20365,23148,45448,20742,24706,47093,21278,25815
74,164,278,132,146,294,140,154,311,148,163,243,115,128,146,68,78,143,67,76
74,174,31,21,10,41,28,13,57,39,18,66,46,20,70,49,21,74,52,22
74,186,0,0,0,0,0,0,0,0,0,44,24,20,85,44,41,89,47,42
74,50,539,303,236,482,274,208,666,373,293,436,242,194,860,478,382,895,496,399
74,65,200,91,109,175,86,89,150,82,68,178,103,75,205,123,82,214,129,85
74,88,294,119,175,229,109,120,163,98,65,194,128,66,224,157,67,258,182,76
74,94,109,64,45,108,62,46,107,60,47,105,59,46,103,59,44,106,61,45
74,133,4190,2100,2090,4851,2445,2406,5723,2910,2813,6737,3316,3421,8533,4112,4421,11903,5743,6160
74,148,139,79,60,111,63,48,119,70,49,130,78,52,138,83,55,148,89,59
74,157,260,144,116,282,157,125,322,179,143,560,327,233,825,494,331,969,579,390
74,8,6463,2979,3484,6229,2959,3270,5996,2940,3056,6534,3255,3279,7071,3570,3501,8160,4118,4042
74,24,491,268,223,597,342,255,696,411,285,880,515,365,1063,618,445,1237,719,518
74,28,8096,4706,3390,8249,4810,3439,8402,4915,3487,9004,5492,3512,9476,5985,3491,11411,7207,4204
74,42,2147,1075,1072,2624,1335,1289,3101,1596,1505,2515,1450,1065,1929,1305,624,3169,1851,1318
74,46,1905,1030,875,1851,996,855,1797,963,834,1712,921,791,1924,1050,874,2061,1134,927
74,63,686,352,334,813,414,399,939,475,464,1108,572,536,1557,785,772,2264,1134,1130
74,75,15361,9083,6278,18094,10192,7902,20826,11300,9526,20818,11190,9628,20809,11080,9729,20934,11029,9905
74,159,491,286,205,594,355,239,695,421,274,662,401,261,630,381,249,614,371,243
74,160,1651,891,760,1441,770,671,1685,904,781,1971,1061,910,2136,1155,981,2309,1253,1056
74,222,865,412,453,840,403,437,816,393,423,764,372,392,716,351,365,672,334,338
74,225,4664,2390,2274,4149,2163,1986,3657,1935,1722,3657,1907,1750,3652,1876,1776,3777,1916,1861
74,22,106,70,36,114,70,44,122,70,52,133,78,55,144,86,58,145,86,59
74,37,52932,25769,27163,62998,30503,32495,74561,35968,38593,89277,45226,44051,109356,57319,52037,122212,64021,58191
74,84,11,5,6,9,5,4,8,6,2,11,6,5,13,9,4,14,9,5
74,175,668,388,280,845,475,370,970,534,436,841,461,380,745,410,335,723,400,323
74,220,119233,58322,60911,132485,65299,67186,151154,75160,75994,150839,75366,75473,152374,74817,77557,166729,81617,85112
74,11,15533,8048,7485,16385,8472,7913,18130,9170,8960,21130,10690,10440,28140,14530,13610,39107,20496,18611
74,147,881,482,399,1085,570,515,1573,766,807,2364,1148,1216,3159,1531,1628,3905,1889,2016
74,146,19351,11159,8192,22427,12788,9639,25504,14418,11086,30810,17091,13719,36117,19765,16352,37966,20807,17159
74,224,244,150,94,242,128,114,240,121,119,379,190,189,510,254,256,540,269,271
74,76,17851,11075,6776,19606,11974,7632,20959,12633,8326,22395,13083,9312,22012,12688,9324,20918,12055,8863
74,177,8,6,2,10,8,2,13,10,3,12,10,2,11,9,2,10,8,2
74,227,327,170,157,440,226,214,594,301,293,710,361,349,849,431,418,614,312,302
74,137,0,0,0,0,0,0,0,0,0,0,0,0,397,120,277,446,137,309
75,55,0,0,0,0,0,0,0,0,0,0,0,0,0,0,0,0,0,0
75,59,5,3,2,3,2,1,0,0,0,0,0,0,0,0,0,0,0,0
75,83,2,2,0,3,2,1,4,2,2,2,1,1,0,0,0,0,0,0
75,7,4,2,2,4,2,2,4,2,2,5,3,2,5,3,2,5,3,2
75,25,2,1,1,4,3,1,6,4,2,6,4,2,0,0,0,0,0,0
75,61,8,1,7,11,2,9,13,2,11,16,3,13,20,5,15,23,6,17
75,86,732,352,380,881,399,482,1030,447,583,1089,482,607,1148,518,630,1191,531,660
75,129,1101,409,692,1348,498,850,1596,587,1009,1670,588,1082,1744,588,1156,1808,601,1207
75,174,127,46,81,171,63,108,235,87,148,273,101,172,288,107,181,304,113,191
75,50,6,3,3,6,3,3,9,4,5,6,3,3,12,5,7,12,5,7
75,88,13,4,9,13,5,8,13,6,7,15,7,8,17,9,8,20,11,9
75,24,0,0,0,1,0,1,2,1,1,2,1,1,1,1,0,1,1,0
75,28,742,384,358,683,371,312,624,359,265,667,389,278,701,413,288,844,497,347
75,42,2,0,2,2,1,1,2,2,0,2,2,0,1,1,0,2,2,0
75,160,24,11,13,21,9,12,25,11,14,30,13,17,32,14,18,34,15,19
75,225,26,11,15,25,11,14,25,11,14,26,12,14,28,12,16,30,13,17
75,37,48,24,24,48,23,25,50,24,26,62,33,29,78,44,34,87,49,38
75,11,6,0,6,3,0,3,0,0,0,0,0,0,0,0,0,11,0,11
76,59,5,3,2,3,2,1,0,0,0,0,0,0,0,0,0,0,0,0
76,73,0,0,0,0,0,0,0,0,0,0,0,0,0,0,0,1,1,0
76,101,0,0,0,1,1,0,2,1,1,2,1,1,1,0,1,1,0,1
76,218,13,8,5,55,26,29,98,44,54,84,39,45,77,36,41,86,40,46
76,83,17,9,8,16,8,8,16,7,9,13,6,7,10,5,5,10,5,5
76,42,18,12,6,12,6,6,6,1,5,5,1,4,3,1,2,5,2,3
76,37,53,26,27,97,47,50,144,70,74,131,76,55,126,87,39,141,97,44
76,11,236,91,145,317,134,183,380,170,210,420,150,270,490,200,290,549,242,307
76,146,2726,1404,1322,3159,1604,1555,3593,1804,1789,1974,1046,928,355,287,68,373,302,71
76,49,63,32,31,66,34,32,68,35,33,90,35,55,112,36,76,123,39,84
76,227,18,10,8,22,12,10,28,15,13,32,18,14,37,20,17,48,27,21
77,40,292,158,134,318,172,146,343,185,158,237,107,130,281,126,155,349,161,188
77,48,970,465,505,1121,510,611,1572,689,883,1000,571,429,2380,1212,1168,3163,1544,1619
77,66,65,36,29,86,47,39,107,59,48,156,87,69,205,116,89,256,146,110
77,179,11,9,2,221,157,64,436,309,127,342,242,100,268,189,79,237,167,70
77,191,306,145,161,190,98,92,130,76,54,155,89,66,248,142,106,318,183,135
77,34,11,6,5,14,8,6,17,10,7,13,8,5,8,5,3,8,5,3
77,126,4463,2384,2079,4670,2495,2175,4279,2297,1982,17459,9108,8351,30825,16004,14821,33255,17230,16025
77,130,77,35,42,82,42,40,84,47,37,84,49,35,84,50,34,84,51,33
77,206,430,229,201,484,258,226,545,291,254,613,327,286,796,443,353,896,499,397
77,31,3,1,2,5,2,3,6,2,4,9,3,6,11,4,7,11,5,6
77,56,0,0,0,0,0,0,0,0,0,1,1,0,2,2,0,3,3,0
77,95,0,0,0,2,1,1,4,2,2,5,3,2,5,4,1,3,2,1
77,59,5,3,2,5,3,2,5,3,2,6,3,3,7,3,4,6,4,2
77,73,0,0,0,1,0,1,1,0,1,4,1,3,7,3,4,13,5,8
77,101,1,1,0,3,2,1,6,3,3,5,2,3,4,2,2,4,2,2
77,199,3,3,0,3,3,0,4,4,0,3,3,0,12,7,5,24,14,10
77,218,17,11,6,70,34,36,126,58,68,229,98,131,351,147,204,393,162,231
77,83,18,9,9,31,17,14,45,25,20,27,14,13,8,2,6,8,2,6
77,104,14,5,9,75,37,38,136,70,66,260,133,127,384,197,187,384,194,190
77,163,21,10,11,45,21,24,71,33,38,310,282,28,499,485,14,548,531,17
77,193,22,10,12,34,16,18,415,213,202,200,101,99,271,135,136,278,135,143
77,12,14,9,5,16,10,6,18,12,6,20,13,7,21,13,8,24,15,9
77,19,164,85,79,163,84,79,158,82,76,241,123,118,290,150,140,312,144,168
77,74,7939,3837,4102,8196,3890,4306,8453,3944,4509,17241,7700,9541,18286,8338,9948,19780,8984,10796
77,80,123,96,27,182,133,49,241,171,70,373,232,141,505,294,211,522,304,218
77,145,35,18,17,51,25,26,71,33,38,100,50,50,87,39,48,96,50,46
77,200,136,56,80,157,66,91,180,77,103,206,87,119,238,88,150,279,115,164
77,50,1,0,1,1,0,1,1,0,1,1,0,1,1,0,1,1,0,1
77,24,4,3,1,2,1,1,0,0,0,0,0,0,0,0,0,0,0,0
77,42,5,4,1,5,3,2,5,2,3,4,2,2,3,2,1,5,3,2
77,37,38,19,19,229,110,119,426,205,221,681,323,358,976,461,515,1091,515,576
77,11,20,14,6,10,7,3,0,0,0,10,0,10,10,0,10,11,0,11
77,36,0,0,0,0,0,0,0,0,0,1061,535,526,845,445,400,811,370,441
77,28,0,0,0,0,0,0,0,0,0,15,15,0,30,30,0,36,36,0
78,64,36,29,7,28,22,6,22,16,6,26,19,7,28,20,8,33,22,11
78,142,128,57,71,122,55,67,114,50,64,90,40,50,86,38,48,78,35,43
78,34,7,3,4,10,4,6,12,5,7,9,4,5,5,2,3,5,2,3
78,51,10359,5445,4914,6022,3156,2866,693,362,331,361,188,173,42,21,21,44,22,22
78,81,19,12,7,19,13,6,21,13,8,30,19,11,30,19,11,36,23,13
78,89,811,490,321,935,606,329,1012,649,363,1842,1032,810,2861,1523,1338,3186,1698,1488
78,90,960,461,499,1247,619,628,1534,778,756,1472,744,728,1410,710,700,1495,746,749
78,117,656,383,273,650,378,272,630,355,275,504,349,155,711,396,315,750,437,313
78,126,595,323,272,621,337,284,570,310,260,2323,1230,1093,4103,2163,1940,4426,2329,2097
78,181,4263,1858,2405,4458,1928,2530,4029,1635,2394,4335,1849,2486,4849,2189,2660,4984,2250,2734
78,184,5240,2856,2384,5110,2718,2392,4984,2584,2400,4873,2493,2380,4843,2460,2383,4828,2444,2384
78,206,510,276,234,574,311,263,646,350,296,727,394,333,944,535,409,1063,603,460
78,31,2,1,1,4,2,2,5,2,3,8,4,4,10,5,5,12,6,6
78,56,2,1,1,3,1,2,4,1,3,8,6,2,11,10,1,14,12,2
78,95,0,0,0,4,2,2,7,4,3,9,5,4,11,6,5,8,5,3
78,59,236,171,65,360,231,129,483,291,192,548,319,229,613,347,266,650,359,291
78,73,22,20,2,96,88,8,169,155,14,309,255,54,449,355,94,765,593,172
78,96,2,1,1,4,2,2,5,3,2,6,3,3,7,4,3,10,9,1
78,101,11,6,5,30,15,15,66,35,31,66,37,29,56,30,26,57,30,27
78,114,0,0,0,0,0,0,0,0,0,0,0,0,0,0,0,0,0,0
78,153,570,447,123,676,492,184,789,526,263,887,560,327,1015,608,407,1159,676,483
78,199,1965,1176,789,2332,1388,944,2501,1482,1019,2931,1696,1235,3886,2259,1627,4834,2815,2019
78,218,1354,755,599,2553,1402,1151,3796,2070,1726,7039,3805,3234,10856,5880,4976,12194,6530,5664
78,83,59,32,27,51,26,25,44,21,23,48,32,16,51,43,8,50,42,8
78,104,84,29,55,363,234,129,641,439,202,1078,850,228,1515,1262,253,1515,1257,258
78,163,7,7,0,15,15,0,24,23,1,68,59,9,101,84,17,111,91,20
78,193,2779,2013,766,3557,2553,1004,5866,4218,1648,11215,8822,2393,18688,15423,3265,16954,13356,3598
78,12,346,310,36,391,351,40,435,391,44,487,437,50,538,482,56,628,562,66
78,19,92,59,33,92,59,33,89,57,32,138,88,50,206,119,87,403,271,132
78,74,1329,700,629,1372,712,660,1415,724,691,1546,876,670,1763,885,878,1907,954,953
78,80,1908,1809,99,2261,2028,233,2614,2248,366,3443,2697,746,4272,3147,1125,4419,3255,1164
78,145,112,87,25,164,127,37,223,170,53,401,278,123,529,356,173,672,435,237
78,200,157,143,14,314,282,32,473,421,52,539,476,63,616,533,83,723,633,90
78,42,0,0,0,1,1,0,2,2,0,2,2,0,1,1,0,2,2,0
78,63,11,9,2,13,10,3,14,11,3,16,13,3,23,19,4,33,28,5
78,37,14,6,8,122,58,64,233,112,121,368,205,163,525,311,214,587,348,239
78,220,1485,727,758,3552,1759,1793,5765,2869,2896,11033,5518,5515,16438,8080,8358,20877,10231,10646
78,11,18,11,7,9,6,3,0,0,0,50,30,20,90,50,40,127,74,53
79,108,3773,2333,1440,3089,1888,1201,2405,1443,962,2742,1674,1068,3079,1906,1173,3275,2048,1227
79,112,10351,4548,5803,8367,3842,4525,6254,3076,3178,5017,2450,2567,3704,1786,1918,3270,1568,1702
79,202,872,384,488,753,385,368,703,425,278,678,353,325,693,305,388,687,298,389
79,9,1646,564,1082,27684,9488,18196,46779,16040,30739,30942,11273,19669,25767,9939,15828,40897,15520,25377
79,13,69766,30871,38895,61233,29158,32075,61708,28924,32784,58561,26490,32071,53614,25318,28296,51141,24733,26408
79,55,3802,2082,1720,5376,2846,2530,6950,3610,3340,10173,5254,4919,16310,8528,7782,17026,8983,8043
79,103,25921,12697,13224,24200,11667,12533,21123,10117,11006,14988,7128,7860,9034,4209,4825,9317,4317,5000
79,211,1575,715,860,3813,1645,2168,6065,2577,3488,6249,2574,3675,6439,2567,3872,6536,2517,4019
79,18,9868,5654,4214,9348,5375,3973,8827,5096,3731,8705,5025,3680,8583,4954,3629,8507,4911,3596
79,31,77,39,38,117,53,64,157,67,90,223,96,127,279,120,159,336,154,182
79,56,88,50,38,132,77,55,176,104,72,607,351,256,988,582,406,1045,606,439
79,95,186,102,84,165,89,76,144,77,67,178,97,81,212,117,95,184,92,92
79,162,460,221,239,393,186,207,336,156,180,331,149,182,338,147,191,326,143,183
79,167,3550,1563,1987,2396,1056,1340,1616,712,904,1135,644,491,1028,395,633,932,330,602
79,169,0,0,0,0,0,0,0,0,0,0,0,0,0,0,0,57,20,37
79,170,656888,322343,334545,653159,337869,315290,625743,341259,284484,539318,292371,246947,441793,237616,204177,450221,241107,209114
79,187,11,5,6,27,16,11,51,30,21,58,34,24,65,39,26,79,47,32
79,216,76612,32828,43784,74660,36124,38536,73621,39862,33759,67270,36466,30804,64185,34834,29351,64399,34991,29408
79,59,72,35,37,78,38,40,83,41,42,143,64,79,203,87,116,221,95,126
79,68,2196,1132,1064,1884,964,920,1572,796,776,1592,794,798,1599,782,817,1485,725,760
79,73,0,0,0,5,2,3,9,3,6,23,10,13,36,17,19,79,36,43
79,96,2,1,1,3,1,2,4,2,2,12,5,7,20,8,12,22,9,13
79,101,49,27,22,136,73,63,298,165,133,299,174,125,250,137,113,255,138,117
79,114,697,427,270,1368,790,578,2039,1153,886,1850,1044,806,1614,896,718,1353,744,609
79,120,2036,1213,823,1144,683,461,896,535,361,868,523,345,723,422,301,612,351,261
79,153,0,0,0,11,5,6,16,8,8,125,59,66,208,96,112,315,143,172
79,199,103,43,60,123,51,72,132,54,78,365,167,198,859,422,437,1275,630,645
79,218,76,46,30,303,151,152,537,259,278,1707,815,892,3017,1446,1571,3388,1600,1788
79,83,36031,19955,16076,53103,26400,26703,71047,32796,38251,78132,34054,44078,85216,35311,49905,83388,32537,50851
79,104,11,4,7,164,54,110,317,105,212,6271,929,5342,12224,1752,10472,12226,1565,10661
79,127,12,6,6,15,8,7,19,11,8,23,12,11,38,17,21,47,22,25
79,163,40,36,4,88,79,9,140,124,16,590,454,136,943,709,234,1036,769,267
79,182,5,2,3,37,12,25,51,15,36,51,15,36,50,14,36,48,13,35
79,193,102,50,52,257,135,122,523,281,242,4926,3132,1794,9792,5490,4302,8760,4016,4744
79,12,1827,949,878,2061,1087,974,2295,1225,1070,2565,1340,1225,2835,1455,1380,3316,1711,1605
79,19,1171,576,595,1164,571,593,1123,552,571,814,395,419,1666,822,844,3772,2096,1676
79,74,1337,659,678,1381,669,712,1424,679,745,5304,2591,2713,7011,3271,3740,7584,3525,4059
79,80,1410,553,857,5946,2521,3425,10482,4489,5993,16302,6438,9864,22122,8387,13735,22884,8676,14208
79,145,32,18,14,46,25,21,63,33,30,150,75,75,202,109,93,296,153,143
79,200,293,158,135,369,185,184,448,213,235,513,225,288,588,214,374,691,283,408
79,50,10,4,6,8,4,4,9,4,5,6,3,3,12,5,7,12,5,7
79,157,0,0,0,0,0,0,0,0,0,23,21,2,49,44,5,58,53,5
79,24,0,0,0,1,1,0,1,1,0,2,1,1,2,1,1,2,1,1
79,42,16,9,7,9,5,4,2,2,0,2,2,0,1,1,0,2,2,0
79,225,12,4,8,11,3,8,11,3,8,11,3,8,12,3,9,13,3,10
79,37,749,365,384,752,365,387,773,373,400,1205,595,610,1710,855,855,1911,955,956
79,220,6689,3272,3417,8436,4163,4273,10528,5236,5292,15424,7709,7715,20511,10075,10436,24456,11977,12479
79,11,17,6,11,168,85,83,310,160,150,460,230,230,520,250,270,612,274,338
79,28,0,0,0,0,0,0,0,0,0,31,10,21,63,21,42,76,25,51
80,131,57,33,24,70,39,31,124,61,63,118,57,61,119,59,60,136,71,65
80,183,40,16,24,48,23,25,57,30,27,66,30,36,76,31,45,85,38,47
80,215,234,132,102,229,126,103,246,128,118,244,127,117,243,126,117,241,125,116
80,219,605,348,257,769,442,327,810,466,344,901,519,382,924,532,392,967,473,494
80,230,311,173,138,220,123,97,157,88,69,209,118,91,279,151,128,371,187,184
80,48,178,81,97,205,87,118,288,118,170,183,100,83,436,212,224,579,269,310
80,77,27,15,12,33,18,15,42,23,19,46,26,20,52,29,23,57,32,25
80,2,6544,3694,2850,3661,1987,1674,778,281,497,1096,396,700,1414,512,902,1399,506,893
80,64,9692,5298,4394,7378,3965,3413,5649,2946,2703,6725,3706,3019,7258,3876,3382,8609,4072,4537
80,118,27674,15197,12477,16289,8749,7540,5172,2623,2549,5699,3392,2307,6235,3740,2495,7029,4178,2851
80,139,984,521,463,903,471,432,952,489,463,977,495,482,1093,551,542,1465,735,730
80,210,903,449,454,896,450,446,1031,524,507,992,509,483,1121,577,544,1453,751,702
80,27,332,184,148,320,177,143,341,187,154,653,354,299,968,523,445,1286,689,597
80,142,13401,5620,7781,12815,5422,7393,11896,5066,6830,9406,3973,5433,9063,3839,5224,8309,3543,4766
80,191,33946,15243,18703,25144,12166,12978,23472,12027,11445,28097,14052,14045,44843,22251,22592,40902,20321,20581
80,34,25,13,12,33,18,15,41,23,18,53,29,24,65,35,30,67,36,31
80,89,849,421,428,978,539,439,1059,574,485,1928,846,1082,2995,1207,1788,3335,1347,1988
80,117,928,478,450,906,457,449,890,437,453,404,258,146,186,81,105,50,25,25
80,181,721,359,362,754,374,380,682,322,360,733,361,372,821,423,398,843,434,409
80,184,135,74,61,131,70,61,127,66,61,124,64,60,123,63,60,122,62,60
80,206,75,32,43,87,37,50,101,43,58,117,50,67,172,81,91,200,94,106
80,108,380407,178145,202262,270390,126875,143515,160373,75606,84767,182830,88755,94075,205287,101905,103382,218348,110189,108159
80,112,15254,6486,8768,10548,4494,6054,5678,2432,3246,3899,1659,2240,2062,862,1200,1820,755,1065
80,202,205,91,114,166,89,77,143,96,47,137,76,61,141,63,78,139,60,79
80,212,1567,587,980,2591,962,1629,2069,761,1308,2017,770,1247,1874,746,1128,1858,757,1101
80,223,19362,8643,10719,14711,6469,8242,9353,4071,5282,9362,4206,5156,8998,4174,4824,8610,4069,4541
80,44,1323,990,333,1476,1102,374,1629,1214,415,1778,1302,476,1932,1394,538,1973,1402,571
80,106,3607,1838,1769,4017,1928,2089,4295,1984,2311,5632,2565,3067,5971,2684,3287,5576,2486,3090
80,136,50,28,22,54,32,22,60,36,24,98,61,37,148,97,51,162,104,58
80,166,645,409,236,799,523,276,1208,820,388,1105,828,277,1441,1147,294,1465,1280,185
80,35,18,11,7,47,28,19,76,46,30,59,36,23,42,26,16,38,24,14
80,161,704,509,195,1028,673,355,1638,1017,621,2622,1621,1001,3727,2281,1446,3786,2319,1467
80,203,2551,2159,392,2303,1948,355,2531,2130,401,2247,1843,404,2126,1698,428,1967,1527,440
80,23,12,7,5,15,9,6,17,10,7,21,12,9,25,14,11,27,15,12
80,97,5654,2682,2972,4140,1810,2330,2626,938,1688,2427,864,1563,2227,789,1438,2147,759,1388
80,125,251,138,113,213,106,107,162,89,73,176,103,73,233,152,81,279,197,82
80,194,21,14,7,83,64,19,147,103,44,278,152,126,547,302,245,543,296,247
80,9,660,281,379,700,314,386,766,353,413,507,243,264,422,210,212,681,296,385
80,13,389,155,234,341,148,193,344,147,197,327,134,193,299,129,170,285,126,159
80,55,646,294,352,914,396,518,1181,497,684,1729,721,1008,2772,1178,1594,2893,1246,1647
80,79,8348,3717,4631,5779,2569,3210,3209,1421,1788,2415,1070,1345,1635,724,911,1515,672,843
80,103,26628,11817,14811,27508,11996,15512,26847,11670,15177,24742,10757,13985,22937,9946,12991,23656,10193,13463
80,107,413,206,207,642,331,311,869,457,412,1255,733,522,1614,981,633,756,395,361
80,115,189,94,95,292,141,151,395,189,206,309,154,155,223,120,103,188,90,98
80,211,176820,88533,88287,215428,106300,109128,254815,124254,130561,262587,125002,137585,270596,125609,144987,274691,124181,150510
80,18,32,21,11,50,29,21,68,37,31,65,35,30,62,33,29,66,35,31
80,31,252,114,138,625,318,307,998,523,475,1529,828,701,1996,1098,898,3827,2116,1711
80,56,2375,1189,1186,3563,1833,1730,4750,2476,2274,8294,5890,2404,11156,8933,2223,15209,12388,2821
80,95,18409,8179,10230,19850,9154,10696,21290,10129,11161,26297,12756,13541,31303,15383,15920,30123,15826,14297
80,162,144229,64066,80163,123377,53759,69618,105540,45078,60462,90919,39612,51307,79149,35050,44099,76313,34309,42004
80,167,427,223,204,384,200,184,779,407,372,1094,571,523,991,381,610,898,318,580
80,169,1783,731,1052,2033,996,1037,2174,1134,1040,2580,1286,1294,2855,1516,1339,4124,2297,1827
80,170,144895,71102,73793,149872,74550,75322,149414,75322,74092,145892,72930,72962,139367,69080,70287,142026,70040,71986
80,187,255,123,132,1460,906,554,3067,1938,1129,3439,2194,1245,3856,2479,1377,4671,3049,1622
80,216,1308,665,643,1265,661,604,1239,665,574,1132,609,523,1080,582,498,1083,585,498
80,59,22533,9734,12799,25297,11440,13857,28060,13145,14915,31751,15275,16476,35441,17405,18036,36937,17983,18954
80,68,461,230,231,716,360,356,970,489,481,1174,618,556,1369,740,629,1271,686,585
80,70,27,13,14,17,8,9,16,9,7,20,12,8,20,10,10,22,13,9
80,73,2586,1535,1051,2800,1714,1086,3013,1893,1120,4605,2721,1884,6197,3549,2648,8246,4466,3780
80,96,803,251,552,922,301,621,1040,350,690,1387,518,869,1734,686,1048,1623,622,1001
80,101,3341,1653,1688,4291,2057,2234,7601,3771,3830,11805,5449,6356,14065,5424,8641,14368,5432,8936
80,114,1913,832,1081,3084,1855,1229,4256,2879,1377,3723,2245,1478,3097,1533,1564,2597,1270,1327
80,120,1833,975,858,2049,1094,955,1605,856,749,1819,990,829,1786,946,840,1512,785,727
80,153,8821,3895,4926,9318,4178,5140,11445,5394,6051,14134,6924,7210,24853,13251,11602,28212,14963,13249
80,199,29981,13563,16418,35578,15947,19631,38155,16965,21190,41584,19032,22552,48158,22567,25591,50473,23879,26594
80,218,213058,87109,125949,233229,96500,136729,257322,107160,150162,261429,109499,151930,286819,122221,164598,322220,134813,187407
80,4,347,185,162,351,186,165,355,186,169,401,212,189,392,207,185,318,169,149
80,26,816,375,441,812,374,438,807,372,435,530,246,284,558,265,293,501,238,263
80,52,5148,2143,3005,6825,2800,4025,7773,3212,4561,20667,10032,10635,33561,16852,16709,33774,16910,16864
80,83,26527,11636,14891,63007,29130,33877,100521,46488,54033,108685,50099,58586,116849,53710,63139,114343,50007,64336
80,104,96165,26844,69321,75903,22011,53892,55640,17177,38463,137808,56970,80838,219975,96763,123212,220013,94575,125438
80,127,323,128,195,378,153,225,578,247,331,756,334,422,915,413,502,1147,547,600
80,163,16069,7873,8196,19705,9622,10083,24141,11799,12342,26104,12820,13284,23733,11742,11991,26048,12328,13720
80,182,31,17,14,502,260,242,6826,3454,3372,16834,8424,8410,16455,8227,8228,16083,8019,8064
80,188,8402,3990,4412,6970,3352,3618,5550,2692,2858,11173,5512,5661,13324,6475,6849,8124,4202,3922
80,193,80772,38178,42594,100172,48525,51647,160472,79608,80864,180349,89215,91134,212883,105477,107406,200870,97805,103065
80,204,43,18,25,40,17,23,38,16,22,38,16,22,39,16,23,42,18,24
80,12,100832,40249,60583,113756,46527,67229,126680,52805,73875,158975,69823,89152,191269,86840,104429,223705,102235,121470
80,19,26386,14287,12099,30435,15972,14463,33603,17250,16353,35004,17514,17490,39225,19429,19796,44268,21746,22522
80,74,171594,67085,104509,177141,67438,109703,182688,67791,114897,222726,94115,128611,215982,77456,138526,233627,83296,150331
80,119,978,523,455,1244,643,601,1489,744,745,1560,757,803,1635,776,859,1810,865,945
80,121,12616,4746,7870,10558,4290,6268,8612,3890,4722,8886,4011,4875,9259,4176,5083,14216,6506,7710
80,145,127898,53350,74548,123377,50299,73078,123252,48843,74409,117599,47934,69665,120786,49691,71095,123273,51471,71802
80,200,161440,70101,91339,201043,99941,101102,241379,130442,110937,272280,141271,131009,308470,142541,165929,362506,181055,181451
80,7,45,22,23,57,28,29,68,33,35,73,35,38,78,38,40,83,40,43
80,14,161,80,81,190,100,90,220,122,98,244,126,118,267,130,137,289,139,150
80,29,29,13,16,35,16,19,40,18,22,46,21,25,52,24,28,58,27,31
80,38,43,29,14,92,62,30,141,94,47,133,89,44,126,85,41,124,84,40
80,53,752,388,364,570,282,288,388,177,211,386,177,209,353,164,189,318,148,170
80,61,11,4,7,14,5,9,17,6,11,21,8,13,26,11,15,30,13,17
80,62,5084,3081,2003,5647,3368,2279,6209,3655,2554,3905,2359,1546,1574,1047,527,1661,1104,557
80,86,125,60,65,167,81,86,209,103,106,256,120,136,303,138,165,314,141,173
80,92,896,533,363,1055,634,421,1213,735,478,1431,872,559,1648,1008,640,1856,1138,718
80,164,2231,1057,1174,1662,789,873,1097,521,576,860,409,451,515,242,273,504,236,268
80,174,31,12,19,41,16,25,57,22,35,66,26,40,70,28,42,74,30,44
80,209,137,66,71,124,60,64,135,65,70,144,69,75,245,124,121,253,130,123
80,20,45,29,16,47,30,17,48,30,18,53,33,20,58,36,22,67,41,26
80,50,1268,746,522,1077,637,440,1424,827,597,933,537,396,1838,1059,779,1912,1097,815
80,65,464,279,185,347,207,140,229,134,95,224,129,95,218,123,95,227,128,99
80,88,476,155,321,440,185,255,404,215,189,480,284,196,556,354,202,640,411,229
80,94,223,149,74,221,145,76,218,141,77,213,138,75,208,136,72,214,141,73
80,133,4560,2321,2239,4988,2667,2321,5632,3142,2490,5985,3374,2611,7033,4001,3032,9723,5392,4331
80,148,374,209,165,297,165,132,275,163,112,261,165,96,279,178,101,300,192,108
80,157,284,175,109,344,213,131,426,263,163,650,386,264,906,532,374,1065,625,440
80,8,15674,7342,8332,12672,5865,6807,9671,4390,5281,8840,4056,4784,8009,3723,4286,9242,4293,4949
80,24,1351,726,625,1524,813,711,1682,891,791,1711,879,832,1737,865,872,2022,1007,1015
80,28,25679,13074,12605,22641,11628,11013,19603,10182,9421,17981,9862,8119,16101,9391,6710,19389,11309,8080
80,42,5379,2656,2723,5369,2646,2723,5359,2637,2722,6382,3163,3219,7404,3688,3716,12169,4323,7846
80,46,2679,1472,1207,2455,1359,1096,2230,1245,985,2040,1151,889,2204,1270,934,2361,1370,991
80,63,1397,743,654,1612,827,785,1827,911,916,2156,1098,1058,3029,1505,1524,4405,2173,2232
80,159,2108,1210,898,1994,1152,842,1874,1084,790,1785,1033,752,1700,982,718,1659,958,701
80,160,2092,1069,1023,1826,923,903,2134,1084,1050,2497,1275,1222,2707,1389,1318,2926,1507,1419
80,222,2573,1232,1341,2205,1001,1204,1563,718,845,1261,593,668,1018,489,529,786,396,390
80,225,4895,2619,2276,4432,2393,2039,3977,2164,1813,4016,2169,1847,4050,2171,1879,4211,2232,1979
80,22,228,119,109,231,125,106,234,132,102,240,132,108,246,132,114,249,134,115
80,37,173222,84328,88894,172549,83607,88942,175979,84894,91085,166471,80120,86351,166963,80392,86571,186592,89783,96809
80,84,34,28,6,35,28,7,42,30,12,63,48,15,76,61,15,58,45,13
80,220,711929,348233,363696,695109,340516,354593,706704,347847,358857,663073,327980,335093,627569,304945,322624,627493,303963,323530
80,11,126452,62326,64126,125092,61259,63833,119070,58050,61020,122990,59470,63520,126300,60420,65880,134664,64314,70350
80,147,5298,2537,2761,6879,3271,3608,8152,3963,4189,10291,4995,5296,11964,5797,6167,13447,6503,6944
80,76,319,224,95,350,243,107,375,258,117,392,271,121,379,265,114,360,252,108
80,177,35,21,14,45,27,18,55,33,22,51,31,20,45,27,18,43,25,18
80,36,0,0,0,0,0,0,0,0,0,296,150,146,236,125,111,226,104,122
80,137,0,0,0,0,0,0,0,0,0,0,0,0,1785,562,1223,1876,598,1278
80,54,0,0,0,0,0,0,0,0,0,0,0,0,115,59,56,124,64,60
81,230,484,340,144,283,199,84,166,117,49,170,120,50,175,119,56,179,91,88
81,77,1965,1675,290,2348,2001,347,3002,2559,443,3287,2802,485,3745,3193,552,4119,3510,609
81,64,214,168,46,186,143,43,172,128,44,205,156,49,221,166,55,262,188,74
81,118,610,481,129,526,407,119,452,343,109,498,400,98,545,439,106,614,493,121
81,116,122,81,41,105,70,35,85,56,29,86,57,29,87,58,29,89,60,29
81,142,212,124,88,202,119,83,189,110,79,149,87,62,143,84,59,131,78,53
81,191,6486,3859,2627,4046,2541,1505,2756,1885,871,3304,2231,1073,5272,3547,1725,7156,4818,2338
81,21,5747,3034,2713,5656,2979,2677,5565,2925,2640,7137,3837,3300,8708,4749,3959,10211,5631,4580
81,32,24542,8534,16008,30522,10648,19874,29139,10358,18781,27293,9752,17541,30810,10915,19895,32217,11414,20803
81,34,55,26,29,74,36,38,93,47,46,67,33,34,40,19,21,42,20,22
81,51,99487,39197,60290,90436,35286,55150,66479,25832,40647,52935,20583,32352,41173,16038,25135,42749,16647,26102
81,89,1337,1083,254,1541,1280,261,1669,1381,288,3039,2397,642,4721,3660,1061,5257,4077,1180
81,117,9952,5285,4667,9723,5219,4504,9542,5161,4381,6646,4714,1932,7069,4109,2960,7468,4562,2906
81,126,1913,941,972,2323,1216,1107,2388,1305,1083,9745,5185,4560,17205,9111,8094,18561,9810,8751
81,130,186,52,134,198,69,129,204,85,119,205,90,115,206,93,113,206,94,112
81,149,4184,1943,2241,2881,1280,1601,1602,627,975,1631,638,993,1658,647,1011,1680,654,1026
81,150,75322,42256,33066,81276,45306,35970,90479,50112,40367,120176,66346,53830,170637,93907,76730,222377,122006,100371
81,181,1476,1144,332,1543,1194,349,1395,1064,331,1500,1157,343,1678,1310,368,1724,1346,378
81,184,1307,881,426,1274,847,427,1242,814,428,1214,790,424,1206,782,424,1202,778,424
81,206,12685,5372,7313,19575,7810,11765,26455,11717,14738,32648,15116,17532,42991,18384,24607,46794,19245,27549
81,106,598,305,293,1187,570,617,1657,766,891,1776,809,967,1883,847,1036,1844,823,1021
81,161,8,7,1,8,8,0,11,11,0,21,21,0,34,34,0,34,34,0
81,55,21,11,10,30,15,15,38,19,19,56,28,28,89,45,44,93,47,46
81,107,44,29,15,39,26,13,34,23,11,48,35,13,61,45,16,29,20,9
81,211,34,30,4,83,74,9,134,118,16,138,122,16,142,126,16,144,128,16
81,31,4,3,1,5,3,2,6,3,3,8,3,5,10,4,6,14,7,7
81,56,10,8,2,16,12,4,21,16,5,70,57,13,114,95,19,177,151,26
81,95,44,37,7,65,47,18,85,56,29,105,70,35,124,83,41,131,86,45
81,162,65,46,19,55,39,16,48,34,14,41,28,13,37,24,13,36,23,13
81,169,0,0,0,0,0,0,0,0,0,0,0,0,0,0,0,108,87,21
81,170,286,140,146,263,147,116,231,149,82,273,200,73,310,247,63,316,251,65
81,187,1,1,0,5,5,0,12,10,2,14,11,3,16,13,3,20,15,5
81,59,391,275,116,678,429,249,965,584,381,1324,764,560,1682,943,739,1896,1087,809
81,70,1,1,0,1,1,0,0,0,0,5,1,4,16,4,12,18,6,12
81,73,74,57,17,161,125,36,248,193,55,605,438,167,961,682,279,1609,1094,515
81,96,10,6,4,15,9,6,19,11,8,32,14,18,45,17,28,61,30,31
81,101,97,45,52,268,117,151,587,267,320,588,286,302,493,221,272,504,223,281
81,153,736,554,182,1104,693,411,1050,581,469,1209,620,589,1539,823,716,1897,1043,854
81,199,770,454,316,914,537,377,981,573,408,1410,851,559,1927,1127,800,2614,1524,1090
81,218,31872,15509,16363,42703,20676,22027,54254,26135,28119,70045,33484,36561,91540,43912,47628,102837,48611,54226
81,83,633,350,283,514,316,198,403,283,120,507,364,143,610,444,166,597,428,169
81,104,25093,14729,10364,29731,16817,12914,34369,18906,15463,40455,23800,16655,46540,28693,17847,46548,28379,18169
81,127,6,5,1,8,6,2,9,7,2,13,10,3,63,55,8,79,70,9
81,163,15,12,3,33,26,7,53,41,12,121,91,30,170,127,43,186,136,50
81,182,3,2,1,22,15,7,30,19,11,30,19,11,30,19,11,29,19,10
81,188,5,3,2,10,7,3,16,10,6,16,9,7,20,12,8,35,22,13
81,193,436,304,132,736,542,194,1354,1019,335,9730,8504,1226,14895,12521,2374,12033,9158,2875
81,12,1363,785,578,1538,897,641,1712,1008,704,1914,1108,806,2115,1207,908,2474,1417,1057
81,19,1457,758,699,1448,752,696,1397,727,670,2493,1270,1223,3125,1591,1534,4573,2456,2117
81,74,5576,2960,2616,5756,3010,2746,5936,3060,2876,5389,2589,2800,6190,3131,3059,6696,3376,3320
81,80,20822,14758,6064,21454,13334,8120,22086,11911,10175,25613,13004,12609,29139,14097,15042,30143,14583,15560
81,145,6020,3235,2785,8266,4360,3906,10792,5621,5171,12168,6292,5876,13222,6563,6659,14212,6915,7297
81,200,1464,740,724,1683,882,801,1909,1030,879,2114,1091,1023,2361,1078,1283,2774,1371,1403
81,7,10,5,5,18,9,9,25,12,13,27,13,14,29,14,15,31,15,16
81,14,23,12,11,44,24,20,65,36,29,55,36,19,44,36,8,48,39,9
81,174,10,6,4,13,8,5,18,11,7,21,14,7,23,15,8,24,16,8
81,50,1,1,0,1,1,0,1,1,0,1,1,0,1,1,0,1,1,0
81,24,1,1,0,2,2,0,2,2,0,7,6,1,12,10,2,14,12,2
81,42,5,3,2,6,3,3,7,4,3,6,4,2,4,3,1,7,5,2
81,63,13,9,4,15,10,5,16,11,5,19,13,6,26,18,8,37,26,11
81,225,28,23,5,27,22,5,27,22,5,28,23,5,31,25,6,33,27,6
81,22,17,10,7,32,18,14,46,26,20,85,49,36,124,73,51,125,74,51
81,37,6404,3118,3286,11477,5550,5927,16823,8115,8708,18533,9114,9419,21357,10687,10670,23868,11936,11932
81,220,20889,13132,7757,42364,26798,15566,65572,41609,23963,87399,55612,31787,110298,65410,44888,134338,79507,54831
81,11,994,665,329,1625,986,639,2160,1250,910,2840,1580,1260,4200,2270,1930,5306,2863,2443
81,28,0,0,0,0,0,0,0,0,0,30,21,9,61,42,19,73,50,23
81,68,0,0,0,0,0,0,0,0,0,0,0,0,6,4,2,6,4,2
82,64,7,4,3,7,4,3,7,4,3,8,5,3,9,6,3,11,7,4
82,191,26,21,5,21,17,4,23,17,6,27,20,7,43,32,11,54,41,13
82,55,1,1,0,2,2,0,2,2,0,3,3,0,5,5,0,5,5,0
82,31,2,1,1,3,1,2,4,1,3,6,1,5,8,2,6,6,1,5
82,101,7,3,4,20,9,11,45,23,22,45,24,21,38,18,20,39,18,21
82,218,11215,5296,5919,9279,4481,4798,7500,3728,3772,8716,4255,4461,10643,5171,5472,11955,5725,6230
82,83,12,6,6,12,5,7,12,4,8,9,4,5,5,3,2,5,3,2
82,74,63,21,42,65,21,44,67,21,46,20,13,7,65,19,46,70,20,50
82,145,11,10,1,16,15,1,23,19,4,34,19,15,31,19,12,33,22,11
82,50,3,0,3,2,0,2,3,0,3,2,0,2,4,0,4,4,0,4
82,8,32,11,21,31,11,20,30,11,19,22,8,14,14,5,9,14,5,9
82,24,0,0,0,1,0,1,2,1,1,1,0,1,0,0,0,0,0,0
82,42,5,1,4,5,1,4,5,1,4,4,1,3,3,1,2,5,1,4
82,37,201,98,103,224,108,116,253,122,131,269,151,118,301,189,112,336,211,125
82,11,409,198,211,447,215,232,460,220,240,500,260,240,480,240,240,527,263,264
82,68,0,0,0,0,0,0,0,0,0,0,0,0,1,0,1,1,0,1
83,215,41,21,20,40,20,20,43,20,23,42,20,22,43,21,22,42,21,21
83,64,1306,560,746,1077,451,626,934,378,556,1112,491,621,1200,504,696,1423,489,934
83,118,3730,1613,2117,2804,1266,1538,1925,977,948,2121,1263,858,2322,1394,928,2617,1557,1060
83,191,3191,1458,1733,3034,1586,1448,3738,2106,1632,4474,2472,2002,7141,3920,3221,9697,5329,4368
83,108,18571,8924,9647,12167,5877,6290,5763,2831,2932,6570,3316,3254,7377,3801,3576,7846,4105,3741
83,161,19,12,7,115,67,48,245,140,105,193,111,82,150,84,66,153,87,66
83,194,1,1,0,11,9,2,22,16,6,44,25,19,89,50,39,88,49,39
83,9,5612,2242,3370,3387,1361,2026,2073,841,1232,1372,584,788,1143,509,634,1096,458,638
83,55,5898,3411,2487,8340,4682,3658,10781,5952,4829,15780,8667,7113,25300,14048,11252,26409,14779,11630
83,103,1320,612,708,1723,784,939,2030,923,1107,2495,1133,1362,2991,1354,1637,3085,1388,1697
83,107,117,45,72,96,35,61,75,26,49,109,47,62,140,64,76,65,22,43
83,211,101752,47783,53969,78316,36472,41844,55164,25217,29947,56846,25288,31558,58579,25324,33255,59465,24944,34521
83,18,164,75,89,139,56,83,113,37,76,109,36,73,104,34,70,108,35,73
83,31,1246,777,469,1945,1075,870,2643,1373,1270,3763,1937,1826,4724,2418,2306,7761,4312,3449
83,56,445,250,195,667,383,284,889,516,373,718,436,282,488,333,155,681,488,193
83,95,1601,712,889,1252,573,679,903,434,469,1115,545,570,1327,657,670,1242,608,634
83,162,3964,2349,1615,3390,1988,1402,2900,1683,1217,3009,1694,1315,3214,1750,1464,3099,1705,1394
83,167,38,23,15,34,21,13,69,42,27,98,59,39,88,34,54,80,28,52
83,169,4380,1931,2449,4350,2179,2171,4086,2154,1932,4708,2398,2310,5092,2778,2314,4270,2417,1853
83,170,1997,980,1017,1975,1028,947,1882,1038,844,1918,1078,840,1916,1097,819,1952,1113,839
83,187,9,4,5,119,74,45,262,163,99,294,184,110,330,208,122,400,256,144
83,59,738,535,203,916,656,260,1093,777,316,1274,876,398,1455,976,479,2155,1379,776
83,73,320,271,49,357,302,55,394,333,61,563,448,115,731,562,169,1353,943,410
83,96,5,3,2,8,5,3,10,6,4,18,10,8,26,15,11,37,25,12
83,101,104,63,41,160,95,65,304,184,120,505,303,202,623,347,276,636,351,285
83,114,326,147,179,169,77,92,12,7,5,23,14,9,34,21,13,28,17,11
83,120,10,5,5,12,7,5,9,6,3,35,23,12,57,37,20,49,31,18
83,153,475,360,115,495,367,128,575,433,142,655,469,186,855,590,265,2270,1394,876
83,199,8526,5146,3380,10118,6076,4042,10851,6488,4363,10749,6430,4319,11381,6753,4628,15518,9095,6423
83,218,14266,7397,6869,23935,12918,11017,34008,18628,15380,33317,18017,15300,35339,19021,16318,39700,21122,18578
83,1,40087,17264,22823,43331,18811,24520,46575,20358,26217,39315,18868,20447,32054,15383,16671,34989,16792,18197
83,52,0,0,0,68,33,35,128,63,65,137,67,70,146,71,75,147,71,76
83,104,19876,11494,8382,14957,8215,6742,10037,4936,5101,13720,6764,6956,17402,8592,8810,17405,8436,8969
83,127,11,7,4,13,8,5,32,19,13,52,31,21,72,50,22,90,64,26
83,163,42,14,28,81,38,43,124,63,61,157,83,74,165,89,76,181,95,86
83,182,112,59,53,713,364,349,970,485,485,957,473,484,936,462,474,914,450,464
83,188,45,24,21,54,28,26,64,32,32,57,26,31,85,39,46,98,55,43
83,193,639,381,258,806,482,324,1321,800,521,2136,1311,825,3625,2258,1367,3982,2308,1674
83,204,235,98,137,220,92,128,205,86,119,210,88,122,216,91,125,233,98,135
83,12,2205,1411,794,2488,1606,882,2770,1801,969,3096,1987,1109,3422,2173,1249,4003,2549,1454
83,19,20270,11015,9255,19136,10303,8833,17448,9326,8122,15472,8024,7448,14724,7455,7269,17276,8798,8478
83,74,13918,6859,7059,14368,6958,7410,14818,7057,7761,11470,5583,5887,11916,5551,6365,12890,5983,6907
83,80,337546,188622,148924,345405,187674,157731,353263,186726,166537,280579,148279,132300,207894,109831,98063,215059,113616,101443
83,119,86,44,42,94,46,48,102,48,54,75,37,38,49,26,23,47,26,21
83,121,636,313,323,805,399,406,983,490,493,1083,541,542,1195,596,599,1827,923,904
83,145,5206,3458,1748,6024,3962,2062,7052,4599,2453,7989,5128,2861,9137,5597,3540,13959,8222,5737
83,200,5583,3063,2520,5666,3201,2465,5770,3357,2413,6755,3788,2967,7873,4014,3859,9252,5033,4219
83,14,72,42,30,63,38,25,55,36,19,70,46,24,84,55,29,91,59,32
83,62,94,62,32,105,68,37,115,74,41,88,59,29,60,43,17,63,45,18
83,50,28,17,11,22,15,7,26,18,8,17,12,5,33,22,11,34,22,12
83,133,255,151,104,270,176,94,297,208,89,258,179,79,249,169,80,248,170,78
83,157,235,166,69,224,159,65,229,162,67,247,191,56,277,229,48,325,268,57
83,8,3197,1349,1848,2666,1180,1486,2136,1012,1124,1575,759,816,1014,506,508,1017,507,510
83,24,15,9,6,12,7,5,8,5,3,15,10,5,22,16,6,26,19,7
83,28,3523,2256,1267,3133,1968,1165,2743,1680,1063,2150,1275,875,1527,851,676,1839,1025,814
83,42,188,107,81,190,101,89,191,94,97,155,86,69,119,79,40,196,109,87
83,46,146,79,67,131,77,54,115,74,41,103,70,33,109,79,30,117,85,32
83,63,24,19,5,27,21,6,30,24,6,35,28,7,49,40,9,71,58,13
83,160,41,30,11,36,26,10,43,31,12,51,36,15,55,39,16,59,42,17
83,225,1092,698,394,922,589,333,772,492,280,747,477,270,723,463,260,735,468,267
83,22,100,63,37,101,64,37,102,66,36,104,61,43,105,56,49,106,57,49
83,37,80288,39086,41202,77124,37376,39748,75794,36563,39231,68502,33979,34523,65325,33530,31795,73005,37450,35555
83,220,177398,90721,86677,168137,86487,81650,165750,86048,79702,153643,80116,73527,143419,73601,69818,141257,72290,68967
83,11,148090,76044,72046,142981,72846,70135,130790,66380,64410,129020,64560,64460,122510,60360,62150,126551,61964,64587
83,36,0,0,0,0,0,0,0,0,0,193,128,65,153,104,49,147,93,54
83,68,0,0,0,0,0,0,0,0,0,0,0,0,25,13,12,23,12,11
83,137,0,0,0,0,0,0,0,0,0,0,0,0,50,40,10,56,45,11
84,31,1,1,0,2,2,0,2,2,0,3,3,0,3,3,0,2,2,0
84,59,8672,3456,5216,10581,4249,6332,12489,5042,7447,13871,5719,8152,15253,6396,8857,16437,6981,9456
84,70,137,55,82,92,36,56,102,44,58,134,53,81,143,52,91,152,54,98
84,96,35,16,19,38,17,21,40,18,22,53,25,28,65,31,34,86,38,48
84,101,0,0,0,1,1,0,2,2,0,2,2,0,1,1,0,1,1,0
84,114,0,0,0,0,0,0,0,0,0,0,0,0,1,1,0,0,0,0
84,153,123,45,78,155,56,99,184,71,113,214,84,130,256,107,149,291,122,169
84,218,9,6,3,22,10,12,36,13,23,42,14,28,53,17,36,59,19,40
84,83,8,5,3,8,5,3,8,4,4,6,3,3,3,1,2,3,1,2
84,74,12,3,9,13,3,10,13,3,10,8,0,8,12,2,10,13,2,11
84,53,195,88,107,148,63,85,101,39,62,100,38,62,91,35,56,82,32,50
84,50,7,5,2,5,3,2,6,4,2,4,3,1,8,5,3,8,5,3
84,88,269,85,184,261,101,160,252,117,135,299,150,149,346,184,162,398,214,184
84,8,36,6,30,35,6,29,34,6,28,25,5,20,15,3,12,15,3,12
84,42,6,3,3,6,3,3,5,2,3,4,2,2,3,2,1,5,3,2
84,37,14,6,8,39,18,21,64,30,34,31,14,17,0,0,0,0,0,0
85,56,0,0,0,0,0,0,0,0,0,1,1,0,1,1,0,1,1,0
85,95,1,1,0,3,2,1,4,2,2,5,3,2,5,4,1,3,2,1
85,59,3,0,3,5,2,3,7,5,2,9,6,3,10,6,4,10,7,3
85,73,0,0,0,1,1,0,1,1,0,1,1,0,1,1,0,1,1,0
85,101,3,2,1,8,5,3,17,10,7,17,10,7,14,7,7,14,7,7
85,199,31,27,4,37,32,5,40,34,6,42,35,7,45,33,12,41,30,11
85,218,1366,811,555,5367,2585,2782,9460,4397,5063,8825,4062,4763,8910,4105,4805,10009,4539,5470
85,83,2,2,0,4,2,2,6,1,5,4,1,3,2,1,1,2,1,1
85,104,1,0,1,5,2,3,8,3,5,12,3,9,16,3,13,16,3,13
85,12,8,3,5,9,3,6,10,4,6,12,5,7,13,5,8,15,6,9
85,145,14,9,5,20,12,8,29,15,14,40,16,24,45,16,29,47,16,31
85,200,35,16,19,33,16,17,33,16,17,36,17,19,40,16,24,47,21,26
85,7,115,55,60,137,72,65,158,88,70,170,95,75,181,101,80,192,107,85
85,10,294,53,241,285,58,227,276,63,213,263,63,200,245,62,183,258,65,193
85,14,28,15,13,27,14,13,26,14,12,28,13,15,30,13,17,33,14,19
85,17,565,191,374,616,215,401,668,239,429,518,186,332,371,133,238,389,139,250
85,25,5,2,3,10,3,7,15,4,11,15,4,11,0,0,0,0,0,0
85,38,5,3,2,11,6,5,18,10,8,17,10,7,16,9,7,15,9,6
85,53,180,96,84,137,70,67,93,44,49,92,44,48,84,40,44,76,36,40
85,105,161,79,82,192,94,98,222,108,114,216,105,111,210,103,107,205,100,105
85,173,24,13,11,34,19,15,46,26,20,52,27,25,56,30,26,57,31,26
85,174,67,40,27,90,54,36,124,75,49,143,87,56,151,92,59,159,97,62
85,176,377,155,222,392,162,230,408,169,239,416,173,243,424,177,247,433,179,254
85,209,16589,7704,8885,15066,6972,8094,11148,4994,6154,11973,5345,6628,7748,3358,4390,8026,3551,4475
85,221,463,220,243,520,247,273,578,274,304,583,278,305,590,283,307,590,283,307
85,50,7,5,2,5,3,2,6,4,2,4,3,1,8,5,3,8,5,3
85,157,21,6,15,11,3,8,2,0,2,11,6,5,22,13,9,27,17,10
85,8,25,0,25,24,0,24,23,0,23,17,0,17,11,1,10,11,1,10
85,24,1,1,0,2,2,0,2,2,0,1,1,0,0,0,0,0,0,0
85,42,7,3,4,6,2,4,5,1,4,4,1,3,3,1,2,5,1,4
85,91,54,29,25,81,43,38,108,58,50,137,74,63,165,90,75,193,105,88
85,225,436,141,295,321,99,222,235,68,167,202,63,139,174,57,117,163,53,110
85,37,4543,2212,2331,6638,3212,3426,8890,4289,4601,9321,4051,5270,10312,4071,6241,11524,4545,6979
85,220,17730,7664,10066,23030,10064,12966,29272,12917,16355,30022,13329,16693,31140,13527,17613,32460,14047,18413
85,11,89,46,43,92,44,48,90,40,50,130,80,50,120,70,50,127,74,53
85,193,0,0,0,90,44,46,1095,581,514,527,276,251,513,262,251,622,309,313
85,28,0,0,0,0,0,0,0,0,0,13,11,2,26,22,4,31,26,5
85,54,0,0,0,0,0,0,0,0,0,0,0,0,2,1,1,2,1,1
86,211,11,6,5,27,14,13,44,21,23,45,21,24,46,21,25,46,21,25
86,59,8,6,2,4,3,1,0,0,0,0,0,0,0,0,0,0,0,0
86,83,20,11,9,20,11,9,20,10,10,10,5,5,0,0,0,0,0,0
86,7,46,22,24,54,26,28,62,30,32,67,32,35,71,34,37,76,37,39
86,25,61,31,30,127,64,63,193,96,97,205,102,103,24,21,3,27,24,3
86,61,14,5,9,19,7,12,23,9,14,27,10,17,33,11,22,38,12,26
86,62,97,68,29,108,75,33,118,81,37,86,56,30,53,31,22,56,33,23
86,129,3327,1192,2135,4074,1449,2625,4821,1705,3116,5045,1703,3342,5270,1702,3568,5461,1733,3728
86,174,19,5,14,25,6,19,34,8,26,39,10,29,42,11,31,44,12,32
86,186,0,0,0,0,0,0,0,0,0,984,460,524,1968,919,1049,2051,956,1095
86,42,2,1,1,5,2,3,7,2,5,6,2,4,4,2,2,7,1,6
86,75,2089,1179,910,2180,1188,992,2271,1198,1073,2140,1121,1019,2009,1044,965,2021,1039,982
86,37,125,61,64,233,113,120,347,168,179,454,237,217,588,321,267,657,358,299
86,11,9,3,6,4,1,3,0,0,0,0,0,0,0,0,0,32,32,0
86,54,0,0,0,0,0,0,0,0,0,0,0,0,87,38,49,94,41,53
87,161,58,38,20,489,231,258,1056,483,573,1001,457,544,992,442,550,1008,451,557
87,211,0,0,0,0,0,0,0,0,0,0,0,0,0,0,0,0,0,0
87,83,2,2,0,2,2,0,3,2,1,2,1,1,0,0,0,0,0,0
87,12,1,1,0,1,1,0,1,1,0,1,1,0,1,1,0,1,1,0
87,50,5,3,2,4,2,2,4,2,2,3,2,1,5,2,3,5,2,3
87,42,1,1,0,3,1,2,4,1,3,3,1,2,2,1,1,5,3,2
87,37,24,11,13,41,19,22,59,28,31,29,14,15,0,0,0,0,0,0
87,11,40,19,21,36,15,21,30,10,20,50,30,20,60,30,30,105,63,42
87,134,55,32,23,49,32,17,45,26,19,41,23,18,39,22,17,38,22,16
87,152,1062,508,554,1186,612,574,1382,718,664,1280,624,656,810,358,452,726,319,407
87,156,152,90,62,258,136,122,256,130,126,274,140,134,262,128,134,256,122,134
88,64,7,2,5,7,3,4,7,3,4,8,4,4,9,5,4,11,6,5
88,191,90,54,36,56,36,20,38,26,12,45,31,14,72,49,23,91,62,29
88,161,9,4,5,125,51,74,276,111,165,151,62,89,34,14,20,34,13,21
88,55,0,0,0,0,0,0,0,0,0,0,0,0,0,0,0,0,0,0
88,31,1,0,1,2,0,2,3,0,3,5,1,4,6,1,5,5,2,3
88,56,2,1,1,3,2,1,4,3,1,18,8,10,30,13,17,35,18,17
88,95,6,2,4,9,3,6,12,5,7,15,7,8,18,9,9,18,10,8
88,59,22,11,11,78,37,41,133,62,71,182,86,96,231,110,121,241,119,122
88,73,16,12,4,21,16,5,25,19,6,46,30,16,66,41,25,97,57,40
88,96,14,8,6,21,12,9,27,16,11,30,17,13,33,18,15,40,23,17
88,101,24,12,12,66,30,36,145,69,76,145,74,71,122,58,64,125,59,66
88,114,0,0,0,0,0,0,0,0,0,0,0,0,0,0,0,0,0,0
88,153,208,108,100,234,124,110,285,145,140,355,183,172,390,201,189,446,221,225
88,199,517,277,240,613,325,288,658,347,311,695,367,328,760,396,364,828,433,395
88,218,69,38,31,272,114,158,481,192,289,679,269,410,934,372,562,1049,410,639
88,83,41,23,18,37,15,22,33,7,26,32,6,26,31,6,25,30,5,25
88,104,108,38,70,353,79,274,598,120,478,1367,476,891,2135,832,1303,2135,808,1327
88,163,7,2,5,15,4,11,25,7,18,28,11,17,27,13,14,30,13,17
88,193,975,344,631,1214,432,782,1977,728,1249,3643,1439,2204,6440,2649,3791,7411,2832,4579
88,12,206,105,101,232,120,112,258,135,123,289,148,141,319,160,159,372,188,184
88,19,1008,595,413,1001,590,411,966,571,395,95,43,52,131,65,66,186,93,93
88,74,1614,797,817,1667,809,858,1719,820,899,2817,1472,1345,2768,1292,1476,2994,1392,1602
88,80,583,277,306,618,264,354,653,251,402,1338,569,769,2023,888,1135,2093,919,1174
88,145,165,83,82,242,118,124,328,157,171,547,281,266,632,314,318,756,381,375
88,200,472,195,277,577,260,317,686,327,359,769,346,423,868,333,535,1020,435,585
88,14,7,1,6,8,2,6,9,3,6,21,9,12,32,15,17,35,16,19
88,53,153,75,78,116,54,62,79,34,45,78,33,45,71,30,41,64,27,37
88,62,475,337,138,528,371,157,580,404,176,495,313,182,406,219,187,429,232,197
88,105,295,123,172,311,132,179,326,141,185,318,139,179,309,136,173,302,133,169
88,164,487,231,256,515,244,271,546,259,287,563,267,296,511,240,271,381,178,203
88,174,2,1,1,2,2,0,4,3,1,4,3,1,4,3,1,4,3,1
88,20,12650,6504,6146,14350,7178,7172,16058,7853,8205,18022,8763,9259,19995,9678,10317,23231,11172,12059
88,50,1977,1026,951,1602,842,760,2029,1050,979,1329,679,650,2620,1343,1277,2725,1390,1335
88,65,8235,3739,4496,7224,3298,3926,6212,2857,3355,7367,3417,3950,8521,3977,4544,8885,4153,4732
88,94,3250,1713,1537,3336,1705,1631,3421,1697,1724,3351,1682,1669,3280,1667,1613,3375,1730,1645
88,133,72343,36574,35769,49676,26336,23340,29156,17372,11784,29322,15299,14023,32888,15022,17866,53128,25042,28086
88,148,1134,583,551,900,459,441,1199,624,575,1529,802,727,1634,863,771,1762,935,827
88,157,376,191,185,473,242,231,600,307,293,960,523,437,1367,771,596,1606,904,702
88,8,116,93,23,158,93,65,201,94,107,149,71,78,96,48,48,96,48,48
88,24,146,69,77,144,68,76,141,67,74,132,68,64,122,68,54,142,79,63
88,28,53,15,38,106,66,40,158,116,42,225,135,90,289,153,136,348,184,164
88,42,143,88,55,182,96,86,220,104,116,179,97,82,138,90,48,227,128,99
88,46,264,105,159,305,131,174,346,157,189,357,167,190,429,209,220,460,227,233
88,63,144,70,74,162,79,83,179,87,92,211,105,106,296,143,153,430,206,224
88,160,115,57,58,101,49,52,119,58,61,140,68,72,151,74,77,163,81,82
88,225,579,268,311,501,236,265,433,208,225,425,201,224,418,195,223,428,197,231
88,37,8559,4167,4392,11127,5386,5741,13960,6734,7226,14401,7168,7233,15708,8054,7654,17555,8996,8559
88,220,225739,113994,111745,346127,175222,170905,480665,244157,236508,625039,318962,306077,777073,389978,387095,881191,440943,440248
88,11,217,108,109,276,138,138,320,160,160,350,160,190,420,200,220,496,242,254
88,68,0,0,0,0,0,0,0,0,0,0,0,0,7,4,3,7,4,3
89,5,131,63,68,152,69,83,173,76,97,224,95,129,274,114,160,382,157,225
89,77,1537,1134,403,1837,1355,482,2348,1732,616,2571,1898,673,2929,2163,766,3222,2378,844
89,64,182,172,10,138,128,10,105,95,10,125,114,11,135,123,12,160,144,16
89,139,673,356,317,618,323,295,651,335,316,668,339,329,747,377,370,1001,503,498
89,228,495,301,194,550,338,212,606,376,230,717,453,264,828,530,298,954,619,335
89,142,79,48,31,75,46,29,71,43,28,56,34,22,53,32,21,48,29,19
89,191,78,42,36,48,28,20,33,21,12,39,25,14,63,40,23,80,51,29
89,34,60,30,30,80,41,39,99,51,48,249,121,128,398,190,208,413,196,217
89,51,133914,72699,61215,135616,73199,62417,114966,61943,53023,101514,54720,46794,91478,49354,42124,94980,51236,43744
89,78,24859,15134,9725,30668,18191,12477,38423,22393,16030,38128,22113,16015,38965,22564,16401,40369,23347,17022
89,81,74,44,30,74,47,27,82,49,33,115,71,44,114,72,42,135,86,49
89,90,3170,1692,1478,4069,2238,1831,4968,2785,2183,4813,2580,2233,4657,2375,2282,4938,2496,2442
89,117,32485,19453,13032,32238,19217,13021,31145,18020,13125,25289,15913,9376,35375,19647,15728,37380,22791,14589
89,126,19164,9484,9680,17896,8858,9038,14659,7307,7352,16303,8075,8228,16464,8145,8319,17762,8767,8995
89,130,2748,851,1897,2936,1098,1838,3042,1332,1710,3068,1412,1656,3100,1460,1640,3105,1477,1628
89,181,42570,26752,15818,44519,27875,16644,40236,24685,15551,43297,27037,16260,48426,30925,17501,49780,31792,17988
89,184,74269,43959,30310,72439,42016,30423,70656,40119,30537,69090,38797,30293,68669,38335,30334,68467,38116,30351
89,206,1553,814,739,1749,917,832,1970,1033,937,2219,1164,1055,2964,1623,1341,3338,1828,1510
89,55,0,0,0,0,0,0,0,0,0,0,0,0,0,0,0,0,0,0
89,31,4,3,1,5,4,1,6,5,1,8,6,2,10,8,2,8,7,1
89,56,6,5,1,9,8,1,11,10,1,43,33,10,71,53,18,75,55,20
89,95,15,15,0,22,19,3,29,24,5,36,30,6,43,37,6,39,33,6
89,162,17,12,5,14,10,4,12,8,4,34,28,6,58,48,10,57,47,10
89,169,1,1,0,1,1,0,1,1,0,1,1,0,1,1,0,74,60,14
89,170,429,211,218,397,221,176,351,222,129,278,192,86,200,157,43,204,159,45
89,59,21,16,5,38,22,16,54,28,26,73,39,34,91,50,41,115,69,46
89,73,6,5,1,7,6,1,8,7,1,32,26,6,55,45,10,101,80,21
89,96,3,2,1,5,3,2,7,5,2,11,6,5,14,6,8,20,11,9
89,101,10,6,4,27,15,12,59,34,25,59,35,24,49,27,22,50,27,23
89,153,29,20,9,27,16,11,30,15,15,77,44,33,164,86,78,266,136,130
89,199,88,54,34,104,64,40,112,68,44,170,109,61,339,225,114,517,336,181
89,218,36,25,11,144,84,60,255,143,112,1204,653,551,2252,1221,1031,2529,1356,1173
89,83,11,6,5,17,11,6,24,16,8,105,92,13,186,169,17,182,165,17
89,104,103,36,67,690,421,269,1276,805,471,2587,1756,831,3898,2708,1190,3899,2688,1211
89,163,86,71,15,186,153,33,295,241,54,2325,1289,1036,3970,2126,1844,4357,2248,2109
89,193,2316,1167,1149,2825,1472,1353,4551,2448,2103,8269,5618,2651,12192,8539,3653,9698,6285,3413
89,12,166,131,35,188,149,39,209,166,43,234,185,49,258,203,55,303,238,65
89,19,627,431,196,625,429,196,605,416,189,1519,916,603,4058,2223,1835,12274,6934,5340
89,74,7816,4414,3402,8069,4498,3571,8321,4581,3740,21387,11600,9787,27927,14953,12974,30209,16129,14080
89,80,697,561,136,1345,1086,259,1993,1612,381,3042,2218,824,4090,2824,1266,4231,2921,1310
89,145,392,326,66,577,478,99,784,647,137,2802,2158,644,2464,1731,733,2619,1594,1025
89,200,375,293,82,575,431,144,778,570,208,904,647,257,1048,712,336,1231,864,367
89,8,1,0,1,1,0,1,1,0,1,1,0,1,1,0,1,1,0,1
89,24,4,0,4,3,0,3,1,0,1,5,3,2,8,6,2,9,7,2
89,42,0,0,0,2,0,2,4,1,3,3,1,2,2,1,1,5,3,2
89,37,225,110,115,764,369,395,1322,638,684,2636,1362,1274,4109,2171,1938,4592,2425,2167
89,220,1032,505,527,2985,1479,1506,5062,2519,2543,9688,4845,4843,14434,7094,7340,18331,8982,9349
89,11,33,16,17,17,9,8,0,0,0,240,140,100,660,330,330,844,432,412
89,36,0,0,0,0,0,0,0,0,0,4605,2222,2383,3665,1854,1811,3518,1522,1996
89,28,0,0,0,0,0,0,0,0,0,28,16,12,57,32,25,69,39,30
90,64,70,68,2,66,65,1,68,67,1,81,80,1,87,86,1,103,102,1
90,118,200,195,5,213,209,4,230,227,3,252,251,1,275,274,1,310,309,1
90,228,523,205,318,581,233,348,640,262,378,757,323,434,874,384,490,1007,455,552
90,191,30,3,27,18,3,15,13,5,8,15,6,9,24,9,15,30,12,18
90,34,539,310,229,839,493,346,1138,676,462,2984,1680,1304,4829,2684,2145,5015,2780,2235
90,51,308,171,137,344,190,154,324,179,145,315,174,141,317,176,141,329,183,146
90,78,7591,3952,3639,9365,4696,4669,11733,5735,5998,11643,5650,5993,11899,5762,6137,12328,5958,6370
90,89,2798,1483,1315,3226,1875,1351,3495,2002,1493,6364,3032,3332,9887,4380,5507,11011,4886,6125
90,117,2263,1143,1120,2211,1092,1119,2171,1043,1128,987,622,365,454,192,262,118,53,65
90,130,1067,301,766,1140,398,742,1178,490,688,1188,521,667,1198,539,659,1203,548,655
90,181,23825,10012,13813,24916,10382,14534,23437,11702,11735,24985,11693,13292,27726,12442,15284,28501,12791,15710
90,184,24,16,8,23,15,8,22,14,8,21,14,7,20,13,7,19,12,7
90,206,62,26,36,69,29,40,77,32,45,86,36,50,116,51,65,130,57,73
90,31,1,1,0,2,1,1,3,2,1,4,2,2,5,3,2,5,3,2
90,56,2,2,0,3,3,0,4,4,0,13,11,2,20,17,3,23,20,3
90,95,5,5,0,6,6,0,6,6,0,7,7,0,8,8,0,8,8,0
90,170,342,168,174,308,176,132,264,178,86,198,136,62,128,91,37,131,93,38
90,59,9,9,0,20,17,3,31,26,5,39,31,8,47,37,10,61,44,17
90,73,0,0,0,2,2,0,3,3,0,5,4,1,6,5,1,8,7,1
90,101,0,0,0,1,1,0,2,1,1,2,1,1,1,0,1,1,0,1
90,153,9,6,3,10,7,3,13,9,4,13,8,5,22,13,9,55,37,18
90,199,61,38,23,72,45,27,78,48,30,94,60,34,120,76,44,138,84,54
90,218,53,34,19,211,112,99,373,191,182,1279,624,655,2290,1114,1176,2572,1235,1337
90,83,3,1,2,5,1,4,7,1,6,4,1,3,0,0,0,0,0,0
90,104,35,12,23,152,84,68,268,156,112,525,338,187,782,520,262,782,515,267
90,163,6588,3759,2829,13671,8076,5595,21309,12741,8568,25289,14706,10583,25070,14253,10817,27517,15140,12377
90,193,539,471,68,869,727,142,1574,1300,274,4351,3641,710,6554,5287,1267,5369,4151,1218
90,12,38,34,4,43,38,5,47,42,5,53,47,6,58,51,7,68,60,8
90,19,35,16,19,34,15,19,33,15,18,48,20,28,48,20,28,100,64,36
90,74,8060,4789,3271,8321,4887,3434,8581,4985,3596,2476,1616,860,2834,1624,1210,3066,1753,1313
90,145,74,46,28,108,66,42,148,89,59,217,138,79,230,141,89,247,145,102
90,200,126,91,35,165,119,46,205,146,59,246,171,75,292,192,100,343,234,109
90,42,3,3,0,3,3,0,2,2,0,2,2,0,2,2,0,5,5,0
90,37,24,11,13,37,18,19,50,24,26,67,38,29,87,53,34,97,59,38
90,11,13,10,3,11,10,1,10,10,0,0,0,0,10,10,0,0,0,0
90,28,0,0,0,0,0,0,0,0,0,468,311,157,937,623,314,1128,750,378
91,191,54,16,38,34,13,21,24,11,13,28,13,15,45,20,25,56,25,31
91,31,1,1,0,2,2,0,2,2,0,3,2,1,4,3,1,4,3,1
91,56,1,1,0,1,1,0,1,1,0,4,3,1,7,6,1,6,6,0
91,95,5,4,1,4,3,1,3,2,1,4,3,1,5,4,1,8,5,3
91,162,18,15,3,15,13,2,13,11,2,19,13,6,27,15,12,25,13,12
91,59,73,23,50,86,25,61,99,28,71,100,30,70,100,32,68,102,28,74
91,73,8,6,2,8,4,4,8,3,5,14,7,7,19,10,9,25,14,11
91,96,7,3,4,10,4,6,13,5,8,17,6,11,20,7,13,20,7,13
91,101,6,3,3,16,6,10,34,13,21,34,15,19,28,11,17,29,11,18
91,153,67,28,39,69,28,41,78,29,49,82,30,52,86,32,54,87,32,55
91,199,83,32,51,98,37,61,106,40,66,119,42,77,127,46,81,126,44,82
91,218,19978,8960,11018,19912,8699,11213,20182,8555,11627,19728,8173,11555,20881,8567,12314,23458,9438,14020
91,83,14,8,6,13,7,6,12,5,7,12,4,8,11,3,8,11,3,8
91,104,9,3,6,21,2,19,32,1,31,53,8,45,74,16,58,74,15,59
91,193,8,3,5,13,5,8,168,72,96,81,34,47,108,58,50,111,52,59
91,12,10,2,8,12,3,9,13,3,10,15,3,12,16,3,13,19,4,15
91,19,20,5,15,20,5,15,19,5,14,22,5,17,17,3,14,17,7,10
91,74,30,12,18,31,12,19,32,13,19,4226,2074,2152,4364,1722,2642,4721,1854,2867
91,145,1803,678,1125,2020,735,1285,2309,815,1494,2400,841,1559,2342,808,1534,2356,816,1540
91,200,96,33,63,97,36,61,99,39,60,106,39,67,116,33,83,136,46,90
91,6,181,108,73,245,143,102,309,179,130,356,207,149,388,226,162,416,243,173
91,7,1660,798,862,3489,1591,1898,5317,2383,2934,5702,2552,3150,6086,2721,3365,6472,2891,3581
91,10,107,52,55,202,104,98,297,157,140,289,145,144,275,130,145,289,136,153
91,14,419,213,206,550,267,283,682,322,360,957,431,526,1232,541,691,1335,581,754
91,17,2557,1004,1553,2792,1124,1668,3026,1244,1782,4640,2089,2551,6277,2945,3332,6594,3093,3501
91,25,389,189,200,812,393,419,1235,597,638,1316,636,680,145,64,81,164,72,92
91,29,841,444,397,989,511,478,1136,577,559,1301,661,640,1466,745,721,1631,829,802
91,38,61,30,31,130,64,66,199,97,102,253,139,114,308,182,126,304,180,124
91,61,69,38,31,91,50,41,108,60,48,133,73,60,163,90,73,190,105,85
91,62,45,31,14,50,34,16,55,37,18,39,27,12,22,16,6,23,17,6
91,85,324,160,164,316,104,212,308,47,261,322,49,273,337,52,285,341,53,288
91,86,56,31,25,91,49,42,125,66,59,153,74,79,181,82,99,188,84,104
91,138,359,209,150,288,168,120,218,127,91,224,130,94,230,133,97,243,141,102
91,164,99,47,52,104,50,54,110,52,58,86,41,45,52,25,27,50,23,27
91,173,335,172,163,443,230,213,612,322,290,697,368,329,756,401,355,777,413,364
91,174,821,342,479,1108,465,643,1522,647,875,1772,759,1013,1867,804,1063,1974,849,1125
91,176,209,89,120,217,93,124,226,98,128,234,104,130,238,106,132,243,108,135
91,186,0,0,0,0,0,0,0,0,0,867,423,444,1735,846,889,1807,879,928
91,209,5140,2110,3030,4666,1910,2756,5264,2142,3122,5649,2291,3358,9490,4397,5093,9830,4630,5200
91,50,20,11,9,16,9,7,21,12,9,14,8,6,28,16,12,29,16,13
91,157,46,32,14,38,28,10,33,25,8,36,22,14,41,19,22,48,23,25
91,24,1,0,1,4,2,2,7,4,3,6,4,2,4,3,1,5,4,1
91,28,1093,481,612,1350,648,702,1607,816,791,1756,867,889,1880,905,975,2264,1090,1174
91,42,7,4,3,11,6,5,15,9,6,12,8,4,9,7,2,15,9,6
91,46,17,10,7,17,10,7,16,9,7,16,10,6,18,11,7,19,12,7
91,75,2242,1197,1045,2469,1265,1204,2696,1333,1363,2870,1366,1504,3044,1400,1644,3675,1666,2009
91,197,5114,2760,2354,6317,3420,2897,7802,4224,3578,9548,5201,4347,11264,6143,5121,13284,7252,6032
91,225,4601,2280,2321,5577,2693,2884,6698,3141,3557,7511,3627,3884,8410,4178,4232,9149,4483,4666
91,22,51,28,23,61,31,30,71,34,37,86,44,42,101,54,47,102,55,47
91,37,63381,30855,32526,72507,35112,37395,83357,40212,43145,82392,38135,44257,86376,38467,47909,96531,42956,53575
91,220,120698,57013,63685,162619,77010,85609,211189,100427,110762,230099,109996,120103,251829,118115,133714,269778,126114,143664
91,11,426,202,224,492,227,265,530,240,290,560,260,300,620,300,320,665,305,360
91,68,0,0,0,0,0,0,0,0,0,0,0,0,2,0,2,2,0,2
91,54,0,0,0,0,0,0,0,0,0,0,0,0,422,178,244,458,194,264
92,194,0,0,0,3,3,0,8,5,3,18,8,10,38,17,21,37,16,21
92,55,1,0,1,2,0,2,2,0,2,3,0,3,5,0,5,5,0,5
92,31,1,1,0,2,2,0,3,3,0,4,3,1,5,4,1,5,4,1
92,56,5,2,3,8,4,4,11,6,5,8,4,4,4,2,2,9,5,4
92,59,50,28,22,90,54,36,130,81,49,140,86,54,150,91,59,158,93,65
92,73,0,0,0,1,1,0,1,1,0,7,5,2,12,8,4,13,9,4
92,96,1,0,1,1,0,1,1,0,1,4,1,3,7,2,5,16,5,11
92,101,1,0,1,3,1,2,6,3,3,5,2,3,4,1,3,4,1,3
92,153,6,3,3,10,5,5,11,8,3,22,15,7,30,19,11,41,24,17
92,199,84,48,36,99,56,43,107,60,47,116,64,52,135,68,67,147,72,75
92,218,21,11,10,86,32,54,154,54,100,220,95,125,304,143,161,340,158,182
92,83,143,80,63,87,47,40,32,14,18,36,15,21,39,16,23,38,15,23
92,104,38,13,25,133,34,99,228,55,173,466,159,307,703,262,441,703,254,449
92,193,38,19,19,58,30,28,704,391,313,339,186,153,610,342,268,723,396,327
92,12,35,15,20,39,17,22,43,19,24,49,21,28,54,23,31,63,28,35
92,19,242,126,116,240,125,115,232,121,111,209,109,100,245,135,110,302,162,140
92,74,26253,11872,14381,27102,12006,15096,27950,12140,15810,67078,30040,37038,68723,29080,39643,74337,31316,43021
92,80,292,173,119,350,170,180,408,168,240,969,423,546,1529,678,851,1582,702,880
92,145,271,140,131,399,201,198,541,268,273,972,492,480,1245,642,603,1411,734,677
92,200,993,329,664,1120,416,704,1252,506,746,1398,525,873,1573,473,1100,1848,646,1202
92,7,11,5,6,19,9,10,27,13,14,29,14,15,31,15,16,33,16,17
92,10,320,38,282,660,178,482,1000,319,681,1288,446,842,1551,565,986,1632,595,1037
92,14,10894,6814,4080,15759,9370,6389,20628,11930,8698,23047,13224,9823,25465,14517,10948,27591,15643,11948
92,17,0,0,0,0,0,0,0,0,0,24,8,16,32,10,22,33,10,23
92,25,4062,2415,1647,3574,2084,1490,3086,1752,1334,3288,1866,1422,88,40,48,100,46,54
92,38,6,4,2,13,8,5,20,12,8,19,12,7,18,11,7,17,11,6
92,53,2063,1478,585,1564,1102,462,1065,726,339,1061,726,335,969,665,304,872,598,274
92,61,561,274,287,732,357,375,873,432,441,1071,525,546,1196,594,602,1395,694,701
92,62,187210,122793,64417,207931,134652,73279,228652,146511,82141,271273,170525,100748,311969,193328,118641,329281,203984,125297
92,86,12028,6776,5252,10272,5528,4744,8515,4280,4235,11623,5600,6023,14731,6920,7811,15284,7102,8182
92,129,1109,631,478,1335,805,530,1562,979,583,1634,1009,625,1707,1039,668,1769,1071,698
92,164,295,140,155,310,147,163,327,155,172,299,142,157,235,110,125,160,74,86
92,186,0,0,0,0,0,0,0,0,0,1317,759,558,2635,1518,1117,2746,1581,1165
92,213,2430,1258,1172,3567,1813,1754,4699,2363,2336,5652,2848,2804,6605,3333,3272,7347,3700,3647
92,221,188,90,98,346,164,182,506,239,267,574,273,301,644,308,336,644,308,336
92,20,35,19,16,37,20,17,38,20,18,42,22,20,46,24,22,53,27,26
92,50,48,32,16,41,26,15,54,32,22,35,20,15,70,41,29,73,43,30
92,88,26,7,19,18,6,12,10,5,5,11,6,5,12,8,4,14,9,5
92,94,34,29,5,34,29,5,33,28,5,32,27,5,31,27,4,32,28,4
92,133,475,383,92,395,297,98,334,225,109,602,384,218,940,586,354,1296,852,444
92,148,25,19,6,20,15,5,20,13,7,21,10,11,22,11,11,23,12,11
92,157,122,60,62,204,101,103,300,148,152,371,174,197,461,212,249,542,248,294
92,8,75,66,9,80,62,18,86,60,26,64,45,19,41,30,11,41,30,11
92,24,6,5,1,7,4,3,7,2,5,10,5,5,13,9,4,15,10,5
92,28,254,119,135,135,64,71,15,8,7,35,13,22,54,18,36,65,22,43
92,42,36,24,12,41,25,16,45,25,20,37,22,15,28,19,9,44,27,17
92,46,100,77,23,100,74,26,99,71,28,95,67,28,108,75,33,116,81,35
92,63,32,22,10,36,25,11,40,28,12,47,34,13,66,47,19,96,69,27
92,75,9605,5126,4479,11381,5815,5566,13157,6505,6652,14450,6582,7868,15743,6660,9083,19005,7908,11097
92,160,34,14,20,30,12,18,36,14,22,43,17,26,46,18,28,49,19,30
92,225,2013,1135,878,1824,1035,789,1689,963,726,1750,996,754,1810,1028,782,1900,1069,831
92,22,1028,666,362,1160,710,450,1291,754,537,1475,780,695,1658,806,852,1680,818,862
92,37,38271,18631,19640,45292,21930,23362,53390,25756,27634,66504,30199,36305,83613,36554,47059,93443,40819,52624
92,220,225393,112330,113063,315898,157809,158089,419317,210241,209076,477776,240690,237086,542091,268447,273644,604004,298213,305791
92,11,43,22,21,53,27,26,60,30,30,60,40,20,70,30,40,95,53,42
92,54,0,0,0,0,0,0,0,0,0,0,0,0,1811,992,819,1968,1080,888
93,73,1,1,0,1,1,0,1,1,0,1,1,0,1,1,0,1,1,0
93,83,2,2,0,5,3,2,8,3,5,4,1,3,0,0,0,0,0,0
93,104,8,3,5,21,14,7,33,25,8,106,53,53,178,81,97,178,79,99
93,42,21,8,13,12,5,7,2,1,1,2,1,1,1,0,1,2,0,2
93,68,0,0,0,0,0,0,0,0,0,0,0,0,1,0,1,1,0,1
94,55,1,1,0,2,2,0,2,2,0,3,3,0,5,5,0,5,5,0
94,31,0,0,0,1,1,0,1,1,0,2,1,1,2,1,1,2,1,1
94,56,1,1,0,1,0,1,1,0,1,6,3,3,10,6,4,16,8,8
94,95,2,2,0,5,3,2,7,4,3,9,5,4,11,6,5,10,5,5
94,59,34,11,23,52,18,34,69,25,44,91,33,58,113,41,72,130,52,78
94,73,5,2,3,10,3,7,14,4,10,27,10,17,40,17,23,73,30,43
94,96,7,6,1,11,9,2,14,11,3,24,13,11,33,15,18,37,16,21
94,101,2,1,1,6,2,4,14,5,9,14,5,9,12,4,8,12,4,8
94,153,57,29,28,63,30,33,61,31,30,69,34,35,95,47,48,116,49,67
94,199,165,83,82,195,97,98,210,104,106,274,135,139,330,169,161,377,190,187
94,218,59,32,27,233,96,137,412,162,250,490,185,305,609,226,383,683,247,436
94,83,62,35,27,47,22,25,33,10,23,42,10,32,51,11,40,50,9,41
94,104,78,27,51,319,67,252,560,108,452,1442,372,1070,2323,635,1688,2323,605,1718
94,193,1169,354,815,1515,472,1043,2515,823,1692,7820,2814,5006,26902,8410,18492,37194,9626,27568
94,12,54,22,32,61,25,36,68,29,39,76,31,45,84,34,50,98,40,58
94,19,33,11,22,33,11,22,32,11,21,45,14,31,59,20,39,117,34,83
94,74,482,204,278,498,206,292,514,209,305,453,158,295,542,215,327,586,231,355
94,80,438,165,273,498,168,330,557,170,387,975,325,650,1393,480,913,1441,497,944
94,145,125,48,77,184,68,116,250,89,161,326,119,207,393,142,251,466,174,292
94,200,250,90,160,315,120,195,382,151,231,425,157,268,477,141,336,560,193,367
94,7,3,1,2,5,2,3,6,3,3,7,4,3,7,4,3,7,4,3
94,14,7,5,2,10,5,5,13,6,7,27,19,8,40,32,8,43,34,9
94,38,753,359,394,767,367,400,781,375,406,1232,499,733,1682,623,1059,1661,613,1048
94,62,433,226,207,481,245,236,529,265,264,467,230,237,402,193,209,424,203,221
94,105,157,66,91,165,70,95,173,74,99,169,73,96,164,71,93,160,69,91
94,164,435,206,229,446,212,234,460,219,241,338,161,177,174,82,92,408,190,218
94,20,2764,1521,1243,4100,2140,1960,5436,2760,2676,6375,3219,3156,7313,3678,3635,8496,4247,4249
94,50,2608,1156,1452,2241,1005,1236,2994,1306,1688,1961,841,1120,3865,1664,2201,4020,1719,2301
94,65,15774,6905,8869,12650,5450,7200,9525,3994,5531,10362,4283,6079,11198,4571,6627,11676,4775,6901
94,88,4768,990,3778,5032,1492,3540,5295,1993,3302,6294,2636,3658,7292,3279,4013,8387,3837,4550
94,133,1990,955,1035,3031,1290,1741,4203,1689,2514,6702,2968,3734,9980,4599,5381,15027,7652,7375
94,148,10105,4953,5152,9473,4607,4866,10017,4840,5177,10745,5189,5556,11534,5598,5936,12439,6071,6368
94,157,638,292,346,715,331,384,838,388,450,1034,483,551,1280,610,670,1504,715,789
94,8,141,68,73,140,66,74,139,65,74,103,49,54,66,32,34,66,32,34
94,24,232,110,122,216,102,114,197,92,105,198,96,102,198,99,99,231,116,115
94,28,280,208,72,208,156,52,136,105,31,131,90,41,125,75,50,151,91,60
94,42,215,106,109,225,103,122,234,99,135,190,94,96,146,90,56,240,120,120
94,46,265,126,139,276,134,142,286,141,145,283,142,141,329,170,159,352,183,169
94,63,157,71,86,176,79,97,195,88,107,230,106,124,323,145,178,469,209,260
94,160,118,46,72,103,39,64,121,46,75,142,54,88,153,59,94,165,64,101
94,225,437,193,244,369,153,216,309,118,191,299,124,175,290,129,161,294,130,164
94,37,2202,1072,1130,3293,1593,1700,4462,2152,2310,5243,2539,2704,6339,3085,3254,7084,3445,3639
94,220,108923,46067,62856,191964,82285,109679,282852,122215,160637,372898,162134,210764,467515,198712,268803,530645,224650,305995
94,11,124,68,56,146,71,75,160,70,90,220,130,90,210,100,110,274,137,137
94,68,0,0,0,0,0,0,0,0,0,0,0,0,1,1,0,1,1,0
95,64,123,57,66,106,45,61,98,38,60,117,50,67,126,51,75,149,48,101
95,118,350,162,188,297,133,164,249,110,139,274,149,125,300,165,135,338,184,154
95,136,0,0,0,0,0,0,0,0,0,4,3,1,9,5,4,10,6,4
95,161,3,1,2,56,44,12,125,99,26,178,141,37,240,189,51,244,192,52
95,55,86,36,50,122,48,74,157,60,97,230,87,143,368,142,226,384,150,234
95,103,15656,7361,8295,15907,7325,8582,15268,6971,8297,13609,6146,7463,12115,5380,6735,12495,5515,6980
95,107,35,4,31,374,154,220,712,305,407,1028,512,516,1322,696,626,619,262,357
95,115,16,2,14,170,61,109,323,120,203,253,100,153,183,81,102,154,74,80
95,211,126,57,69,304,129,175,485,203,282,499,202,297,514,202,312,521,198,323
95,18,291,149,142,323,141,182,354,133,221,341,128,213,327,123,204,342,128,214
95,31,70,30,40,122,49,73,174,68,106,254,102,152,323,131,192,366,160,206
95,56,1526,771,755,2290,1189,1101,3053,1607,1446,1998,1059,939,778,468,310,1152,674,478
95,162,1907,833,1074,1631,699,932,1395,586,809,1372,609,763,1393,646,747,1343,632,711
95,167,694,306,388,468,206,262,316,139,177,222,112,110,201,78,123,182,65,117
95,169,9320,3291,6029,7522,2894,4628,5318,2011,3307,5868,2110,3758,6120,2520,3600,5967,2807,3160
95,170,18236,8949,9287,18740,9383,9357,18565,9479,9086,17727,8962,8765,16525,8266,8259,16841,8383,8458
95,187,6010,2339,3671,7727,3165,4562,11565,4858,6707,12968,5575,7393,14561,6368,8193,17537,7982,9555
95,59,1210,668,542,1426,768,658,1641,867,774,2199,1110,1089,2757,1354,1403,3970,1941,2029
95,68,36,18,18,56,28,28,76,39,37,88,42,46,99,44,55,92,41,51
95,73,554,290,264,644,356,288,734,423,311,1185,652,533,1635,880,755,2667,1372,1295
95,96,35,14,21,49,20,29,63,26,37,110,57,53,157,88,69,190,93,97
95,101,167,82,85,906,431,475,2144,1056,1088,5545,3120,2425,8033,4362,3671,8206,4410,3796
95,114,293,153,140,289,145,144,285,136,149,267,125,142,244,110,134,204,91,113
95,120,132,68,64,147,76,71,115,60,55,123,66,57,115,59,56,98,49,49
95,153,1356,841,515,1328,803,525,1409,793,616,1514,817,697,2153,1164,989,3940,2146,1794
95,199,11100,5727,5373,13173,6749,6424,14127,7192,6935,13600,6757,6843,15339,7656,7683,16558,8228,8330
95,218,12192,7141,5051,12352,6661,5691,12721,6279,6442,30132,14910,15222,49996,24901,25095,56166,27595,28571
95,26,233,67,166,237,72,165,240,76,164,156,49,107,161,51,110,144,45,99
95,52,1666,510,1156,1393,398,995,971,257,714,1004,293,711,1037,330,707,1044,330,714
95,83,905,183,722,1228,401,827,1572,612,960,1669,602,1067,1766,592,1174,1728,532,1196
95,104,698,243,455,2875,411,2464,5052,580,4472,8970,1944,7026,12887,3308,9579,12889,3137,9752
95,127,5,1,4,6,1,5,15,4,11,27,7,20,134,43,91,168,60,108
95,163,63,22,41,136,47,89,215,74,141,309,105,204,352,118,234,386,119,267
95,182,221,80,141,1404,490,914,1909,639,1270,1884,617,1267,1842,602,1240,1800,585,1215
95,188,385,128,257,329,111,218,274,92,182,328,120,208,488,194,294,417,170,247
95,193,587,239,348,770,320,450,1285,550,735,2869,1181,1688,7773,3728,4045,9297,4245,5052
95,204,82,34,48,77,32,45,72,30,42,73,31,42,75,32,43,81,35,46
95,12,14405,4769,9636,16251,5557,10694,18097,6346,11751,28059,11728,16331,38020,17109,20911,44468,20145,24323
95,19,729,400,329,887,420,467,1020,430,590,2135,970,1165,3753,1653,2100,6110,2776,3334
95,74,13404,7174,6230,13837,7297,6540,14270,7421,6849,9674,4628,5046,9756,4981,4775,10553,5371,5182
95,80,50833,30410,20423,69867,42307,27560,88901,54205,34696,127950,69334,58616,166999,84463,82536,172755,87374,85381
95,119,6,6,0,7,7,0,9,9,0,28,13,15,49,17,32,67,26,41
95,121,58,28,30,89,34,55,122,40,82,414,137,277,711,235,476,1088,371,717
95,145,4740,2024,2716,4859,2027,2832,5151,2094,3057,5656,2274,3382,8441,3620,4821,12801,5677,7124
95,200,11002,5638,5364,11046,5613,5433,11132,5625,5507,12895,6210,6685,14910,6289,8621,17521,8094,9427
95,53,155,65,90,118,47,71,80,28,52,79,27,52,72,25,47,65,23,42
95,62,51,31,20,57,34,23,62,36,26,41,25,16,20,14,6,21,15,6
95,50,66,35,31,49,27,22,56,30,26,37,20,17,73,40,33,76,41,35
95,133,290,140,150,313,135,178,351,138,213,340,132,208,369,142,227,509,225,284
95,157,79,32,47,47,19,28,20,9,11,34,20,14,50,32,18,59,37,22
95,8,3297,1479,1818,2503,1110,1393,1710,743,967,1262,559,703,813,375,438,816,376,440
95,24,50,22,28,44,20,24,37,18,19,30,15,15,23,12,11,27,14,13
95,28,5282,2212,3070,4074,1744,2330,2865,1275,1590,2204,1008,1196,1512,725,787,1821,873,948
95,42,498,260,238,411,207,204,323,154,169,262,142,120,201,131,70,330,180,150
95,46,162,87,75,148,80,68,133,73,60,121,67,54,131,74,57,140,80,60
95,63,72,28,44,81,31,50,90,35,55,106,43,63,149,58,91,216,83,133
95,160,45,23,22,40,20,20,47,23,24,56,27,29,60,29,31,64,31,33
95,225,908,458,450,896,452,444,878,443,435,923,467,456,969,490,479,1027,513,514
95,37,54702,26631,28071,51853,25131,26722,50236,24234,26002,43689,21266,22423,39766,19636,20130,44441,21931,22510
95,220,110337,52805,57532,99150,47744,51406,92017,44798,47219,84600,41395,43205,78221,37585,40636,77670,37202,40468
95,11,29103,16048,13055,28679,15590,13089,26120,13840,12280,24350,12560,11790,22850,11550,11300,23135,11556,11579
95,147,291,158,133,389,205,184,962,468,494,1199,582,617,1320,640,680,1421,688,733
95,137,0,0,0,0,0,0,0,0,0,0,0,0,45,30,15,47,32,15
96,191,16,11,5,13,10,3,14,11,3,16,13,3,26,21,5,32,26,6
96,161,0,0,0,25,20,5,58,46,12,54,43,11,53,42,11,53,42,11
96,55,8,2,6,12,3,9,15,3,12,22,4,18,35,7,28,37,9,28
96,211,10,5,5,24,12,12,40,19,21,41,19,22,42,19,23,42,19,23
96,31,1,1,0,34,19,15,66,37,29,109,62,47,148,85,63,14,7,7
96,56,5,3,2,7,4,3,9,5,4,19,12,7,27,17,10,29,21,8
96,95,8,2,6,48,20,28,88,39,49,109,50,59,130,61,69,129,58,71
96,162,58,39,19,49,33,16,42,28,14,272,135,137,511,245,266,492,239,253
96,170,54,26,28,56,28,28,56,28,28,50,25,25,44,21,23,44,21,23
96,187,0,0,0,13,6,7,30,13,17,34,15,19,38,17,21,47,22,25
96,59,2986,1366,1620,4471,2138,2333,5955,2909,3046,7375,3568,3807,8794,4227,4567,8429,3977,4452
96,70,267,150,117,183,98,85,218,126,92,241,137,104,278,167,111,242,132,110
96,73,79,42,37,90,50,40,101,59,42,129,75,54,157,91,66,190,116,74
96,101,7,3,4,20,9,11,45,23,22,45,24,21,37,17,20,38,17,21
96,114,4,3,1,6,5,1,9,7,2,24,20,4,40,33,7,33,28,5
96,120,7,2,5,8,3,5,6,3,3,32,18,14,54,30,24,46,25,21
96,153,2221,1035,1186,2601,1241,1360,3780,1833,1947,3656,1785,1871,4862,2489,2373,8274,4359,3915
96,199,2773,1423,1350,3291,1677,1614,3530,1787,1743,3876,1969,1907,4728,2390,2338,5454,2750,2704
96,218,419,276,143,947,459,488,1492,649,843,1668,746,922,1981,913,1068,2225,1011,1214
96,83,39,21,18,35,15,20,32,9,23,44,16,28,55,23,32,54,21,33
96,104,55,19,36,141,40,101,227,61,166,217,68,149,207,75,132,207,73,134
96,163,9,5,4,20,10,10,33,16,17,31,15,16,25,12,13,28,12,16
96,193,138,64,74,227,101,126,414,185,229,682,322,360,1043,517,526,1122,518,604
96,12,104,47,57,117,54,63,130,61,69,146,66,80,161,71,90,188,84,104
96,19,128,59,69,127,58,69,123,56,67,158,75,83,191,89,102,235,106,129
96,74,396,155,241,409,156,253,422,157,265,398,184,214,355,127,228,384,137,247
96,80,1239,635,604,1370,676,694,1500,716,784,1621,808,813,1742,900,842,1802,931,871
96,119,1,0,1,1,0,1,1,0,1,1,1,0,2,1,1,2,1,1
96,121,259,124,135,273,123,150,290,122,168,251,115,136,215,108,107,330,168,162
96,145,188,88,100,277,125,152,377,167,210,438,192,246,428,183,245,407,194,213
96,200,133,65,68,173,90,83,215,115,100,280,146,134,352,167,185,413,211,202
96,50,2,1,1,1,0,1,1,0,1,1,0,1,1,0,1,1,0,1
96,8,18,2,16,18,1,17,18,1,17,13,1,12,8,1,7,8,1,7
96,24,2,0,2,3,2,1,3,3,0,3,2,1,2,1,1,2,1,1
96,42,24,14,10,18,10,8,11,6,5,9,5,4,7,5,2,12,6,6
96,160,10,9,1,9,8,1,11,9,2,13,10,3,14,11,3,15,12,3
96,37,532,259,273,483,234,249,446,215,231,561,291,270,709,384,325,792,429,363
96,84,22,17,5,26,16,10,126,101,25,107,91,16,98,78,20,163,135,28
96,220,5071,2481,2590,5205,2565,2640,5553,2762,2791,5148,2573,2575,4807,2362,2445,5115,2506,2609
96,11,342,179,163,480,257,223,590,320,270,670,350,320,700,350,350,770,400,370
96,28,0,0,0,0,0,0,0,0,0,239,160,79,478,319,159,576,385,191
96,68,0,0,0,0,0,0,0,0,0,0,0,0,22,13,9,20,12,8
97,67,39,22,17,54,23,31,70,24,46,93,34,59,117,44,73,119,46,73
97,122,1171,648,523,1037,580,457,1152,647,505,1282,723,559,1425,808,617,1581,900,681
97,123,1362,588,774,2683,1455,1228,2583,1397,1186,2462,1328,1134,2419,1303,1116,2390,1288,1102
97,131,515,252,263,1483,1171,312,3278,2685,593,5252,4312,940,7517,6223,1294,8651,7235,1416
97,140,1143,647,496,1653,997,656,1983,1211,772,2160,1334,826,2344,1480,864,2434,1531,903
97,183,1276,1012,264,1651,1313,338,2026,1614,412,3907,2874,1033,5788,4133,1655,6489,4804,1685
97,192,0,0,0,0,0,0,0,0,0,0,0,0,1454,837,617,1414,852,562
97,215,1359,964,395,1334,933,401,4140,2633,1507,4115,2611,1504,4090,2588,1502,4065,2570,1495
97,219,4968,2831,2137,6308,3591,2717,6642,3785,2857,7198,4111,3087,7629,4366,3263,8010,4583,3427
97,230,4284,2155,2129,3854,1939,1915,3468,1765,1703,4007,2040,1967,4630,2518,2112,5349,2691,2658
97,64,801,487,314,823,507,316,910,568,342,1083,701,382,1169,741,428,1387,813,574
97,118,2288,1397,891,2902,1966,936,3564,2588,976,3926,3043,883,4295,3339,956,4842,3750,1092
97,196,2259,1162,1097,2304,1188,1116,2351,1214,1137,2397,1234,1163,1396,721,675,1277,660,617
97,27,1967,1081,886,2375,1298,1077,3032,1650,1382,5090,2740,2350,7165,3839,3326,9519,5055,4464
97,116,308,172,136,266,148,118,215,120,95,219,122,97,223,124,99,228,127,101
97,142,997,649,348,953,623,330,886,580,306,700,457,243,674,441,233,617,405,212
97,191,8356,4419,3937,10958,6015,4943,16669,9124,7545,19953,10694,9259,31848,16954,14894,43250,23049,20201
97,81,454,258,196,452,275,177,506,290,216,712,426,286,708,433,275,839,517,322
97,117,774,493,281,756,476,280,742,459,283,546,443,103,712,603,109,750,643,107
97,184,405,244,161,395,234,161,385,224,161,376,217,159,373,214,159,371,212,159
97,202,935,411,524,760,449,311,654,530,124,630,394,236,644,283,361,639,276,363
97,43,4496,2552,1944,5478,3097,2381,6460,3642,2818,7126,4345,2781,7793,5048,2745,8968,5954,3014
97,44,12064,6286,5778,13464,6972,6492,14864,7659,7205,16228,7967,8261,17632,8295,9337,18004,8097,9907
97,57,178,93,85,198,103,95,217,112,105,274,142,132,330,171,159,363,189,174
97,106,3108,1583,1525,5584,2680,2904,10065,4650,5415,21219,9665,11554,22497,10118,12379,22641,10098,12543
97,136,24,16,8,26,18,8,29,20,9,56,38,18,90,62,28,98,65,33
97,166,136,102,34,849,628,221,1833,1368,465,2609,1884,725,4419,3102,1317,7004,4690,2314
97,30,2595,2181,414,2742,2309,433,2889,2437,452,2953,2494,459,3017,2551,466,3081,2608,473
97,35,44,33,11,116,87,29,187,140,47,146,110,36,105,80,25,95,73,22
97,98,7818,4448,3370,5172,3001,2171,2527,1554,973,6465,3944,2521,10818,6314,4504,11648,6851,4797
97,124,20808,3865,16943,46325,22384,23941,76707,42816,33891,95250,52803,42447,126986,71330,55656,132699,76134,56565
97,141,41093,22056,19037,37969,20168,17801,35038,18140,16898,29680,15488,14192,27316,14480,12836,26205,13999,12206
97,161,2611,1573,1038,3180,1888,1292,4632,2707,1925,7385,4294,3091,10476,6020,4456,10639,6120,4519
97,185,14109,9343,4766,29739,19593,10146,48248,31559,16689,83963,47985,35978,124357,67037,57320,150082,79268,70814
97,203,3389,1903,1486,5665,3097,2568,9112,4869,4243,8371,4651,3720,8232,4845,3387,7928,4917,3011
97,226,116,34,82,350,174,176,933,552,381,1143,695,448,1614,958,656,1938,1142,796
97,16,13339,11086,2253,18075,15018,3057,22811,18950,3861,27687,23018,4669,32562,27086,5476,34431,28698,5733
97,23,20841,17317,3524,24485,20343,4142,28128,23368,4760,35256,29215,6041,42383,35061,7322,44732,36985,7747
97,125,951,523,428,6418,3202,3216,11427,6287,5140,13773,8124,5649,19348,12609,6739,22120,15542,6578
97,144,369370,101830,267540,515578,132220,383358,543594,152241,391353,513955,151833,362122,459935,132469,327466,446491,127689,318802
97,155,2916548,1583095,1333453,2445179,1324803,1120376,2161329,1169500,991829,2068147,1118565,949582,2023077,1093934,929143,2000908,1081815,919093
97,194,39329,22147,17182,35506,18861,16645,31618,16266,15352,24499,13375,11124,10529,5503,5026,10460,5381,5079
97,15,60505,46340,14165,74599,55490,19109,88904,64553,24351,157081,117730,39351,259915,196998,62917,302635,228273,74362
97,55,684,414,270,967,570,397,1250,726,524,1830,1058,772,2934,1713,1221,3062,1800,1262
97,100,179,107,72,211,105,106,200,75,125,229,126,103,231,133,98,232,149,83
97,103,16927,8204,8723,18225,8712,9513,18502,8833,9669,18334,8770,9564,18389,8794,9595,18965,9021,9944
97,107,871,603,268,2572,2163,409,4273,3726,547,8892,7913,979,13319,11906,1413,6237,5430,807
97,111,375183,257851,117332,332377,232387,99990,418664,298321,120343,485847,353914,131933,674184,499384,174800,1061758,748549,313209
97,115,398,276,122,1169,971,198,1940,1667,273,1890,1638,252,1840,1610,230,1548,744,804
97,154,152554,130597,21957,282987,231637,51350,333881,273163,60718,373411,311991,61420,473206,403953,69253,777632,671881,105751
97,165,2738,1998,740,2975,2218,757,2769,2111,658,193404,157924,35480,540914,460980,79934,645577,556448,89129
97,180,906468,612071,294397,929709,627174,302535,978992,664047,314945,1216549,846607,369942,1579235,1120873,458362,1894380,1308558,585822
97,211,126,82,44,304,192,112,485,304,181,499,309,190,514,314,200,521,314,207
97,217,458294,353659,104635,667853,506130,161723,915848,685811,230037,1286993,978062,308931,2913802,2264000,649802,3499337,2710332,789005
97,18,24,21,3,37,31,6,50,41,9,48,39,9,46,37,9,48,39,9
97,31,163,133,30,149,119,30,135,105,30,143,109,34,145,108,37,187,136,51
97,56,60,41,19,90,63,27,119,84,35,547,407,140,930,704,226,1502,1087,415
97,95,978,641,337,867,563,304,755,485,270,933,605,328,1111,725,386,1050,670,380
97,162,436,305,131,372,259,113,318,219,99,594,397,197,889,585,304,857,567,290
97,169,0,0,0,0,0,0,0,0,0,0,0,0,0,0,0,67,41,26
97,170,9801,4809,4992,8083,5035,3048,6072,5078,994,5893,4677,1216,5594,4181,1413,5701,4254,1447
97,187,7,4,3,45,31,14,97,68,29,109,77,32,122,87,35,149,107,42
97,216,4609,3648,961,4459,3556,903,4364,3507,857,3987,3206,781,3804,3060,744,3816,3071,745
97,59,2604,1161,1443,3498,1501,1997,4391,1840,2551,6356,2988,3368,8321,4136,4185,9607,4744,4863
97,68,25,16,9,39,25,14,53,35,18,82,61,21,111,88,23,103,82,21
97,70,14,6,8,24,9,15,38,15,23,56,20,36,58,20,38,64,24,40
97,73,549,369,180,768,503,265,986,637,349,2563,1615,948,4140,2593,1547,6396,3762,2634
97,96,62,26,36,105,45,60,148,65,83,213,96,117,278,128,150,303,145,158
97,101,750,369,381,2655,1265,1390,6019,2967,3052,13821,7227,6594,19348,9462,9886,19764,9540,10224
97,114,35,26,9,54,41,13,74,56,18,89,73,16,102,87,15,85,73,12
97,153,4422,2485,1937,4621,2336,2285,5130,2444,2686,5861,2749,3112,8243,4151,4092,11970,6299,5671
97,199,8730,3559,5171,10359,4176,6183,11110,4436,6674,13593,6211,7382,17863,9101,8762,22424,11525,10899
97,218,399526,194775,204751,422284,204842,217442,452144,217793,234351,549350,271942,277408,691279,350910,340369,776603,389068,387535
97,52,0,0,0,0,0,0,0,0,0,34,21,13,67,41,26,67,41,26
97,83,5351,4132,1219,6117,5249,868,6983,6437,546,8679,7406,1273,10375,8376,1999,10152,8115,2037
97,104,3413,1186,2227,23261,12309,10952,43109,23432,19677,89745,53525,36220,136380,83618,52762,136403,82688,53715
97,127,130,95,35,152,111,41,194,143,51,228,168,60,245,160,85,307,206,101
97,163,1939,1041,898,4184,2243,1941,6600,3543,3057,7355,4110,3245,6889,4002,2887,7561,4257,3304
97,182,36,17,19,229,101,128,312,134,178,308,130,178,302,127,175,295,124,171
97,188,11,6,5,22,14,8,35,23,12,46,31,15,90,62,28,143,102,41
97,193,4147,2152,1995,5084,2685,2399,8210,4438,3772,18346,12304,6042,35225,24278,10947,33483,20497,12986
97,12,7478,4369,3109,8436,4986,3450,9394,5603,3791,10501,6162,4339,11607,6720,4887,13576,7891,5685
97,19,2419,1501,918,2904,1738,1166,3304,1928,1376,4824,2926,1898,6894,4109,2785,10340,6288,4052
97,74,25817,12675,13142,26652,12857,13795,27486,13038,14448,41118,20919,20199,44431,20613,23818,48061,22213,25848
97,80,31877,23578,8299,32944,23465,9479,34011,23352,10659,50014,31785,18229,66016,40218,25798,68291,41604,26687
97,119,0,0,0,0,0,0,0,0,0,11,7,4,23,13,10,26,15,11
97,121,187,90,97,177,85,92,170,81,89,147,75,72,127,71,56,195,110,85
97,145,7540,4100,3440,8940,4781,4159,10649,5616,5033,12034,6207,5827,17366,9511,7855,22713,12562,10151
97,200,7360,3821,3539,9984,5478,4506,12645,7168,5477,14302,7787,6515,16237,7944,8293,19081,10013,9068
97,7,32,15,17,49,24,25,65,32,33,70,34,36,74,36,38,79,39,40
97,10,39,25,14,98,64,34,157,103,54,238,157,81,314,207,107,330,217,113
97,14,160,90,70,194,110,84,229,131,98,391,222,169,552,312,240,598,336,262
97,17,441,222,219,481,246,235,522,271,251,480,242,238,441,215,226,463,226,237
97,25,12,5,7,25,10,15,38,15,23,40,16,24,8,5,3,9,6,3
97,29,20,11,9,24,13,11,27,14,13,31,16,15,35,18,17,39,20,19
97,38,45,24,21,95,50,45,145,76,69,340,244,96,535,412,123,528,407,121
97,61,10,6,4,13,8,5,15,9,6,19,12,7,24,14,10,28,16,12
97,62,287,161,126,319,175,144,351,190,161,221,129,92,90,67,23,95,71,24
97,86,80,39,41,107,51,56,133,62,71,163,75,88,193,88,105,200,90,110
97,105,711,398,313,962,576,386,1213,754,459,1183,738,445,1152,722,430,1127,706,421
97,164,96,45,51,101,48,53,108,51,57,84,40,44,51,24,27,49,23,26
97,174,49,30,19,65,40,25,90,55,35,105,65,40,112,70,42,118,74,44
97,186,0,0,0,0,0,0,0,0,0,411,400,11,801,776,25,834,794,40
97,209,768,389,379,697,353,344,620,345,275,665,370,295,926,536,390,959,562,397
97,20,247,138,109,256,142,114,265,147,118,292,161,131,318,174,144,369,201,168
97,50,35,21,14,31,19,12,42,26,16,27,16,11,54,33,21,56,34,22
97,65,18,11,7,14,8,6,10,6,4,11,7,4,11,7,4,11,7,4
97,133,128,93,35,347,202,145,583,321,262,683,400,283,863,526,337,1180,761,419
97,148,12,9,3,10,7,3,15,9,6,22,11,11,23,12,11,24,13,11
97,157,1474,887,587,1738,1036,702,2112,1246,866,2895,1766,1129,3816,2386,1430,4481,2798,1683
97,8,215,94,121,210,93,117,205,92,113,151,68,83,97,45,52,97,45,52
97,24,125,86,39,123,77,46,119,66,53,106,65,41,92,63,29,107,73,34
97,28,697,419,278,730,433,297,762,446,316,824,510,314,874,566,308,1052,681,371
97,42,274,163,111,407,257,150,540,352,188,438,305,133,336,258,78,552,389,163
97,46,101,54,47,108,55,53,114,55,59,114,54,60,134,64,70,144,70,74
97,63,76,51,25,86,58,28,95,64,31,112,76,36,157,106,51,228,154,74
97,160,147,91,56,129,79,50,151,92,59,177,108,69,191,117,74,206,127,79
97,225,229,122,107,226,121,105,221,118,103,232,124,108,244,130,114,258,136,122
97,22,156,91,65,220,127,93,283,163,120,403,209,194,522,254,268,529,258,271
97,37,166640,81125,85515,240035,116145,123890,319138,153954,165184,424855,209794,215061,556092,278813,277279,621469,311400,310069
97,220,450406,238925,211481,721728,383739,337989,1022552,545314,477238,1351026,723497,627529,1696057,894670,801387,1969286,1036070,933216
97,11,69928,35701,34227,78297,40084,38213,90710,47310,43400,148970,82330,66640,329520,192520,137000,389992,215348,174644
97,147,9292,5229,4063,12459,6604,5855,20329,9881,10448,41448,20118,21330,56073,27161,28912,69800,33754,36046
97,72,1443,655,788,1374,647,727,1292,626,666,1169,617,552,1255,671,584,1292,697,595
97,158,239,148,91,244,164,80,182,138,44,182,140,42,154,120,34,156,123,33
97,76,35,26,9,38,28,10,41,30,11,42,31,11,41,31,10,38,29,9
97,208,140,67,73,157,78,79,177,90,87,206,106,100,241,124,117,274,142,132
97,54,0,0,0,0,0,0,0,0,0,0,0,0,587,362,225,637,393,244
98,183,2,0,2,114,110,4,226,220,6,176,155,21,126,89,37,142,102,40
98,2,1000,809,191,1223,941,282,1446,1074,372,2037,1513,524,2628,1953,675,2600,1932,668
98,64,1481,1188,293,1725,1341,384,2107,1601,506,2508,1943,565,2707,2074,633,3211,2362,849
98,118,4228,3395,833,6863,5488,1375,9612,7703,1909,10591,8864,1727,11587,9719,1868,13064,10929,2135
98,142,133,49,84,127,48,79,120,45,75,94,35,59,90,34,56,82,31,51
98,191,1191,474,717,742,331,411,505,267,238,604,313,291,964,495,469,1309,673,636
98,43,21305,5823,15482,24962,7536,17426,28619,9248,19371,31573,12451,19122,34528,15654,18874,39736,19007,20729
98,44,90186,16930,73256,100652,18349,82303,111117,19767,91350,121316,16575,104741,131809,13427,118382,134593,8983,125610
98,57,845,172,673,904,207,697,963,243,720,1124,285,839,1284,326,958,1414,365,1049
98,106,3624,1846,1778,7052,3385,3667,19347,8938,10409,23481,10695,12786,24895,11196,13699,27354,12200,15154
98,166,65,53,12,8121,6489,1632,18763,15093,3670,18483,15972,2511,25526,23024,2502,33340,30389,2951
98,30,3324,581,2743,4551,838,3713,5778,1095,4683,5907,1148,4759,6036,1201,4835,6165,1254,4911
98,35,49,38,11,129,100,29,208,161,47,162,126,36,116,91,25,105,83,22
98,124,252710,167538,85172,421423,255624,165799,634380,367510,266870,775648,457167,318481,1024344,619349,404995,1070433,658820,411613
98,161,3752,2116,1636,3716,1987,1729,4711,2380,2331,3893,1966,1927,3253,1605,1648,3304,1632,1672
98,185,21520,9521,11999,34241,13196,21045,50277,17775,32502,91090,31219,59871,136979,46323,90656,163237,55071,108166
98,203,545,266,279,495,246,249,549,271,278,564,294,270,621,345,276,660,385,275
98,205,4485,2093,2392,4893,2252,2641,5337,2419,2918,5666,2603,3063,5501,3022,2479,5426,2997,2429
98,226,793,488,305,2197,1281,916,5662,3387,2275,5861,3594,2267,6511,3867,2644,7860,4637,3223
98,16,70627,62639,7988,84052,73700,10352,97476,84761,12715,123383,107503,15880,149290,130246,19044,157862,137923,19939
98,97,1786,777,1009,1394,595,799,1002,414,588,926,381,545,850,349,501,820,336,484
98,155,599,338,261,502,283,219,443,250,193,423,239,184,413,226,187,408,230,178
98,194,3,1,2,40,30,10,79,47,32,157,53,104,317,110,207,314,105,209
98,15,6151,3065,3086,7640,3194,4446,9152,3275,5877,14859,4975,9884,23845,7801,16044,22513,7137,15376
98,55,43,7,36,61,8,53,79,9,70,115,12,103,185,22,163,193,25,168
98,107,183,72,111,6415,87,6328,12641,154,12487,18257,2408,15849,23478,4246,19232,10995,18,10977
98,111,38147,11651,26496,34017,10650,23367,43100,14052,29048,52859,15455,37404,75801,21174,54627,99485,17914,81571
98,115,84,33,51,2911,635,2276,5738,1238,4500,4491,676,3815,3243,114,3129,2729,1311,1418
98,154,4605,355,4250,12728,911,11817,17274,2498,14776,19887,3298,16589,25710,5382,20328,70114,16981,53133
98,165,108178,84970,23208,130606,102805,27801,133562,105462,28100,64612,43548,21064,48072,28326,19746,43049,26529,16520
98,180,635007,422395,212612,650793,434034,216759,668666,446901,221765,825998,567849,258149,1070951,753771,317180,1294035,881489,412546
98,211,43,17,26,104,38,66,167,59,108,172,59,113,177,58,119,179,56,123
98,217,46598,22969,23629,68471,30221,38250,94285,38758,55527,121621,43878,77743,267618,101732,165886,260312,97172,163140
98,31,1,0,1,6,2,4,11,4,7,17,7,10,23,10,13,37,15,22
98,56,22,15,7,33,23,10,43,30,13,84,43,41,119,56,63,154,57,97
98,95,191,80,111,169,69,100,147,58,89,182,74,108,217,90,127,235,84,151
98,162,62,42,20,53,36,17,46,31,15,80,63,17,117,97,20,113,94,19
98,170,377,185,192,336,194,142,283,196,87,223,148,75,160,98,62,163,100,63
98,187,0,0,0,7,4,3,17,9,8,20,11,9,22,12,10,28,15,13
98,59,422,198,224,528,238,290,633,278,355,870,372,498,1106,466,640,1154,472,682
98,70,1,0,1,1,0,1,0,0,0,3,0,3,6,1,5,10,1,9
98,73,36,23,13,74,36,38,112,49,63,230,82,148,347,114,233,558,164,394
98,96,59,24,35,67,28,39,75,32,43,93,38,55,110,44,66,126,47,79
98,101,24,9,15,67,23,44,148,54,94,149,60,89,125,45,80,128,45,83
98,114,2,1,1,2,1,1,3,2,1,3,2,1,3,2,1,2,2,0
98,153,427,207,220,463,211,252,573,256,317,862,381,481,1256,500,756,1532,592,940
98,199,1276,680,596,1514,801,713,1624,854,770,1926,922,1004,2198,979,1219,2425,1048,1377
98,218,938,503,435,3687,1507,2180,6499,2531,3968,7546,2741,4805,9208,3221,5987,10344,3529,6815
98,52,0,0,0,0,0,0,0,0,0,14,5,9,27,10,17,27,10,17
98,83,195,31,164,225,54,171,259,75,184,356,96,260,453,117,336,443,101,342
98,104,166,58,108,697,161,536,1227,263,964,2193,492,1701,3158,720,2438,3159,677,2482
98,127,11,4,7,14,5,9,18,8,10,22,9,13,21,10,11,26,13,13
98,163,28,15,13,59,31,28,94,49,45,170,54,116,218,50,168,240,47,193
98,182,3,2,1,24,15,9,33,20,13,33,20,13,33,20,13,32,20,12
98,188,2,1,1,4,3,1,7,4,3,13,6,7,27,12,15,45,14,31
98,193,595,222,373,682,265,417,1063,433,630,1057,421,636,1967,1076,891,1937,1016,921
98,12,669,220,449,755,257,498,841,294,547,940,314,626,1038,333,705,1214,394,820
98,19,639,337,302,694,310,384,728,274,454,990,317,673,1228,377,851,1501,457,1044
98,74,3852,1438,2414,3977,1443,2534,4101,1447,2654,4242,1427,2815,4572,1555,3017,4946,1672,3274
98,80,8819,5608,3211,9827,5515,4312,10834,5421,5413,14910,6565,8345,18985,7709,11276,19639,7974,11665
98,145,186717,88321,98396,173584,80744,92840,166679,75814,90865,155822,69989,85833,141028,62545,78483,132159,58389,73770
98,200,2137,871,1266,2316,991,1325,2504,1118,1386,2780,1154,1626,3110,1059,2051,3654,1412,2242
98,14,8,6,2,7,5,2,6,4,2,18,8,10,30,12,18,33,13,20
98,25,59,31,28,123,65,58,187,98,89,199,105,94,39,29,10,44,33,11
98,186,0,0,0,0,0,0,0,0,0,28,17,11,57,34,23,60,36,24
98,50,13,8,5,10,6,4,13,8,5,9,6,3,17,10,7,18,11,7
98,88,27,10,17,26,11,15,25,12,13,30,15,15,35,19,16,40,22,18
98,133,69,46,23,82,43,39,99,42,57,119,57,62,153,78,75,190,98,92
98,157,49,35,14,70,51,19,97,71,26,103,78,25,115,89,26,135,105,30
98,8,47,13,34,46,13,33,45,13,32,33,10,23,21,7,14,21,7,14
98,24,12,8,4,14,8,6,15,8,7,12,6,6,9,4,5,10,4,6
98,42,51,26,25,68,35,33,85,44,41,69,40,29,53,36,17,87,49,38
98,46,77,41,36,75,40,35,73,39,34,69,37,32,78,42,36,84,46,38
98,63,22,12,10,25,14,11,27,15,12,32,19,13,44,25,19,64,37,27
98,160,29,11,18,26,10,16,31,12,19,37,14,23,40,16,24,43,18,25
98,225,52,22,30,51,22,29,51,22,29,53,23,30,56,24,32,59,24,35
98,37,7298,3553,3745,8723,4224,4499,10356,4996,5360,12039,5782,6257,14445,6932,7513,16143,7742,8401
98,220,48387,24589,23798,59258,30346,28912,72552,37435,35117,81051,42008,39043,90544,46176,44368,96734,47352,49382
98,11,39102,20104,18998,45651,22944,22707,58670,28340,30330,60300,27820,32480,71160,31240,39920,84026,37595,46431
98,147,2024,1092,932,2641,1373,1268,3689,1794,1895,4412,2142,2270,4796,2324,2472,5105,2469,2636
98,146,819,501,318,949,575,374,1079,649,430,1150,694,456,1221,739,482,1283,778,505
98,158,7118,4079,3039,7293,4312,2981,5460,3276,2184,9667,5546,4121,8218,4825,3393,8343,4933,3410
98,189,85,76,9,85,76,9,81,72,9,75,56,19,74,42,32,69,40,29
98,76,15,8,7,16,8,8,18,9,9,18,10,8,18,10,8,17,10,7
98,28,0,0,0,0,0,0,0,0,0,361,168,193,722,336,386,869,404,465
98,68,0,0,0,0,0,0,0,0,0,0,0,0,6,5,1,6,5,1
98,54,0,0,0,0,0,0,0,0,0,0,0,0,168,81,87,182,88,94
99,64,134,73,61,118,66,52,111,63,48,132,78,54,142,82,60,168,88,80
99,118,383,211,172,340,207,133,303,209,94,333,249,84,365,274,91,411,307,104
99,142,45,27,18,43,26,17,41,24,17,32,19,13,30,18,12,27,17,10
99,191,680,269,411,424,189,235,291,155,136,349,181,168,552,284,268,710,366,344
99,89,61,43,18,70,52,18,75,56,19,136,94,42,211,142,69,234,158,76
99,202,1813,796,1017,1473,753,720,1267,784,483,1221,644,577,1249,549,700,1238,535,703
99,212,2699,1239,1460,4464,2036,2428,3565,1615,1950,3476,1616,1860,3230,1547,1683,3204,1561,1643
99,106,1237,630,607,8764,4206,4558,6167,2849,3318,4566,2080,2486,4841,2177,2664,3992,1780,2212
99,161,212,159,53,521,259,262,975,426,549,758,332,426,577,245,332,586,250,336
99,203,0,0,0,9,5,4,21,11,10,16,9,7,13,7,6,9,5,4
99,97,3051,1535,1516,2569,1246,1323,2086,957,1129,1928,882,1046,1769,807,962,1706,777,929
99,155,4108,2246,1862,3060,1685,1375,2940,1620,1320,2381,1319,1062,2345,1297,1048,2301,1272,1029
99,194,1,1,0,12,10,2,25,19,6,51,32,19,103,65,38,102,64,38
99,9,9654,4003,5651,10242,4478,5764,11205,5047,6158,7411,3471,3940,6172,3001,3171,8733,4169,4564
99,13,2088,1263,825,1832,1152,680,1846,1151,695,1752,1072,680,1604,1004,600,1530,970,560
99,55,299,189,110,423,261,162,547,333,214,801,486,315,1284,785,499,1340,825,515
99,100,14976,9828,5148,44953,25623,19330,42602,19779,22823,17396,8077,9319,17568,8720,8848,14406,8252,6154
99,103,47785,23622,24163,51220,24963,26257,51786,25188,26598,50950,24796,26154,50732,24651,26081,52322,25292,27030
99,107,119,46,73,117,52,65,115,58,57,166,94,72,214,127,87,100,50,50
99,211,23816,13895,9921,13188,8104,5084,13427,8274,5153,14397,8760,5637,14728,8898,5830,16332,9676,6656
99,229,0,0,0,0,0,0,0,0,0,0,0,0,10,6,4,7,4,3
99,18,25,22,3,38,31,7,51,41,10,49,39,10,47,37,10,49,39,10
99,31,98,86,12,127,105,22,155,123,32,208,162,46,252,194,58,282,212,70
99,56,47,33,14,70,50,20,93,67,26,212,150,62,313,223,90,458,299,159
99,95,1800,1125,675,1595,987,608,1389,849,540,1716,1061,655,2043,1273,770,2119,1295,824
99,162,197,145,52,168,123,45,144,105,39,188,134,54,239,166,73,231,162,69
99,169,853,717,136,875,742,133,851,718,133,937,780,157,976,820,156,1233,1031,202
99,170,3096,1519,1577,2829,1591,1238,2461,1607,854,2240,1465,775,1974,1293,681,2012,1315,697
99,187,11,10,1,40,31,9,82,62,20,93,70,23,104,79,25,127,97,30
99,216,2580,2070,510,2496,2017,479,2443,1988,455,2232,1817,415,2129,1734,395,2136,1741,395
99,59,8022,5474,2548,9753,6222,3531,11483,6970,4513,12029,7125,4904,12574,7279,5295,14114,8206,5908
99,73,558,378,180,1160,738,422,1762,1099,663,3040,1799,1241,4318,2500,1818,6925,3798,3127
99,96,14,11,3,16,12,4,18,14,4,27,18,9,36,22,14,62,43,19
99,101,85,56,29,237,154,83,519,344,175,520,355,165,436,287,149,445,291,154
99,114,15,11,4,22,16,6,30,22,8,34,27,7,38,32,6,31,26,5
99,120,24,18,6,27,21,6,21,17,4,55,47,8,82,69,13,70,58,12
99,153,5198,3446,1752,7055,4463,2592,8857,5212,3645,11637,6548,5089,13086,7251,5835,16185,8715,7470
99,199,40154,22023,18131,47650,25971,21679,51101,27700,23401,54470,29045,25425,62120,32688,29432,69981,36701,33280
99,218,31563,18450,13113,36022,20843,15179,41087,23547,17540,58694,34449,24245,81080,48389,32691,91087,53866,37221
99,52,0,0,0,0,0,0,0,0,0,24,13,11,48,27,21,48,27,21
99,83,2645,1618,1027,1946,1222,724,1279,833,446,1613,1129,484,1947,1425,522,1905,1373,532
99,104,19096,10789,8307,14034,7969,6065,8971,5148,3823,11701,6588,5113,14431,8028,6403,14433,7914,6519
99,127,9,6,3,11,7,4,13,9,4,17,11,6,28,13,15,35,18,17
99,163,52,29,23,113,63,50,179,100,79,195,108,87,180,99,81,197,105,92
99,182,7,7,0,50,45,5,68,61,7,68,61,7,67,60,7,65,59,6
99,188,8,4,4,17,10,7,28,16,12,29,18,11,58,37,21,77,52,25
99,193,1771,1068,703,2159,1324,835,3477,2172,1305,4212,2560,1652,4920,3027,1893,5888,3436,2452
99,12,8535,4827,3708,9629,5514,4115,10723,6201,4522,11986,6811,5175,13249,7421,5828,15495,8716,6779
99,19,1645,966,679,1292,714,578,902,443,459,2316,1277,1039,4464,2484,1980,6214,3642,2572
99,74,23359,12838,10521,24114,13070,11044,24869,13302,11567,20643,10849,9794,21067,11075,9992,22788,11945,10843
99,80,95723,63328,32395,100027,61488,38539,104331,59649,44682,118640,67126,51514,132949,74604,58345,137531,77175,60356
99,121,224,115,109,212,108,104,204,104,100,177,96,81,152,89,63,233,137,96
99,145,5187,3100,2087,12357,7249,5108,19921,11614,8307,24051,13552,10499,25486,14036,11450,29405,15973,13432
99,200,4686,2655,2031,5372,3105,2267,6078,3572,2506,6953,3920,3033,7965,4060,3905,9360,5090,4270
99,38,3,2,1,7,5,2,12,8,4,11,7,4,10,6,4,9,6,3
99,62,70,64,6,78,71,7,85,77,8,57,50,7,29,23,6,31,25,6
99,50,81,63,18,63,50,13,77,63,14,50,40,10,99,80,19,103,83,20
99,65,20,13,7,17,11,6,14,9,5,16,10,6,17,11,6,18,12,6
99,88,12,5,7,12,6,6,12,7,5,14,9,5,16,11,5,18,12,6
99,133,58,46,12,150,115,35,249,189,60,246,175,71,273,181,92,376,260,116
99,157,31,24,7,45,36,9,62,49,13,65,50,15,73,55,18,86,64,22
99,8,302,151,151,295,149,146,288,147,141,213,111,102,137,74,63,137,74,63
99,24,21,12,9,29,18,11,36,24,12,45,29,16,53,33,20,62,39,23
99,42,82,54,28,81,55,26,80,57,23,65,48,17,50,40,10,82,63,19
99,46,61,33,28,74,47,27,87,61,26,91,66,25,110,82,28,118,88,30
99,63,64,45,19,72,51,21,80,57,23,94,68,26,132,94,38,192,137,55
99,160,40,28,12,35,24,11,42,29,13,50,34,16,54,37,17,58,40,18
99,225,201,122,79,154,99,55,118,80,38,105,68,37,97,60,37,90,56,34
99,37,29467,14346,15121,51266,24793,26473,74284,35835,38449,95395,47899,47496,122237,62969,59268,136608,70331,66277
99,220,210941,119568,91373,242134,137448,104686,283226,161279,121947,305257,174452,130805,331030,172303,158727,371894,193050,178844
99,11,17599,9586,8013,19260,10417,8843,21400,11590,9810,26720,14180,12540,36490,19370,17120,48696,26152,22544
99,147,394,216,178,732,424,308,1925,937,988,2671,1297,1374,2959,1434,1525,3201,1548,1653
99,143,0,0,0,0,0,0,0,0,0,0,0,0,0,0,0,261,187,74
99,28,0,0,0,0,0,0,0,0,0,265,140,125,530,280,250,638,337,301
99,68,0,0,0,0,0,0,0,0,0,0,0,0,28,23,5,26,21,5
100,2,918,355,563,4249,2064,2185,7579,3772,3807,10678,5316,5362,13777,6861,6916,13632,6789,6843
100,64,1359,489,870,4401,2007,2394,7793,3686,4107,9278,4691,4587,10013,4874,5139,11877,4982,6895
100,118,3879,1412,2467,26910,15858,11052,50384,30826,19558,55518,37815,17703,60735,41592,19143,68477,46598,21879
100,139,1171,620,551,1075,561,514,1133,582,551,1162,589,573,1300,656,644,1743,875,868
100,210,0,0,0,0,0,0,11,6,5,8,6,2,449,232,217,638,333,305
100,191,142,106,36,88,68,20,67,52,15,82,61,21,120,94,26,151,119,32
100,130,77,33,44,82,40,42,84,46,38,84,48,36,135,79,56,112,67,45
100,202,97,43,54,78,40,38,68,42,26,65,35,30,67,30,37,65,29,36
100,124,32,18,14,72,42,30,121,70,51,316,187,129,555,333,222,578,354,224
100,161,18,17,1,18,18,0,24,24,0,45,45,0,70,70,0,71,71,0
100,203,0,0,0,16,8,8,36,18,18,54,27,27,76,37,39,79,40,39
100,97,1189,521,668,900,408,492,610,294,316,564,271,293,517,248,269,498,238,260
100,99,1153969,660582,493387,833700,477247,356453,540400,309350,231050,98094,56154,41940,86387,55676,30711,85523,54812,30711
100,155,894,459,435,466,240,226,586,310,276,289,151,138,287,149,138,251,125,126
100,194,0,0,0,4,4,0,9,7,2,19,10,9,40,22,18,39,21,18
100,55,78,54,24,111,75,36,143,96,47,209,140,69,335,226,109,350,237,113
100,103,74502,37111,37391,77265,37760,39505,75702,36719,38983,70291,33773,36518,65732,31162,34570,67791,31964,35827
100,107,25773,15543,10230,40831,24550,16281,55884,33648,22236,268747,139442,129305,475782,239229,236553,35875,16654,19221
100,115,11774,7101,4673,18572,10685,7887,25369,14269,11100,84380,44015,40365,143391,73761,69630,120668,57983,62685
100,154,118,66,52,1361,753,608,2223,1296,927,2983,1761,1222,4226,2566,1660,9552,5865,3687
100,180,42857,21581,21276,33020,17505,15515,10177,5470,4707,5363,2920,2443,5039,2788,2251,4601,2540,2061
100,201,3825,1932,1893,3036,1528,1508,1829,924,905,356344,182262,174082,1012300,516275,496025,253609,129236,124373
100,211,33620,18174,15446,21033,11614,9419,8922,5308,3614,8658,5102,3556,14069,8173,5896,22392,12747,9645
100,229,4943,2743,2200,5140,3054,2086,5389,2898,2491,6742,3664,3078,10441,5564,4877,9801,5068,4733
100,31,171,118,53,265,195,70,358,271,87,509,395,114,638,501,137,868,656,212
100,56,65,52,13,98,79,19,131,107,24,298,211,87,440,302,138,502,344,158
100,95,732,504,228,649,444,205,565,383,182,698,477,221,831,571,260,858,602,256
100,162,562,486,76,480,414,66,410,352,58,418,336,82,441,331,110,425,320,105
100,169,299,218,81,638,473,165,944,692,252,1018,736,282,1041,773,268,1326,969,357
100,170,1424,699,725,1213,732,481,959,738,221,973,770,203,968,786,182,986,800,186
100,187,10,9,1,25,22,3,49,41,8,55,46,9,62,52,10,76,63,13
100,59,2418,1703,715,7703,4646,3057,12988,7589,5399,17645,9960,7685,22302,12331,9971,22594,12440,10154
100,73,206,133,73,1453,856,597,2699,1578,1121,5101,3098,2003,7502,4618,2884,12044,7310,4734
100,96,2,1,1,9,6,3,15,10,5,32,19,13,49,29,20,60,36,24
100,101,87,54,33,241,146,95,528,326,202,529,338,191,443,271,172,453,275,178
100,114,3,2,1,4,3,1,5,3,2,8,5,3,11,6,5,9,5,4
100,153,738,536,202,2376,1551,825,6941,4345,2596,15420,9090,6330,20604,11784,8820,22160,12453,9707
100,199,38795,22101,16694,46038,26077,19961,49372,27826,21546,72553,39466,33087,121761,66025,55736,133118,71882,61236
100,218,15166,9161,6005,22970,14130,8840,31162,19315,11847,49586,30939,18647,72047,45261,26786,80939,50443,30496
100,52,0,0,0,0,0,0,0,0,0,41,32,9,81,63,18,82,64,18
100,83,6631,4355,2276,6698,4545,2153,6875,4770,2105,5303,3910,1393,3731,3051,680,3651,2958,693
100,104,176,61,115,837,544,293,1498,1027,471,2693,1945,748,3888,2864,1024,3889,2847,1042
100,127,32,21,11,38,25,13,48,32,16,57,37,20,77,51,26,96,65,31
100,163,16,10,6,34,21,13,54,32,22,49,31,18,37,26,11,41,28,13
100,182,21,14,7,137,91,46,187,123,64,185,121,64,181,118,63,176,115,61
100,188,12,6,6,25,17,8,40,29,11,43,33,10,60,44,16,62,44,18
100,193,638,413,225,786,508,278,1274,830,444,1660,1101,559,1694,1080,614,1829,1141,688
100,12,3043,1897,1146,3433,2161,1272,3823,2426,1397,4273,2674,1599,4723,2923,1800,5524,3430,2094
100,19,45,22,23,38,19,19,29,15,14,1155,704,451,3292,2108,1184,9420,6331,3089
100,74,4614,2681,1933,4763,2734,2029,4912,2787,2125,4953,2858,2095,5658,3162,2496,6120,3411,2709
100,80,6844,5201,1643,32864,21751,11113,58884,38302,20582,85046,52607,32439,111208,66913,44295,115041,69219,45822
100,145,1151,744,407,15178,9623,5555,29654,18769,10885,35882,21413,14469,41043,24471,16572,41384,23455,17929
100,200,3291,2298,993,4104,2826,1278,4932,3367,1565,5619,3734,1885,6416,3996,2420,7539,4893,2646
100,62,6,6,0,7,7,0,7,7,0,17,13,4,26,18,8,27,19,8
100,50,10,7,3,8,5,3,11,7,4,7,4,3,15,10,5,16,11,5
100,133,23,0,23,40,19,21,60,40,20,50,37,13,47,38,9,44,36,8
100,8,81,32,49,79,31,48,77,31,46,57,24,33,37,17,20,37,17,20
100,24,2,2,0,4,3,1,5,3,2,7,5,2,9,7,2,10,8,2
100,42,22,14,8,22,16,6,22,18,4,18,15,3,14,12,2,25,19,6
100,46,56,35,21,44,28,16,32,21,11,24,16,8,21,14,7,22,15,7
100,63,12,11,1,14,13,1,15,14,1,17,16,1,24,23,1,34,33,1
100,160,12,10,2,11,9,2,14,11,3,17,13,4,18,14,4,19,15,4
100,225,68,47,21,67,47,20,66,46,20,69,49,20,74,52,22,79,55,24
100,37,6875,3346,3529,16443,7946,8497,26401,12736,13665,36851,18569,18282,49515,25568,23947,55336,28557,26779
100,220,44916,25595,19321,66053,37897,28156,89892,51838,38054,102547,59344,43203,116459,66048,50411,175566,85941,89625
100,11,5202,2844,2358,16334,9114,7220,26500,14880,11620,37100,20030,17070,51860,26900,24960,62790,32505,30285
100,147,967,529,438,1795,1038,757,4717,2294,2423,5760,2796,2964,5775,2799,2976,5698,2756,2942
100,28,0,0,0,0,0,0,0,0,0,253,162,91,506,324,182,609,390,219
100,68,0,0,0,0,0,0,0,0,0,0,0,0,10,8,2,9,7,2
101,131,30,14,16,14,8,6,6,3,3,24,13,11,44,23,21,50,28,22
101,39,1,0,1,9,4,5,16,7,9,12,5,7,12,5,7,10,4,6
101,64,111,45,66,87,34,53,70,26,44,83,34,49,90,35,55,107,33,74
101,27,185,103,82,178,98,80,190,104,86,364,197,167,539,291,248,716,383,333
101,142,89,42,47,85,41,44,80,38,42,63,30,33,60,29,31,55,27,28
101,191,5788,2572,3216,4728,2189,2539,5010,2326,2684,5997,2704,3293,9571,4273,5298,13009,5817,7192
101,44,466,282,184,520,313,207,574,344,230,627,364,263,681,384,297,695,380,315
101,106,671,342,329,869,417,452,974,450,524,1001,456,545,1061,477,584,1044,466,578
101,136,2,1,1,1,1,0,2,1,1,4,3,1,7,5,2,8,6,2
101,161,33,27,6,107,67,40,212,125,87,311,183,128,425,246,179,431,250,181
101,55,193,70,123,273,92,181,353,114,239,517,165,352,828,271,557,865,289,576
101,107,75,17,58,70,22,48,64,27,37,92,46,46,118,62,56,55,23,32
101,211,130,68,62,314,157,157,501,247,254,516,249,267,531,250,281,539,248,291
101,18,16,7,9,20,7,13,24,8,16,23,7,16,21,5,16,24,8,16
101,31,4,2,2,5,2,3,6,3,3,8,4,4,10,6,4,234,130,104
101,56,16,11,5,25,17,8,33,22,11,262,200,62,470,365,105,578,448,130
101,95,26,12,14,287,145,142,548,278,270,678,350,328,807,421,386,1071,562,509
101,162,101,74,27,86,63,23,74,53,21,3912,1995,1917,7874,3987,3887,7592,3890,3702
101,169,96,50,46,83,48,35,66,41,25,204,109,95,332,182,150,155,76,79
101,170,194,95,99,178,100,78,156,101,55,165,95,70,171,87,84,175,89,86
101,187,1,1,0,233,116,117,530,262,268,595,299,296,667,340,327,808,422,386
101,41,1660,781,879,1629,766,863,1731,814,917,2731,1295,1436,3731,1777,1954,3958,1890,2068
101,59,895,509,386,1024,608,416,1153,708,445,1286,787,499,1419,867,552,1642,996,646
101,73,88,61,27,128,94,34,168,128,40,311,233,78,453,338,115,721,519,202
101,96,81,42,39,68,36,32,54,29,25,68,42,26,82,55,27,104,61,43
101,102,1628,693,935,1700,717,983,1771,740,1031,1955,770,1185,2116,786,1330,2202,827,1375
101,114,14,5,9,21,7,14,28,9,19,399,201,198,761,385,376,638,319,319
101,120,18,9,9,21,10,11,16,8,8,794,429,365,1465,773,692,1240,641,599
101,153,446,188,258,474,215,259,498,252,246,504,258,246,706,406,300,1107,686,421
101,199,870,535,335,1033,632,401,1108,675,433,1468,948,520,1950,1320,630,2527,1723,804
101,218,611877,280892,330985,559011,251820,307191,515544,226188,289356,462925,202881,260044,447993,198603,249390,503288,219340,283948
101,52,0,0,0,5,2,3,10,5,5,32,15,17,53,25,28,53,25,28
101,83,1042,378,664,762,255,507,494,127,367,549,162,387,603,197,406,590,176,414
101,104,4114,1070,3044,3211,924,2287,2307,778,1529,2968,1168,1800,3628,1558,2070,3629,1522,2107
101,127,47,17,30,56,21,35,141,53,88,223,84,139,254,110,144,318,146,172
101,163,199,70,129,356,154,202,529,245,284,1039,508,531,1377,687,690,1512,722,790
101,182,6,4,2,40,22,18,55,29,26,55,29,26,54,28,26,52,27,25
101,188,2,1,1,3,2,1,5,3,2,9,4,5,29,14,15,43,26,17
101,193,2044,878,1166,2622,1189,1433,4329,2050,2279,9107,4582,4525,13455,6937,6518,14651,7538,7113
101,12,544,303,241,614,346,268,683,389,294,763,426,337,843,464,379,985,544,441
101,19,1972,881,1091,2655,1193,1462,3262,1477,1785,3268,1523,1745,3607,1793,1814,4458,2275,2183
101,74,6702,2542,4160,6919,2552,4367,7135,2561,4574,8596,3833,4763,9086,3146,5940,9828,3382,6446
101,80,12186,6458,5728,13677,7139,6538,15167,7819,7348,13081,6832,6249,10994,5844,5150,11373,6045,5328
101,119,1,0,1,5,3,2,9,5,4,8,4,4,9,4,5,17,8,9
101,121,412,181,231,585,270,315,765,363,402,910,432,478,1067,506,561,1630,784,846
101,145,3733,1795,1938,3923,1850,2073,4252,1964,2288,4490,2119,2371,4543,2225,2318,5161,2573,2588
101,200,1367,578,789,1850,914,936,2341,1257,1084,2696,1398,1298,3105,1444,1661,3648,1832,1816
101,14,55,35,20,62,39,23,69,43,26,62,36,26,54,29,25,59,32,27
101,38,80,41,39,170,88,82,260,135,125,236,117,119,213,99,114,210,98,112
101,62,51,28,23,57,31,26,62,33,29,47,26,21,31,19,12,33,20,13
101,50,24,14,10,19,11,8,23,12,11,15,8,7,29,14,15,30,14,16
101,65,24,15,9,18,11,7,12,7,5,12,7,5,11,6,5,11,6,5
101,133,186,105,81,211,117,94,246,135,111,243,147,96,270,178,92,370,254,116
101,148,15,7,8,12,5,7,16,10,6,22,16,6,23,17,6,24,18,6
101,157,9,6,3,15,10,5,24,16,8,50,36,14,79,57,22,92,67,25
101,8,143,74,69,140,73,67,137,73,64,101,54,47,64,35,29,64,35,29
101,24,22,11,11,41,24,17,60,37,23,63,37,26,66,37,29,77,43,34
101,28,109,66,43,165,119,46,220,172,48,196,154,42,170,134,36,205,162,43
101,42,91,49,42,109,58,51,127,67,60,103,61,42,78,54,24,128,77,51
101,46,94,48,46,99,54,45,104,61,43,104,64,40,122,78,44,131,84,47
101,63,67,39,28,75,43,32,83,48,35,98,58,40,137,79,58,199,115,84
101,160,150,76,74,131,65,66,154,77,77,181,91,90,196,99,97,211,107,104
101,225,55,32,23,54,32,22,53,31,22,55,32,23,58,33,25,62,36,26
101,22,87,58,29,91,60,31,94,61,33,98,59,39,101,56,45,102,57,45
101,37,27255,13269,13986,26295,12744,13551,25960,12524,13436,27166,13219,13947,30003,14744,15259,33530,16467,17063
101,220,169827,66010,103817,159882,62736,97146,156474,62336,94138,141337,56712,84625,127933,50012,77921,132280,51476,80804
101,11,51999,27096,24903,54399,28236,26163,53580,27830,25750,55730,29060,26670,70990,38470,32520,101032,55669,45363
101,147,7053,3557,3496,6154,3089,3065,6547,3183,3364,6587,3198,3389,8057,3904,4153,9398,4545,4853
101,158,67,35,32,68,33,35,50,20,30,50,21,29,42,19,23,42,20,22
101,68,0,0,0,0,0,0,0,0,0,0,0,0,146,85,61,136,79,57
102,218,9974,4703,5271,8238,3975,4263,6642,3304,3338,7719,3772,3947,9426,4585,4841,10589,5078,5511
102,83,18,9,9,15,8,7,12,7,5,9,5,4,5,3,2,5,3,2
102,74,12,3,9,13,3,10,13,3,10,12,2,10,12,2,10,13,2,11
102,24,0,0,0,0,0,0,0,0,0,1,1,0,2,2,0,2,2,0
102,11,731,383,348,737,377,360,700,350,350,770,420,350,850,450,400,348,200,148
102,68,0,0,0,0,0,0,0,0,0,0,0,0,0,0,0,0,0,0
103,77,5,3,2,6,4,2,7,4,3,8,5,3,10,6,4,11,7,4
103,64,995,585,410,728,427,301,518,303,215,617,377,240,666,397,269,790,429,361
103,142,161,90,71,153,86,67,143,79,64,113,63,50,108,60,48,99,56,43
103,191,2441,1192,1249,1879,978,901,1850,1006,844,2214,1179,1035,3534,1868,1666,4799,2540,2259
103,81,24,12,12,24,13,11,27,14,13,38,21,17,38,22,16,45,26,19
103,161,59,47,12,269,138,131,555,266,289,567,271,296,605,283,322,614,287,327
103,194,0,0,0,5,5,0,12,10,2,26,17,9,55,37,18,54,36,18
103,55,95,54,41,135,74,61,174,94,80,255,137,118,408,221,187,426,233,193
103,107,6,2,4,956,634,322,1906,1270,636,2752,1945,807,3539,2560,979,1657,1098,559
103,115,3,1,2,434,274,160,865,548,317,677,439,238,489,330,159,412,198,214
103,195,98290,42646,55644,96052,41403,54649,93814,40159,53655,78664,33428,45236,63515,26697,36818,62895,26351,36544
103,211,658,358,300,1592,836,756,2533,1315,1218,2610,1327,1283,2689,1337,1352,2729,1326,1403
103,18,192,111,81,297,149,148,402,187,215,386,179,207,370,172,198,387,179,208
103,31,58,41,17,114,73,41,169,104,65,251,154,97,323,198,125,434,256,178
103,56,35,24,11,52,36,16,69,48,21,252,187,65,415,314,101,477,347,130
103,95,425,189,236,786,426,360,1147,663,484,1418,831,587,1688,998,690,1695,1019,676
103,162,542,380,162,463,323,140,396,274,122,371,243,128,359,220,139,346,214,132
103,167,20,12,8,23,14,9,70,42,28,99,59,40,89,34,55,81,29,52
103,169,262,194,68,516,399,117,743,573,170,849,635,214,912,687,225,1772,1309,463
103,170,2842,1395,1447,2641,1462,1179,2345,1476,869,2993,1743,1250,3580,1975,1605,3649,2005,1644
103,187,15,10,5,58,39,19,118,78,40,133,88,45,149,100,49,181,122,59
103,216,4532,2184,2348,4384,2177,2207,4291,2197,2094,3920,2010,1910,3740,1921,1819,3752,1930,1822
103,59,1048,709,339,1251,818,433,1454,928,526,1575,999,576,1695,1069,626,1709,1081,628
103,73,350,239,111,371,257,114,391,274,117,566,398,168,741,523,218,957,649,308
103,96,20,13,7,20,13,7,19,12,7,26,17,9,32,21,11,39,23,16
103,101,42,23,19,116,61,55,255,138,117,256,146,110,215,116,99,220,118,102
103,114,21,14,7,32,21,11,43,28,15,81,49,32,117,67,50,98,56,42
103,120,30,20,10,34,22,12,26,17,9,34,16,18,39,12,27,33,9,24
103,153,422,262,160,506,310,196,506,298,208,613,371,242,713,413,300,820,464,356
103,199,1192,734,458,1414,866,548,1517,925,592,2002,1233,769,2339,1399,940,2631,1589,1042
103,218,11935,6186,5749,11621,6029,5592,11503,5959,5544,13912,7242,6670,17454,9178,8276,19608,10187,9421
103,52,0,0,0,0,0,0,0,0,0,28,19,9,55,37,18,55,37,18
103,83,1413,785,628,1032,581,451,667,378,289,698,390,308,728,401,327,712,379,333
103,104,7287,4208,3079,4920,2826,2094,2553,1445,1108,3218,1895,1323,3882,2344,1538,3883,2317,1566
103,127,8,5,3,10,6,4,12,8,4,15,9,6,11,8,3,13,10,3
103,163,28,17,11,60,36,24,96,57,39,215,178,37,299,270,29,329,295,34
103,182,13,7,6,84,44,40,115,59,56,114,58,56,112,57,55,109,56,53
103,188,3,2,1,5,3,2,9,5,4,28,17,11,42,27,15,34,23,11
103,193,656,439,217,796,526,270,1280,847,433,2184,1396,788,2659,1673,986,2858,1769,1089
103,12,1412,795,617,1593,908,685,1774,1021,753,1983,1121,862,2191,1221,970,2562,1433,1129
103,19,1692,978,714,1661,933,728,1582,864,718,1483,825,658,1417,793,624,1537,878,659
103,74,5866,2964,2902,6056,3009,3047,6245,3054,3191,8559,4256,4303,8502,4071,4431,9197,4388,4809
103,80,9659,5830,3829,9305,5493,3812,8951,5156,3795,11678,7168,4510,14404,9179,5225,14900,9495,5405
103,121,40,22,18,38,22,16,37,21,16,31,19,12,27,17,10,41,26,15
103,145,2958,1745,1213,3486,2029,1457,4136,2380,1756,5338,3025,2313,5276,2962,2314,5086,2858,2228
103,200,1754,1004,750,2141,1247,894,2537,1498,1039,2872,1634,1238,3263,1685,1578,3834,2109,1725
103,38,4,1,3,9,2,7,14,2,12,13,2,11,12,2,10,11,2,9
103,62,185,148,37,206,164,42,226,179,47,143,111,32,58,41,17,61,43,18
103,164,87,41,46,91,43,48,97,46,51,76,37,39,46,22,24,45,21,24
103,50,123,80,43,101,66,35,130,84,46,85,54,31,168,108,60,175,112,63
103,65,177,86,91,123,59,64,68,32,36,55,25,30,41,18,23,43,19,24
103,88,58,31,27,71,41,30,83,51,32,99,62,37,114,73,41,131,85,46
103,94,68,45,23,68,44,24,67,43,24,66,43,23,64,42,22,66,44,22
103,133,1195,653,542,1303,725,578,1469,833,636,1248,726,522,1172,704,468,1165,700,465
103,157,414,269,145,472,308,164,560,365,195,736,494,242,948,650,298,1114,764,350
103,8,1466,733,733,1317,653,664,1169,574,595,862,430,432,555,287,268,557,288,269
103,24,79,38,41,130,74,56,180,110,70,168,100,68,156,91,65,182,106,76
103,28,2137,1363,774,1961,1216,745,1784,1068,716,1903,1148,755,1994,1210,784,2401,1457,944
103,42,1367,730,637,948,516,432,529,303,226,429,269,160,329,235,94,539,340,199
103,46,605,364,241,536,327,209,467,290,177,416,263,153,437,283,154,468,305,163
103,63,174,107,67,195,120,75,216,133,83,255,159,96,358,220,138,520,318,202
103,160,362,221,141,316,191,125,370,224,146,433,263,170,469,286,183,507,310,197
103,225,1035,614,421,792,473,319,601,360,241,538,321,217,482,287,195,468,276,192
103,22,15,10,5,24,8,16,33,6,27,54,25,29,74,43,31,75,44,31
103,37,16092,7834,8258,16166,7833,8333,16625,8020,8605,19930,10103,9827,24432,12820,11612,27304,14319,12985
103,220,86048,43723,42325,95923,49088,46835,109719,56607,53112,121399,62914,58485,134567,68620,65947,135963,69137,66826
103,11,7756,4205,3551,7358,3959,3399,7390,4050,3340,9000,4970,4030,10710,5960,4750,12174,6876,5298
103,68,0,0,0,0,0,0,0,0,0,0,0,0,49,34,15,46,32,14
104,131,38,17,21,56,31,25,106,57,49,113,62,51,127,72,55,146,86,60
104,183,22,13,9,29,18,11,37,23,14,73,44,29,109,64,45,122,75,47
104,215,404,369,35,396,361,35,427,387,40,424,385,39,421,382,39,418,380,38
104,219,360,207,153,457,263,194,482,278,204,536,310,226,550,318,232,575,333,242
104,39,7,2,5,56,32,24,101,60,41,77,46,31,76,45,31,66,39,27
104,2,3143,1767,1376,1942,1035,907,740,302,438,1043,425,618,1346,549,797,1332,543,789
104,64,4657,2535,2122,3710,1969,1741,3058,1561,1497,3641,1969,1672,3930,2057,1873,4661,2148,2513
104,118,13295,7269,6026,9034,4881,4153,4923,2672,2251,5424,3387,2037,5934,3730,2204,6690,4171,2519
104,139,1296,686,610,1189,621,568,1253,644,609,1285,651,634,1438,725,713,1928,967,961
104,210,1622,807,815,1610,809,801,1608,817,791,1548,794,754,1705,878,827,2209,1141,1068
104,27,161,105,56,155,101,54,165,107,58,317,204,113,470,302,168,624,399,225
104,142,1219,542,677,1165,522,643,1083,488,595,856,383,473,824,370,454,755,341,414
104,191,10652,5359,5293,8891,4764,4127,9653,5358,4295,11554,6284,5270,18441,9963,8478,25070,13559,11511
104,34,201,112,89,253,144,109,305,177,128,349,195,154,392,212,180,407,219,188
104,81,123,70,53,123,75,48,137,79,58,193,116,77,192,118,74,228,141,87
104,89,102,85,17,117,100,17,126,108,18,229,189,40,355,289,66,395,322,73
104,117,252,150,102,246,146,100,242,143,99,109,77,32,50,27,23,12,7,5
104,130,50,22,28,53,26,27,54,29,25,54,30,24,54,31,23,54,32,22
104,44,430,279,151,480,310,170,530,342,188,579,363,216,629,385,244,642,383,259
104,106,940,479,461,1279,614,665,1579,729,850,2576,1173,1403,2731,1229,1502,2934,1308,1626
104,136,3,3,0,3,3,0,4,4,0,9,6,3,17,9,8,19,10,9
104,35,7,4,3,19,11,8,30,17,13,23,13,10,17,10,7,15,9,6
104,161,207,119,88,538,276,262,1020,506,514,1332,657,675,1705,825,880,1731,838,893
104,203,662,493,169,598,449,149,658,493,165,591,436,155,567,414,153,530,382,148
104,23,6,4,2,7,5,2,8,6,2,10,7,3,12,8,4,13,9,4
104,125,310,170,140,352,174,178,374,204,170,294,167,127,285,187,98,369,259,110
104,194,3,3,0,637,518,119,1273,883,390,2571,1288,1283,5236,2670,2566,5001,2408,2593
104,55,120,61,59,170,83,87,219,104,115,321,152,169,514,246,268,537,260,277
104,103,4617,2178,2439,4981,2294,2687,5066,2311,2755,5035,2267,2768,5066,2246,2820,5225,2302,2923
104,107,518,234,284,447,205,242,375,177,198,541,290,251,696,392,304,326,152,174
104,211,1958,1079,879,2298,1283,1015,2648,1490,1158,2728,1508,1220,2811,1526,1285,2853,1520,1333
104,18,10,9,1,17,15,2,24,21,3,23,20,3,21,18,3,24,21,3
104,31,113,82,31,312,207,105,511,333,178,791,518,273,1038,682,356,2379,1478,901
104,56,255,175,80,382,266,116,509,357,152,1467,1223,244,2305,2000,305,3205,2752,453
104,95,389,173,216,1499,896,603,2609,1619,990,3222,2021,1201,3835,2423,1412,4464,2833,1631
104,162,6091,3226,2865,5210,2723,2487,4457,2297,2160,7266,3880,3386,10304,5563,4741,9935,5419,4516
104,167,116,62,54,104,56,48,212,113,99,298,159,139,270,104,166,244,86,158
104,169,461,200,261,1436,1049,387,2335,1814,521,7152,4186,2966,11606,6675,4931,26380,14910,11470
104,170,1020,501,519,974,525,449,894,530,364,1391,849,542,1861,1152,709,1896,1170,726
104,187,41,27,14,793,571,222,1764,1271,493,1978,1434,544,2217,1616,601,2686,1977,709
104,59,2203,1570,633,2768,1942,826,3333,2315,1018,4199,2843,1356,5065,3371,1694,6370,4144,2226
104,73,504,385,119,655,501,154,806,618,188,1340,995,345,1874,1373,501,2840,1965,875
104,96,38,21,17,73,41,32,107,61,46,165,97,68,222,132,90,238,136,102
104,101,1296,773,523,1977,1155,822,3745,2237,1508,6259,3537,2722,7743,3911,3832,7910,3947,3963
104,114,16,8,8,36,22,14,57,36,21,189,128,61,317,216,101,265,180,85
104,120,40,23,17,45,26,19,35,21,14,200,138,62,338,233,105,286,195,91
104,153,1090,737,353,1157,754,403,1413,909,504,1561,1013,548,2279,1469,810,3971,2518,1453
104,199,4979,3387,1592,5909,4006,1903,6337,4282,2055,6597,4419,2178,7804,5119,2685,10242,6540,3702
104,218,88822,44154,44668,95453,47818,47635,103689,52163,51526,114731,58866,55865,135115,70903,64212,151790,78681,73109
104,1,11287,5573,5714,12200,6061,6139,13113,6549,6564,11069,5950,5119,9025,4851,4174,9851,5295,4556
104,4,109,58,51,130,69,61,151,80,71,349,185,164,527,278,249,430,227,203
104,26,165,69,96,189,79,110,213,90,123,128,53,75,117,49,68,105,44,61
104,52,2065,841,1224,1941,831,1110,1609,746,863,2365,1172,1193,3120,1598,1522,3140,1604,1536
104,83,12933,6235,6698,9328,4311,5017,5876,2367,3509,6159,2545,3614,6441,2722,3719,6303,2514,3789
104,127,665,378,287,778,447,331,968,606,362,1118,742,376,1364,913,451,1823,1253,570
104,163,985,529,456,1436,816,620,1946,1138,808,2372,1390,982,2405,1414,991,2640,1507,1133
104,178,2986,1595,1391,3273,1805,1468,3540,2025,1515,3714,2147,1567,3829,2258,1571,4143,2384,1759
104,182,51,16,35,540,211,329,1224,570,654,2013,1080,933,1968,1055,913,1923,1029,894
104,188,4654,2015,2639,3670,1614,2056,2692,1198,1494,3707,1696,2011,4688,2275,2413,3665,2042,1623
104,193,12204,7415,4789,16048,9924,6124,26797,16867,9930,47475,29544,17931,87330,54205,33125,100304,60716,39588
104,204,39,16,23,36,15,21,34,14,20,34,14,20,35,14,21,37,15,22
104,12,18566,7824,10742,20946,9025,11921,23325,10226,13099,24376,11522,12854,25426,12818,12608,29738,15072,14666
104,19,242108,134490,107618,222323,122919,99404,196101,108163,87938,169649,92343,77306,164231,89408,74823,175322,95685,79637
104,74,521793,258913,262880,538661,262716,275945,555528,266519,289009,373839,180965,192874,339830,159536,180294,367593,171935,195658
104,80,486516,303657,182859,492300,302511,189789,498084,301365,196719,449376,272167,177209,400667,242969,157698,414476,251343,163133
104,119,806,500,306,1148,694,454,1471,871,600,1185,717,468,878,569,309,880,558,322
104,121,12479,7069,5410,14300,7627,6673,16274,8277,7997,14814,7532,7282,13517,6868,6649,20657,10638,10019
104,135,3886,2233,1653,4180,2406,1774,4480,2583,1897,4430,2510,1920,4443,2471,1972,4424,2469,1955
104,145,14055,9777,4278,15067,10399,4668,16607,11372,5235,17574,11680,5894,20152,13068,7084,24402,15436,8966
104,200,208147,117155,90992,191945,110871,81074,176442,105227,71215,198947,114787,84160,225317,118673,106644,264786,148166,116620
104,7,49,24,25,54,26,28,59,29,30,64,32,32,68,34,34,72,36,36
104,14,78,52,26,86,54,32,94,57,37,120,77,43,146,97,49,158,105,53
104,25,24,17,7,49,34,15,75,52,23,79,55,24,15,8,7,17,10,7
104,38,29,25,4,62,54,8,95,82,13,90,78,12,85,74,11,83,73,10
104,53,492,359,133,373,268,105,254,177,77,253,177,76,231,162,69,208,146,62
104,62,6960,4969,1991,7731,5466,2265,8501,5962,2539,6070,4277,1793,3595,2561,1034,3795,2703,1092
104,86,143,69,74,192,91,101,240,112,128,294,135,159,348,159,189,361,163,198
104,92,1227,866,361,1444,1025,419,1661,1185,476,1959,1402,557,2257,1620,637,2541,1827,714
104,129,37,18,19,55,26,29,74,35,39,77,36,41,81,37,44,86,39,47
104,164,483,229,254,448,213,235,416,198,218,325,154,171,195,91,104,192,90,102
104,174,7,3,4,9,4,5,13,6,7,15,8,7,16,8,8,16,8,8
104,50,1408,856,552,1214,755,459,1626,1012,614,1065,658,407,2100,1300,800,2184,1348,836
104,65,391,275,116,312,215,97,233,156,77,252,165,87,270,173,97,282,181,101
104,88,325,175,150,279,163,116,232,151,81,276,188,88,320,226,94,368,261,107
104,94,198,150,48,196,147,49,194,144,50,190,142,48,186,140,46,191,144,47
104,133,3503,2118,1385,4434,2730,1704,5558,3470,2088,4972,3201,1771,4964,3306,1658,4936,3285,1651
104,148,187,124,63,149,98,51,155,111,44,166,127,39,177,136,41,190,146,44
104,157,454,284,170,500,314,186,578,363,215,829,554,275,1121,777,344,1318,913,405
104,8,336040,163819,172221,273401,131547,141854,210762,99276,111486,171388,78151,93237,132014,57027,74987,152338,65756,86582
104,24,883,479,404,894,507,387,896,530,366,1062,620,442,1226,710,516,1427,826,601
104,28,70081,38009,32072,62623,34167,28456,55164,30324,24840,46336,26203,20133,36843,21682,15161,44366,26109,18257
104,42,4422,2504,1918,4061,2261,1800,3699,2017,1682,2999,1809,1190,2299,1601,698,3780,2308,1472
104,46,2660,1689,971,2565,1637,928,2470,1585,885,2343,1515,828,2621,1718,903,2808,1850,958
104,63,1252,752,500,1424,849,575,1595,946,649,1882,1132,750,2644,1564,1080,3845,2263,1582
104,75,108,58,50,120,61,59,132,65,67,125,60,65,117,55,62,118,55,63
104,159,699,415,284,845,513,332,990,609,381,943,581,362,898,553,345,876,539,337
104,160,2393,1325,1068,2088,1145,943,2440,1343,1097,2855,1578,1277,3095,1718,1377,3345,1863,1482
104,222,15780,6051,9729,14943,7070,7873,13403,7350,6053,12369,6780,5589,11049,6161,4888,10051,5669,4382
104,225,64792,40837,23955,57175,35453,21722,49982,30443,19539,49767,30862,18905,49467,31216,18251,51068,31971,19097
104,22,81,56,25,79,52,27,76,47,29,74,41,33,72,35,37,73,36,37
104,37,337392,164251,173141,322392,156243,166149,315058,151986,163072,275657,135688,139969,252815,127917,124898,282537,142869,139668
104,220,580592,255422,325170,516410,227516,288894,473338,209830,263508,426383,190149,236234,384655,167862,216793,376130,163521,212609
104,11,271095,145172,125923,260694,138080,122614,234070,123830,110240,220570,115080,105490,204700,105590,99110,210061,108200,101861
104,147,425,231,194,566,298,268,1400,681,719,1471,714,757,1771,858,913,2044,989,1055
104,146,231,169,62,267,194,73,304,220,84,324,236,88,344,251,93,361,264,97
104,76,132,104,28,144,113,31,155,121,34,162,127,35,156,123,33,148,117,31
104,36,0,0,0,0,0,0,0,0,0,511,292,219,407,241,166,390,207,183
104,68,0,0,0,0,0,0,0,0,0,0,0,0,295,214,81,274,199,75
104,137,0,0,0,0,0,0,0,0,0,0,0,0,186,53,133,209,61,148
104,54,0,0,0,0,0,0,0,0,0,0,0,0,22,16,6,23,17,6
105,191,192,51,141,119,39,80,81,34,47,96,39,57,154,62,92,197,80,117
105,55,4,2,2,6,3,3,7,3,4,10,4,6,16,6,10,17,7,10
105,31,1,0,1,2,0,2,3,1,2,5,2,3,6,3,3,5,2,3
105,56,1,1,0,2,1,1,3,2,1,7,4,3,11,7,4,16,9,7
105,95,4,3,1,12,8,4,19,12,7,25,17,8,30,21,9,30,16,14
105,59,74,32,42,103,50,53,132,68,64,144,70,74,155,72,83,174,76,98
105,73,21,16,5,25,17,8,29,19,10,44,27,17,58,34,24,92,53,39
105,96,5,2,3,7,3,4,9,4,5,13,4,9,17,5,12,20,7,13
105,101,23,8,15,64,20,44,139,45,94,139,50,89,117,37,80,120,37,83
105,114,0,0,0,0,0,0,0,0,0,0,0,0,1,1,0,0,0,0
105,153,44,17,27,54,24,30,73,27,46,116,51,65,145,69,76,158,74,84
105,199,153,91,62,181,106,75,195,114,81,222,131,91,280,168,112,350,219,131
105,218,138898,67029,71869,139059,65648,73411,141559,65181,76378,141923,63763,78160,153842,68292,85550,172829,75425,97404
105,83,72,40,32,68,37,31,65,33,32,39,19,20,12,4,8,12,4,8
105,104,38,13,25,106,33,73,173,53,120,260,97,163,346,140,206,346,136,210
105,163,7,4,3,16,8,8,26,12,14,26,14,12,23,14,9,26,15,11
105,193,20,7,13,31,12,19,378,167,211,182,79,103,262,122,140,282,134,148
105,12,115,49,66,130,57,73,144,64,80,161,69,92,178,75,103,208,89,119
105,19,90,33,57,90,33,57,87,32,55,104,41,63,115,47,68,126,59,67
105,74,463,185,278,478,186,292,493,188,305,732,274,458,479,176,303,518,189,329
105,80,701,314,387,985,406,579,1269,498,771,1738,722,1016,2206,945,1261,2282,978,1304
105,145,392,153,239,577,217,360,784,289,495,862,326,536,823,320,503,930,385,545
105,200,430,185,245,491,230,261,554,275,279,612,284,328,682,266,416,801,347,454
105,6,220,128,92,292,167,125,363,205,158,418,236,182,455,258,197,488,277,211
105,7,386,185,201,1832,642,1190,3278,1099,2179,3515,1176,2339,3752,1253,2499,3990,1331,2659
105,10,162,24,138,439,125,314,715,226,489,719,231,488,709,231,478,746,243,503
105,14,2792,746,2046,3282,1020,2262,3773,1295,2478,5349,1715,3634,6925,2136,4789,7503,2276,5227
105,17,622,197,425,679,223,456,736,248,488,839,287,552,947,328,619,994,344,650
105,25,450,189,261,938,392,546,1426,595,831,1519,634,885,347,165,182,394,187,207
105,29,272,114,158,320,129,191,368,145,223,422,166,256,475,187,288,528,208,320
105,38,3751,1636,2115,5602,2459,3143,7454,3283,4171,8468,4026,4442,9467,4771,4696,9351,4703,4648
105,53,656,322,334,497,233,264,338,145,193,336,145,191,307,133,174,276,119,157
105,61,47,16,31,62,21,41,74,26,48,91,31,60,111,38,73,129,44,85
105,62,421,283,138,468,311,157,514,338,176,321,216,105,126,92,34,133,97,36
105,85,65,32,33,85,42,43,105,52,53,109,54,55,114,56,58,115,57,58
105,164,84,40,44,88,42,46,94,45,49,73,35,38,44,21,23,43,20,23
105,173,62,29,33,82,39,43,116,56,60,128,62,66,138,68,70,141,70,71
105,174,78,31,47,105,43,62,144,59,85,167,68,99,177,72,105,187,76,111
105,176,111,58,53,115,57,58,119,59,60,121,60,61,123,61,62,125,62,63
105,186,0,0,0,0,0,0,0,0,0,1134,487,647,2269,974,1295,2364,1013,1351
105,209,811,394,417,736,357,379,798,392,406,856,420,436,1445,748,697,1497,787,710
105,221,260,116,144,305,136,169,352,157,195,362,163,199,373,169,204,373,169,204
105,20,445,260,185,424,253,171,403,246,157,412,251,161,421,256,165,489,296,193
105,50,356,171,185,209,99,110,166,72,94,109,47,62,214,91,123,223,94,129
105,65,16,9,7,13,7,6,9,5,4,10,6,4,10,6,4,10,6,4
105,94,20,16,4,20,16,4,20,16,4,20,16,4,19,16,3,20,17,3
105,133,116,24,92,115,36,79,121,51,70,116,59,57,126,75,51,174,111,63
105,148,39,23,16,31,18,13,24,15,9,18,12,6,19,13,6,20,14,6
105,157,942,394,548,724,305,419,553,233,320,559,252,307,593,288,305,697,337,360
105,8,27,27,0,26,26,0,25,25,0,18,18,0,11,11,0,11,11,0
105,24,5,3,2,4,2,2,2,1,1,4,2,2,6,4,2,7,5,2
105,28,24,24,0,41,30,11,57,36,21,98,77,21,137,116,21,165,140,25
105,42,14,6,8,18,10,8,21,13,8,17,11,6,13,10,3,23,17,6
105,46,96,49,47,81,42,39,66,35,31,56,31,25,56,33,23,60,36,24
105,63,13,6,7,15,7,8,16,7,9,19,9,10,26,12,14,37,17,20
105,91,83,44,39,124,66,58,165,89,76,209,113,96,252,137,115,295,160,135
105,225,220,94,126,167,75,92,126,59,67,111,50,61,98,42,56,95,41,54
105,22,316,98,218,374,125,249,432,153,279,517,235,282,601,317,284,609,322,287
105,37,98288,47849,50439,108174,52392,55782,120632,58193,62439,119447,53785,65662,125438,52786,72652,140185,58941,81244
105,220,334140,145948,188192,435091,190580,244511,553827,243779,310048,594197,263138,331059,641849,278069,363780,712830,307636,405194
105,11,662,321,341,830,427,403,950,510,440,1020,520,500,1110,590,520,1287,674,613
105,68,0,0,0,0,0,0,0,0,0,0,0,0,2,1,1,2,1,1
105,54,0,0,0,0,0,0,0,0,0,0,0,0,1197,348,849,1300,379,921
106,131,23,12,11,14,6,8,15,3,12,11,3,8,8,3,5,9,4,5
106,215,71,51,20,69,49,20,215,139,76,213,138,75,212,137,75,210,136,74
106,230,146,99,47,137,93,44,129,88,41,113,78,35,100,50,50,88,45,43
106,77,10,5,5,12,6,6,15,8,7,17,9,8,19,10,9,21,11,10
106,64,1455,751,704,1105,566,539,843,426,417,1004,538,466,1084,562,522,1286,586,700
106,118,4156,2158,1998,2428,1264,1164,740,418,322,815,524,291,892,577,315,1005,645,360
106,142,168,63,105,160,61,99,150,56,94,118,44,74,113,42,71,103,39,64
106,191,1070,578,492,786,412,374,725,348,377,867,405,462,1385,641,744,1879,871,1008
106,34,2,0,2,3,0,3,4,1,3,3,1,2,1,1,0,1,1,0
106,81,30,18,12,30,19,11,33,20,13,46,29,17,46,30,16,55,36,19
106,89,27,12,15,31,16,15,33,17,16,60,25,35,93,36,57,103,40,63
106,184,7,3,4,6,2,4,5,1,4,4,1,3,3,0,3,3,1,2
106,43,4547,2665,1882,4732,2779,1953,4917,2892,2025,5424,3425,1999,5932,3959,1973,6826,4660,2166
106,44,9505,5210,4295,10608,5782,4826,11711,6355,5356,12786,6645,6141,13892,6952,6940,14185,6821,7364
106,57,180,98,82,173,94,79,166,91,75,179,98,81,191,104,87,210,115,95
106,136,122,64,58,134,74,60,149,85,64,229,126,103,336,193,143,369,205,164
106,166,4447,2390,2057,8709,3011,5698,15744,4950,10794,14118,4425,9693,18086,5057,13029,23912,7195,16717
106,30,83,49,34,138,82,56,192,114,78,196,117,79,200,120,80,204,123,81
106,35,58,36,22,152,94,58,246,152,94,192,121,71,138,90,48,125,83,42
106,98,12535,7733,4802,8293,5199,3094,4052,2666,1386,10237,6829,3408,17080,11061,6019,18391,11981,6410
106,124,5255,2919,2336,6016,3350,2666,7409,4083,3326,10825,6101,4724,15742,9101,6641,16450,9701,6749
106,161,2891,2061,830,4013,2536,1477,6249,3690,2559,9672,5682,3990,13537,7860,5677,13749,7992,5757
106,203,10091,6054,4037,9092,5625,3467,9971,6274,3697,8458,5344,3114,7553,4862,2691,6550,4303,2247
106,226,124,81,43,224,145,79,471,310,161,809,538,271,1542,991,551,1843,1178,665
106,16,9042,8099,943,9330,8306,1024,9618,8514,1104,11317,10039,1278,13016,11565,1451,13763,12244,1519
106,23,59,38,21,69,44,25,80,52,28,100,64,36,120,76,44,127,81,46
106,97,903,410,493,890,381,509,876,352,524,810,324,486,743,296,447,716,285,431
106,125,65,36,29,76,38,38,83,45,38,86,52,34,111,74,37,138,98,40
106,194,9,6,3,107,84,23,207,139,68,410,192,218,828,394,434,822,384,438
106,55,21,9,12,30,12,18,38,15,23,56,22,34,89,35,54,93,37,56
106,107,143,88,55,135,85,50,126,82,44,181,126,55,233,166,67,109,71,38
106,211,972,512,460,1415,676,739,1865,841,1024,1921,842,1079,1979,842,1137,2008,828,1180
106,31,26,13,13,44,22,22,61,31,30,88,46,42,111,58,53,142,72,70
106,56,48,26,22,72,39,33,95,52,43,758,385,373,1359,704,655,1528,771,757
106,95,271,120,151,595,288,307,919,456,463,1135,574,561,1351,693,658,1378,732,646
106,162,326,162,164,278,136,142,238,115,123,377,154,223,529,197,332,510,194,316
106,170,655,321,334,679,337,342,679,340,339,850,428,422,1005,507,498,1025,515,510
106,187,6,4,2,41,16,25,88,32,56,99,37,62,111,43,68,135,54,81
106,59,935,353,582,1129,401,728,1323,450,873,1525,503,1022,1726,556,1170,1922,616,1306
106,73,372,221,151,455,248,207,538,276,262,870,379,491,1201,482,719,1622,562,1060
106,96,17,5,12,31,10,21,44,15,29,66,23,43,88,32,56,99,33,66
106,101,102,35,67,282,90,192,616,208,408,618,233,385,518,171,347,529,170,359
106,114,4,1,3,6,2,4,9,4,5,12,5,7,15,6,9,12,5,7
106,120,14,7,7,15,7,8,11,5,6,20,11,9,28,16,12,24,13,11
106,153,826,320,506,867,321,546,926,335,591,962,345,617,1203,415,788,1395,473,922
106,199,1793,749,1044,2128,880,1248,2283,935,1348,2611,915,1696,2963,914,2049,3266,1002,2264
106,218,27561,12564,14997,31661,13434,18227,36294,14483,21811,34598,12812,21786,35720,12394,23326,40127,13570,26557
106,52,0,0,0,0,0,0,0,0,0,28,7,21,56,14,42,56,14,42
106,83,1185,531,654,863,349,514,555,163,392,538,143,395,520,122,398,509,103,406
106,104,13179,4691,8488,10155,3420,6735,7130,2149,4981,7707,2303,5404,8284,2457,5827,8285,2353,5932
106,127,15,2,13,18,2,16,23,4,19,28,5,23,43,8,35,53,12,41
106,163,81,38,43,175,81,94,278,128,150,300,132,168,273,115,158,300,119,181
106,182,4,2,2,29,13,16,40,17,23,40,17,23,40,17,23,39,17,22
106,188,8,4,4,16,7,9,25,10,15,34,16,18,78,39,39,90,43,47
106,193,1640,782,858,2027,974,1053,3286,1612,1674,5083,2188,2895,5638,2246,3392,6128,2291,3837
106,12,1636,483,1153,1846,567,1279,2055,650,1405,2297,689,1608,2539,728,1811,2970,863,2107
106,19,2808,1471,1337,3265,1645,1620,3628,1778,1850,3980,1850,2130,4520,2082,2438,4974,2195,2779
106,74,18064,6710,11354,18648,6730,11918,19232,6750,12482,18116,5904,12212,19762,5566,14196,21377,5971,15406
106,80,24560,12816,11744,27918,13273,14645,31276,13731,17545,31628,13017,18611,31979,12302,19677,33081,12726,20355
106,121,336,157,179,290,132,158,249,110,139,215,102,113,185,96,89,282,147,135
106,145,4076,2014,2062,4799,2325,2474,5687,2706,2981,6138,2804,3334,5869,2572,3297,5835,2566,3269
106,200,3892,1392,2500,4434,1625,2809,4993,1873,3120,5673,1952,3721,6464,1720,4744,7596,2409,5187
106,7,2,1,1,10,5,5,17,8,9,18,8,10,19,9,10,20,9,11
106,14,5,3,2,22,6,16,39,10,29,36,9,27,32,7,25,35,8,27
106,25,76,38,38,159,79,80,242,120,122,257,127,130,26,19,7,29,22,7
106,38,7,5,2,15,11,4,23,16,7,21,15,6,20,14,6,19,14,5
106,62,1256,691,565,1395,752,643,1534,814,720,934,491,443,327,165,162,345,174,171
106,92,221,119,102,261,142,119,300,165,135,354,196,158,408,228,180,459,257,202
106,164,163,77,86,172,82,90,182,86,96,142,67,75,85,39,46,83,39,44
106,174,11,2,9,14,3,11,20,4,16,23,5,18,25,5,20,26,5,21
106,50,207,121,86,169,99,70,216,125,91,142,82,60,279,160,119,290,166,124
106,65,40,31,9,38,28,10,35,25,10,44,31,13,52,36,16,54,37,17
106,88,84,36,48,89,44,45,94,53,41,111,66,45,128,80,48,147,93,54
106,94,106,60,46,105,58,47,103,55,48,101,54,47,99,54,45,102,56,46
106,133,3096,1676,1420,3647,1858,1789,4356,2130,2226,3478,1719,1759,3004,1511,1493,2988,1504,1484
106,148,54,36,18,43,28,15,39,26,13,36,23,13,38,25,13,40,27,13
106,157,169,104,65,244,152,92,335,208,127,317,185,132,316,173,143,372,204,168
106,8,5812,2915,2897,5181,2585,2596,4550,2255,2295,4205,2052,2153,3859,1849,2010,4453,2132,2321
106,24,1401,741,660,1455,761,694,1493,772,721,1461,752,709,1426,731,695,1660,851,809
106,28,86768,45342,41426,78935,40959,37976,71102,36576,34526,60300,30950,29350,48633,24846,23787,58564,29920,28644
106,42,645,407,238,722,428,294,798,449,349,647,400,247,496,351,145,815,509,306
106,46,515,300,215,546,318,228,576,335,241,575,336,239,674,400,274,722,431,291
106,63,245,142,103,275,159,116,305,177,128,360,212,148,505,292,213,734,422,312
106,159,2648,1424,1224,2448,1304,1144,2240,1172,1068,2133,1116,1017,2032,1061,971,1983,1035,948
106,160,2398,1216,1182,2093,1049,1044,2446,1231,1215,2862,1448,1414,3102,1577,1525,3353,1711,1642
106,225,763,452,311,590,348,242,452,264,188,408,240,168,369,219,150,359,212,147
106,22,109,78,31,188,75,113,266,72,194,466,241,225,665,410,255,674,416,258
106,37,11783,5736,6047,18672,9032,9640,26004,12544,13460,28340,11218,17122,32378,10611,21767,36185,11844,24341
106,220,290128,141913,148215,312447,153962,158485,347539,172809,174730,345849,172800,173049,348399,171066,177333,345026,168895,176131
106,11,21752,9991,11761,24485,12181,12304,25300,9580,15720,33120,11440,21680,40290,14110,26180,53159,18412,34747
106,147,2145,852,1293,6324,2323,4001,8389,4078,4311,9154,4444,4710,9992,4843,5149,10670,5160,5510
106,158,263,145,118,269,147,122,201,108,93,301,211,90,255,182,73,258,186,72
106,189,101,85,16,100,84,16,96,80,16,61,47,14,31,18,13,29,17,12
106,87,2455,1147,1308,2451,1161,1290,2446,1174,1272,2264,1124,1140,2082,1075,1007,2100,1084,1016
106,134,66,38,28,59,38,21,55,32,23,51,29,22,49,28,21,48,28,20
106,152,715,463,252,730,448,282,791,443,348,811,428,383,599,294,305,536,262,274
106,156,69,49,20,118,78,40,290,182,108,163,89,74,156,82,74,152,78,74
106,76,21,10,11,23,11,12,25,11,14,26,12,14,25,12,13,23,11,12
106,177,26,21,5,45,36,9,65,52,13,60,48,12,53,42,11,51,41,10
106,208,50,29,21,56,31,25,66,38,28,77,45,32,92,52,40,110,58,52
106,68,0,0,0,0,0,0,0,0,0,0,0,0,55,28,27,51,26,25
106,54,0,0,0,0,0,0,0,0,0,0,0,0,120,56,64,130,61,69
107,2,2286,1236,1050,2272,1234,1038,2258,1233,1025,3182,1738,1444,4106,2243,1863,4063,2220,1843
107,64,3386,1768,1618,3473,1826,1647,3836,2029,1807,4567,2549,2018,4929,2668,2261,5846,2813,3033
107,118,9668,5073,4595,12240,7293,4947,15015,9750,5265,16545,11779,4766,18101,12947,5154,20408,14518,5890
107,191,54,24,30,34,17,17,24,14,10,28,17,11,45,26,19,56,33,23
107,98,4851,2330,2521,3209,1585,1624,1568,840,728,6000,3592,2408,10818,6314,4504,11648,6851,4797
107,161,182,171,11,102,92,10,51,37,14,110,80,30,175,126,49,177,128,49
107,194,3,2,1,34,27,7,67,45,22,134,62,72,271,127,144,269,124,145
107,15,3442,2070,1372,4019,2468,1551,4609,2853,1756,7772,4910,2862,12651,8060,4591,14493,9155,5338
107,55,110,71,39,156,98,58,201,125,76,294,182,112,471,294,177,492,309,183
107,100,7970,5522,2448,9397,5787,3610,8905,4643,4262,10208,6695,3513,10309,6974,3335,10336,7507,2829
107,111,21348,9571,11777,18028,9422,8606,21710,13029,8681,24519,14830,9689,33444,20449,12995,50399,28119,22280
107,115,1380,554,826,1196,473,723,1012,393,619,793,328,465,573,262,311,482,232,250
107,154,4527,2639,1888,8732,5409,3323,10484,7021,3463,8331,5396,2935,7523,4775,2748,17005,10904,6101
107,165,10999,5758,5241,13371,6857,6514,13750,6968,6782,14466,8856,5610,26916,20955,5961,32217,25552,6665
107,180,90278,60052,30226,92523,61707,30816,95064,63536,31528,117432,80731,36701,152257,107164,45093,182152,124081,58071
107,195,55317,25066,30251,54057,24347,29710,52798,23628,29170,54528,23380,31148,56259,23133,33126,55709,22830,32879
107,211,217,143,74,525,339,186,836,535,301,863,546,317,891,556,335,918,565,353
107,217,26078,15576,10502,35757,22664,13093,47494,30900,16594,63626,41156,22470,141838,94436,47402,167585,110960,56625
107,18,13,13,0,22,21,1,30,29,1,29,28,1,28,27,1,30,29,1
107,31,83,74,9,94,82,12,105,90,15,133,114,19,156,133,23,193,151,42
107,56,25,22,3,38,33,5,51,44,7,104,88,16,149,127,22,172,139,33
107,95,350,264,86,310,232,78,270,201,69,333,249,84,396,297,99,350,266,84
107,162,223,194,29,190,165,25,163,141,22,150,131,19,142,125,17,137,120,17
107,169,261,202,59,527,425,102,765,617,148,858,672,186,909,714,195,58,49,9
107,170,1555,763,792,1300,798,502,999,805,194,909,740,169,801,660,141,816,672,144
107,187,9,8,1,19,16,3,36,30,6,41,34,7,46,38,8,56,46,10
107,216,4486,4378,108,4340,4239,101,4247,4150,97,3880,3792,88,3702,3619,83,3714,3631,83
107,59,579,363,216,773,472,301,967,582,385,1055,617,438,1143,653,490,1216,689,527
107,73,58,54,4,88,74,14,118,95,23,181,131,50,243,167,76,329,205,124
107,96,0,0,0,6,2,4,12,5,7,12,5,7,12,5,7,14,6,8
107,101,22,13,9,60,33,27,131,74,57,131,77,54,109,61,48,111,61,50
107,114,3,2,1,5,4,1,7,6,1,7,6,1,7,6,1,5,5,0
107,153,48,31,17,74,47,27,109,68,41,148,84,64,301,170,131,414,217,197
107,199,839,478,361,995,564,431,1068,602,466,1556,869,687,2848,1704,1144,3755,2226,1529
107,218,2469,1573,896,2712,1698,1014,3001,1849,1152,4145,2556,1589,5627,3485,2142,6321,3884,2437
107,52,0,0,0,0,0,0,0,0,0,34,30,4,68,60,8,68,60,8
107,83,2473,2153,320,1630,1376,254,813,616,197,822,619,203,831,622,209,813,600,213
107,104,5005,4155,850,3989,3082,907,2973,2010,963,2982,2093,889,2990,2176,814,2991,2162,829
107,127,12,11,1,15,13,2,19,17,2,23,19,4,37,31,6,46,39,7
107,163,3,3,0,6,6,0,11,10,1,19,14,5,25,16,9,28,17,11
107,182,12,10,2,77,61,16,105,82,23,104,81,23,102,79,23,99,77,22
107,188,8,4,4,16,13,3,25,21,4,59,46,13,77,63,14,63,53,10
107,193,910,719,191,1069,841,228,1689,1330,359,1976,1504,472,2099,1575,524,2261,1637,624
107,12,412,286,126,465,325,140,518,365,153,579,403,176,640,442,198,749,519,230
107,19,203,134,69,118,76,42,29,15,14,246,161,85,342,202,140,487,295,192
107,74,940,639,301,971,655,316,1001,670,331,1173,689,484,1334,885,449,1443,956,487
107,80,12527,9231,3296,11543,8218,3325,10558,7205,3353,11400,7547,3853,12241,7889,4352,12663,8161,4502
107,145,389,249,140,572,360,212,777,485,292,899,541,358,891,527,364,923,530,393
107,200,279,175,104,366,231,135,456,288,168,515,319,196,585,338,247,687,417,270
107,164,175,83,92,185,88,97,196,93,103,153,73,80,92,43,49,90,43,47
107,50,8,6,2,6,4,2,8,6,2,5,4,1,11,8,3,11,8,3
107,94,31,17,14,31,16,15,30,15,15,30,15,15,29,15,14,30,16,14
107,133,35,35,0,48,39,9,64,44,20,49,36,13,41,32,9,55,44,11
107,148,13,11,2,11,9,2,17,12,5,24,14,10,25,15,10,26,16,10
107,157,43,30,13,61,43,18,84,58,26,90,63,27,101,72,29,119,84,35
107,8,160,101,59,156,99,57,152,97,55,113,73,40,73,49,24,73,49,24
107,24,20,13,7,17,12,5,13,11,2,14,12,2,14,12,2,16,14,2
107,42,139,73,66,111,61,50,83,50,33,68,44,24,52,38,14,84,54,30
107,46,237,157,80,209,145,64,180,133,47,160,123,37,167,135,32,179,145,34
107,63,24,19,5,27,21,6,30,24,6,35,28,7,49,40,9,71,58,13
107,160,27,21,6,24,18,6,29,21,8,35,25,10,37,27,10,39,29,10
107,225,462,272,190,350,213,137,264,165,99,235,144,91,209,124,85,200,119,81
107,37,2025,986,1039,3524,1704,1820,5106,2463,2643,7275,3835,3440,9880,5446,4434,11042,6084,4958
107,220,31871,20409,11462,38544,24792,13752,46794,30232,16562,53805,34853,18952,61477,37247,24230,64868,39227,25641
107,11,2175,1184,991,2918,1606,1312,3490,1940,1550,4200,2380,1820,5270,3010,2260,6287,3485,2802
107,28,0,0,0,0,0,0,0,0,0,522,377,145,1045,754,291,1258,908,350
107,68,0,0,0,0,0,0,0,0,0,0,0,0,4,3,1,4,3,1
108,64,142,50,92,143,64,79,155,82,73,185,103,82,200,108,92,237,114,123
108,118,403,141,262,492,291,201,591,452,139,651,526,125,712,577,135,802,648,154
108,112,38405,16118,22287,31791,13097,18694,24682,9873,14809,19819,7845,11974,14657,5702,8955,12940,4990,7950
108,202,1101,484,617,951,450,501,889,463,426,857,410,447,876,385,491,868,376,492
108,212,31036,13965,17071,25289,11298,13991,20198,8955,11243,19694,8966,10728,18300,8592,9708,18152,8672,9480
108,223,30344,13086,17258,25111,10679,14432,20868,8728,12140,18166,7782,10384,14700,6531,8169,13194,5969,7225
108,136,528,247,281,583,288,295,644,333,311,384,189,195,170,88,82,187,93,94
108,166,97,68,29,608,416,192,1314,910,404,1026,650,376,1145,624,521,2065,1023,1042
108,97,1408,73,1335,2052,88,1964,2696,103,2593,2491,89,2402,2286,76,2210,2204,71,2133
108,9,787,179,608,835,215,620,913,251,662,604,180,424,503,162,341,849,286,563
108,13,4940,1837,3103,4336,1777,2559,4370,1754,2616,4147,1588,2559,3797,1539,2258,3621,1514,2107
108,55,59,24,35,84,32,52,108,40,68,158,58,100,253,95,158,265,102,163
108,79,21017,9244,11773,17483,7516,9967,13948,5788,8160,12744,5288,7456,11617,4821,6796,10763,4473,6290
108,103,6279,2866,3413,8001,3607,4394,9275,4193,5082,11179,5076,6103,13218,6008,7210,13632,6160,7472
108,107,3,1,2,14,4,10,25,8,17,36,14,22,46,19,27,21,6,15
108,211,1209,577,632,2926,1333,1593,4654,2090,2564,4795,2094,2701,4941,2095,2846,5015,2061,2954
108,18,81148,38716,42432,76868,36862,40006,72587,35008,37579,71580,34514,37066,70573,34020,36553,69957,33739,36218
108,31,89,26,63,271,80,191,452,133,319,705,220,485,929,298,631,1122,378,744
108,56,454,220,234,682,341,341,909,462,447,2909,1420,1489,4671,2333,2338,6307,3207,3100
108,95,469,229,240,416,199,217,362,169,193,447,213,234,532,258,274,520,221,299
108,162,4778,2252,2526,4087,1893,2194,3496,1590,1906,4071,1848,2223,4775,2149,2626,4604,2103,2501
108,167,20541,8700,11841,13830,6143,7687,8989,3958,5031,6310,2937,3373,5719,2196,3523,5183,1833,3350
108,169,0,0,0,0,0,0,0,0,0,0,0,0,0,0,0,35,17,18
108,170,2349697,1153024,1196673,2506132,1209241,1296891,2571681,1222091,1349590,2568446,1204356,1364090,2512343,1162664,1349679,2560269,1177958,1382311
108,187,21,6,15,78,32,46,158,67,91,178,77,101,199,88,111,242,110,132
108,216,330947,141810,189137,290731,127108,163623,254065,113958,140107,232148,104305,127843,221504,99692,121812,222245,100195,122050
108,59,38,9,29,41,10,31,43,10,33,96,30,66,148,49,99,211,71,140
108,68,7616,3775,3841,5712,2714,2998,3808,1653,2155,3968,1741,2227,4095,1806,2289,3803,1675,2128
108,73,0,0,0,22,10,12,44,21,23,108,46,62,172,72,100,303,114,189
108,96,0,0,0,1,0,1,1,0,1,8,1,7,15,2,13,20,5,15
108,101,50,23,27,138,61,77,301,138,163,302,149,153,254,116,138,259,116,143
108,114,528,331,197,4627,2205,2422,8726,4079,4647,7993,3711,4282,7058,3185,3873,5919,2632,3287
108,120,13109,6573,6536,8354,4205,4149,6544,3288,3256,6388,3157,3231,5366,2434,2932,4541,2005,2536
108,153,0,0,0,6,3,3,46,6,40,292,96,196,649,238,411,896,320,576
108,199,135,43,92,161,51,110,173,54,119,605,224,381,1227,475,752,1892,799,1093
108,218,121,61,60,480,176,304,848,294,554,2731,1017,1714,4837,1840,2997,5432,2022,3410
108,52,0,0,0,0,0,0,0,0,0,34,7,27,67,13,54,67,13,54
108,83,3531,1955,1576,13744,6680,7064,24182,11386,12796,25878,12064,13814,27573,12741,14832,26982,11869,15113
108,104,50,18,32,296,30,266,542,42,500,2196,344,1852,3850,647,3203,3851,590,3261
108,163,27,18,9,58,39,19,92,61,31,469,258,211,769,412,357,845,437,408
108,182,11,2,9,75,16,59,103,21,82,102,20,82,100,19,81,97,18,79
108,188,4,2,2,7,3,4,12,4,8,10,1,9,48,10,38,81,33,48
108,193,8,5,3,20,7,13,43,13,30,420,186,234,1184,496,688,1797,721,1076
108,12,608,230,378,686,266,420,763,302,461,853,325,528,943,349,594,1103,412,691
108,19,45,22,23,38,19,19,29,15,14,954,388,566,2088,897,1191,2784,1253,1531
108,74,436,191,245,450,192,258,464,194,270,1897,703,1194,2388,971,1417,2583,1045,1538
108,80,10199,4980,5219,248645,105848,142797,487090,206715,280375,735028,337260,397768,982965,467805,515160,1016844,483928,532916
108,145,4,4,0,5,5,0,8,5,3,90,43,47,126,64,62,228,112,116
108,200,224,76,148,794,350,444,1368,627,741,1689,743,946,2044,784,1260,2402,1025,1377
108,62,3,3,0,4,4,0,4,4,0,7,4,3,10,5,5,11,6,5
108,50,5,0,5,4,0,4,4,0,4,3,0,3,5,0,5,5,0,5
108,24,0,0,0,1,1,0,2,2,0,11,5,6,20,8,12,23,9,14
108,42,5,1,4,6,2,4,7,3,4,6,3,3,4,2,2,7,1,6
108,37,3661,1782,1879,3676,1781,1895,3779,1823,1956,6361,2993,3368,9326,4353,4973,10422,4861,5561
108,220,5816,2845,2971,7335,3619,3716,9154,4552,4602,10851,5422,5429,12682,6228,6454,25304,12389,12915
108,11,297,132,165,353,144,209,390,150,240,690,240,450,1220,470,750,1698,641,1057
108,28,0,0,0,0,0,0,0,0,0,12,0,12,24,0,24,29,0,29
109,33,186,104,82,216,122,94,202,115,87,502,283,219,847,477,370,1032,582,450
109,47,87,40,47,86,39,47,85,38,47,81,36,45,77,34,43,76,34,42
109,67,187,125,62,202,121,81,217,117,100,281,157,124,345,197,148,351,203,148
109,171,955,555,400,1455,845,610,2218,1288,930,2617,1519,1098,2598,1508,1090,2581,1498,1083
109,183,25,8,17,178,55,123,331,102,229,348,113,235,366,125,241,411,129,282
109,192,0,0,0,0,0,0,0,0,0,0,0,0,9821,5648,4173,9558,5757,3801
109,215,33424,14665,18759,32852,13743,19109,43034,18951,24083,42707,18697,24010,43824,19193,24631,43512,19016,24496
109,219,33613,14402,19211,31740,13607,18133,30272,12971,17301,29010,12415,16595,27864,11899,15965,27247,11734,15513
109,230,433,276,157,328,210,118,249,159,90,364,233,131,536,294,242,785,389,396
109,64,131,101,30,112,81,31,101,67,34,120,82,38,130,87,43,154,96,58
109,118,375,291,84,307,215,92,246,145,101,271,180,91,298,199,99,335,222,113
109,196,6118,3145,2973,6241,3215,3026,6367,3287,3080,5860,3026,2834,2814,1453,1361,2575,1327,1248
109,27,122,68,54,179,96,83,254,133,121,395,204,191,538,276,262,715,363,352
109,142,1641,822,819,1569,791,778,1458,738,720,1152,580,572,1110,560,550,1017,516,501
109,191,2140,1325,815,3911,2022,1889,6792,3219,3573,8143,3750,4393,13039,5944,7095,17686,8075,9611
109,81,8,6,2,8,6,2,9,7,2,13,10,3,13,10,3,15,11,4
109,161,4,3,1,122,57,65,275,125,150,160,74,86,53,24,29,53,24,29
109,97,8170,3855,4315,5541,2625,2916,2912,1396,1516,2691,1287,1404,2469,1177,1292,2380,1133,1247
109,55,21,11,10,30,15,15,38,19,19,56,28,28,89,45,44,93,47,46
109,211,42,28,14,101,66,35,162,104,58,166,105,61,171,107,64,173,107,66
109,31,2,1,1,4,2,2,6,3,3,9,4,5,11,5,6,17,10,7
109,56,11,7,4,16,10,6,21,14,7,52,36,16,78,55,23,88,59,29
109,95,18,11,7,39,21,18,60,32,28,74,40,34,88,48,40,107,62,45
109,162,75,42,33,64,36,28,55,30,25,58,32,26,63,33,30,61,33,28
109,170,394,193,201,381,203,178,355,205,150,403,251,152,443,292,151,451,297,154
109,187,1,1,0,7,4,3,16,7,9,18,8,10,20,9,11,25,11,14
109,59,609,289,320,803,372,431,996,454,542,1203,529,674,1410,604,806,1603,674,929
109,70,2,2,0,2,2,0,2,2,0,2,2,0,5,3,2,15,7,8
109,73,98,59,39,139,78,61,180,97,83,559,282,277,938,468,470,1556,715,841
109,96,10,4,6,17,7,10,23,10,13,38,11,27,53,13,40,110,42,68
109,101,93,40,53,257,105,152,562,239,323,563,259,304,472,198,274,482,199,283
109,114,0,0,0,0,0,0,0,0,0,1,0,1,3,1,2,2,1,1
109,153,489,269,220,618,308,310,827,398,429,1087,493,594,1504,652,852,1950,794,1156
109,199,995,445,550,1181,524,657,1267,557,710,1617,686,931,2424,1026,1398,3616,1541,2075
109,218,109722,56485,53237,116551,59323,57228,125340,63010,62330,124826,61326,63500,134474,65247,69227,151073,72254,78819
109,83,480,388,92,419,261,158,365,136,229,415,163,252,464,190,274,454,175,279
109,104,134,46,88,592,196,396,1050,347,703,2345,907,1438,3640,1467,2173,3641,1429,2212
109,127,18,8,10,22,10,12,27,13,14,34,16,18,31,10,21,38,13,25
109,163,43,18,25,94,40,54,150,63,87,130,59,71,90,46,44,98,47,51
109,188,5,3,2,10,5,5,16,7,9,18,8,10,17,6,11,26,13,13
109,193,230,100,130,303,134,169,507,230,277,787,302,485,1327,437,890,1555,466,1089
109,12,542,176,366,611,205,406,680,234,446,760,249,511,840,265,575,982,313,669
109,19,242,100,142,241,99,142,234,97,137,350,140,210,494,197,297,824,338,486
109,74,947,315,632,978,315,663,1008,314,694,1328,568,760,1616,481,1135,1748,516,1232
109,80,1361,698,663,2966,1058,1908,4570,1418,3152,9552,2653,6899,14533,3887,10646,15034,4021,11013
109,145,999,481,518,1355,636,719,1759,812,947,2122,945,1177,2531,1102,1429,2971,1279,1692
109,200,1576,726,850,1939,906,1033,2310,1092,1218,2581,1143,1438,2904,1081,1823,3412,1419,1993
109,14,6,3,3,5,2,3,5,3,2,12,5,7,19,7,12,21,8,13
109,38,11,3,8,24,6,18,38,10,28,36,10,26,34,9,25,33,9,24
109,50,4,4,0,4,4,0,6,6,0,4,4,0,8,8,0,8,8,0
109,133,69,11,58,46,10,36,26,10,16,43,23,20,65,38,27,87,54,33
109,8,6,2,4,6,2,4,6,2,4,4,1,3,2,0,2,2,0,2
109,24,2,0,2,6,2,4,9,4,5,11,4,7,12,4,8,14,5,9
109,42,8,5,3,14,8,6,19,11,8,16,10,6,12,9,3,20,14,6
109,37,15914,7748,8166,17967,8702,9265,20447,9864,10583,22057,10448,11609,24991,11689,13302,27929,13054,14875
109,220,14371,7416,6955,26975,14054,12921,40682,21306,19376,62649,32954,29695,85385,44215,41170,105467,54465,51002
109,11,4680,2478,2202,6121,3192,2929,7200,3730,3470,10890,5650,5240,15390,7760,7630,17850,8978,8872
109,147,270,129,141,327,159,168,1120,545,575,1443,701,742,1591,772,819,1714,829,885
109,28,0,0,0,0,0,0,0,0,0,22,1,21,45,3,42,54,3,51
109,68,0,0,0,0,0,0,0,0,0,0,0,0,2,2,0,2,2,0
110,31,1,1,0,2,1,1,3,2,1,4,2,2,5,3,2,4,2,2
110,56,1,1,0,1,1,0,1,1,0,1,0,1,1,0,1,1,0,1
110,59,3,1,2,3,1,2,2,0,2,2,0,2,1,0,1,1,0,1
110,73,0,0,0,0,0,0,0,0,0,0,0,0,0,0,0,0,0,0
110,101,0,0,0,0,0,0,0,0,0,0,0,0,0,0,0,0,0,0
110,218,24,15,9,95,46,49,168,77,91,159,66,93,163,61,102,182,66,116
110,104,21,7,14,16,4,12,11,1,10,8,1,7,5,2,3,5,2,3
110,74,1,0,1,1,0,1,1,0,1,12,9,3,8,0,8,9,0,9
110,37,0,0,0,20,10,10,40,19,21,19,9,10,0,0,0,0,0,0
110,11,428,181,247,462,190,272,470,190,280,530,210,320,610,240,370,654,252,402
110,147,510,238,272,687,324,363,492,240,252,786,382,404,1168,566,602,1533,742,791
110,72,710,378,332,700,370,330,698,368,330,701,370,331,753,403,350,775,419,356
110,189,991,470,521,980,466,514,934,445,489,590,293,297,283,159,124,265,150,115
110,128,94,67,27,123,88,35,158,107,51,202,128,74,259,159,100,275,169,106
110,143,1184,557,627,1095,516,579,1006,474,532,949,449,500,888,419,469,865,409,456
110,177,22,8,14,20,7,13,19,6,13,18,6,12,16,5,11,15,5,10
110,214,63,13,50,52,11,41,44,10,34,39,10,29,33,9,24,30,12,18
110,28,0,0,0,0,0,0,0,0,0,42,27,15,85,54,31,102,65,37
110,68,0,0,0,0,0,0,0,0,0,0,0,0,1,1,0,1,1,0
111,2,1420,841,579,1308,820,488,1196,799,397,1685,1125,560,2173,1451,722,2150,1436,714
111,64,2103,1211,892,2064,1233,831,2188,1353,835,2605,1672,933,2811,1766,1045,3334,1932,1402
111,118,6005,3471,2534,6919,4623,2296,7947,5905,2042,8756,6908,1848,9579,7580,1999,10800,8516,2284
111,191,90,57,33,56,38,18,38,27,11,45,32,13,72,51,21,91,65,26
111,130,29,9,20,30,11,19,31,14,17,31,15,16,31,16,15,31,17,14
111,161,47,35,12,45,29,16,56,30,26,109,58,51,168,88,80,171,90,81
111,97,16860,8100,8760,12149,5857,6292,7437,3614,3823,6872,3331,3541,6306,3048,3258,6080,2935,3145
111,194,20,10,10,224,175,49,430,288,142,849,401,448,1711,824,887,1699,803,896
111,15,1728,1231,497,1913,1340,573,2105,1447,658,3223,2180,1043,5054,3397,1657,5409,3609,1800
111,55,58,34,24,82,46,36,106,59,47,155,86,69,249,140,109,259,146,113
111,100,309,205,104,364,212,152,345,166,179,395,247,148,399,258,141,400,280,120
111,107,233,96,137,573,371,202,912,647,265,1318,982,336,1695,1288,407,794,562,232
111,115,106,43,63,260,162,98,414,282,132,324,225,99,234,168,66,197,95,102
111,154,64,42,22,177,115,62,241,163,78,247,183,64,294,236,58,664,536,128
111,165,6155,3827,2328,7067,4708,2359,6926,4899,2027,5450,3818,1632,8395,6715,1680,6494,5280,1214
111,195,16702,8128,8574,16322,7901,8421,15942,7674,8268,16611,7953,8658,17280,8231,9049,17111,8130,8981
111,211,69,46,23,167,110,57,266,173,93,274,176,98,282,179,103,286,180,106
111,217,13095,9293,3802,16904,12061,4843,21687,15466,6221,26337,18142,8195,56684,39564,17120,62546,43447,19099
111,31,9,8,1,28,21,7,47,35,12,74,56,18,97,73,24,100,74,26
111,56,14,9,5,21,14,7,27,18,9,59,46,13,87,72,15,101,79,22
111,95,154,103,51,137,91,46,119,78,41,147,97,50,175,116,59,219,149,70
111,162,194,120,74,165,102,63,142,87,55,167,114,53,199,145,54,192,140,52
111,170,248,122,126,212,127,85,170,129,41,128,93,35,84,55,29,85,56,29
111,187,10,7,3,25,18,7,47,33,14,53,37,16,59,41,18,72,50,22
111,59,96,55,41,529,300,229,962,545,417,1160,661,499,1357,776,581,1410,825,585
111,73,17,12,5,39,26,13,61,41,20,87,58,29,112,75,37,152,101,51
111,96,0,0,0,1,1,0,1,1,0,2,2,0,2,2,0,3,2,1
111,101,39,24,15,107,63,44,235,141,94,235,146,89,197,117,80,201,118,83
111,114,1,0,1,1,0,1,2,1,1,2,2,0,3,3,0,2,2,0
111,153,24,13,11,94,59,35,142,79,63,200,118,82,317,193,124,396,235,161
111,199,635,341,294,754,402,352,809,429,380,1039,590,449,1459,849,610,2117,1231,886
111,218,820,533,287,3223,1783,1440,5682,3060,2622,8740,4983,3757,12511,7348,5163,14054,8177,5877
111,83,29,17,12,87,52,35,147,87,60,145,84,61,143,82,61,140,78,62
111,104,49,17,32,78,42,36,106,67,39,325,193,132,543,319,224,543,315,228
111,127,8,8,0,10,9,1,12,11,1,16,14,2,54,35,19,67,45,22
111,182,8,5,3,51,31,20,70,42,28,70,42,28,69,41,28,67,40,27
111,193,41,24,17,63,38,25,767,483,284,369,230,139,405,258,147,483,321,162
111,12,140,90,50,158,102,56,175,114,61,196,126,70,216,137,79,253,161,92
111,19,7,4,3,7,4,3,7,4,3,6,4,2,9,6,3,18,14,4
111,74,680,414,266,702,423,279,724,432,292,651,357,294,679,400,279,734,431,303
111,145,647,391,256,952,567,385,1290,761,529,1328,783,545,1112,640,472,1143,655,488
111,200,176,102,74,237,140,97,300,179,121,346,196,150,400,204,196,470,256,214
111,24,2,1,1,4,2,2,5,3,2,5,3,2,4,3,1,5,4,1
111,42,5,2,3,7,4,3,9,6,3,8,6,2,6,5,1,8,6,2
111,46,23,14,9,23,14,9,22,13,9,21,13,8,24,15,9,26,16,10
111,225,63,37,26,62,37,25,61,36,25,63,37,26,67,39,28,71,41,30
111,37,2442,1189,1253,5907,2854,3053,9513,4589,4924,10982,5527,5455,13110,6811,6299,14651,7607,7044
111,220,8889,4348,4541,14335,7082,7253,20367,10128,10239,21421,10704,10717,22739,11167,11572,25434,12453,12981
111,11,919,472,447,1761,937,824,2500,1350,1150,3100,1700,1400,4310,2480,1830,6108,3708,2400
111,28,0,0,0,0,0,0,0,0,0,10,0,10,20,0,20,24,0,24
111,68,0,0,0,0,0,0,0,0,0,0,0,0,6,6,0,6,6,0
112,64,48,37,11,45,34,11,46,35,11,55,43,12,59,46,13,70,53,17
112,191,0,0,0,0,0,0,0,0,0,18,7,11,22,9,13,22,10,12
112,108,5606,2843,2763,5276,2520,2756,4946,2197,2749,5639,2588,3051,6331,2978,3353,6734,3226,3508
112,202,20042,8800,11242,15292,7519,7773,11924,6993,4931,11502,5875,5627,11759,5161,6598,11667,5042,6625
112,223,5481,2688,2793,5238,2395,2843,5110,2142,2968,5201,2248,2953,5085,2264,2821,4894,2221,2673
112,166,0,0,0,0,0,0,0,0,0,635,375,260,1523,884,639,2747,1469,1278
112,13,3487,1547,1940,3061,1461,1600,3084,1448,1636,2927,1327,1600,2680,1268,1412,2556,1239,1317
112,55,6,3,3,9,4,5,11,5,6,16,7,9,26,12,14,27,12,15
112,79,3360,1476,1884,2793,1208,1585,2225,939,1286,2034,856,1178,1856,778,1078,1720,722,998
112,103,1078,486,592,1407,622,785,1657,731,926,2037,898,1139,2442,1073,1369,2519,1100,1419
112,211,423,249,174,1025,586,439,1632,924,708,1685,938,747,1732,946,786,1969,1063,906
112,18,6071,2906,3165,5751,2767,2984,5430,2627,2803,5355,2590,2765,5279,2552,2727,5234,2532,2702
112,31,10,3,7,26,10,16,41,16,25,63,25,38,82,33,49,107,37,70
112,56,37,18,19,56,29,27,75,40,35,415,196,219,721,347,374,785,383,402
112,95,116,27,89,103,22,81,90,18,72,111,24,87,132,31,101,143,34,109
112,162,106,46,60,90,39,51,78,33,45,102,60,42,130,88,42,124,85,39
112,170,433625,212785,220840,455644,223132,232512,461140,225474,235666,526124,256976,269148,580279,283353,296926,591349,287245,304104
112,187,3,1,2,7,3,4,15,7,8,17,8,9,19,9,10,24,12,12
112,216,37304,15985,21319,33724,14889,18835,30557,13976,16581,27921,12792,15129,26640,12225,14415,26729,12286,14443
112,59,2,1,1,2,1,1,2,1,1,18,5,13,33,8,25,49,15,34
112,68,1120,575,545,843,412,431,565,248,317,581,257,324,593,263,330,551,244,307
112,73,0,0,0,1,0,1,2,0,2,19,8,11,36,17,19,57,21,36
112,96,0,0,0,1,0,1,1,0,1,1,0,1,1,0,1,1,1,0
112,101,6,3,3,17,7,10,37,16,21,37,18,19,31,14,17,32,14,18
112,114,593,265,328,913,410,503,1233,554,679,1124,500,624,987,424,563,827,350,477
112,120,1006,498,508,774,384,390,606,300,306,569,277,292,455,200,255,385,164,221
112,153,0,0,0,0,0,0,6,3,3,53,11,42,141,39,102,190,55,135
112,199,36,9,27,42,9,33,46,10,36,244,94,150,559,237,322,961,413,548
112,218,18,10,8,72,25,47,129,42,87,546,187,359,1008,350,658,1132,384,748
112,83,74,41,33,141,65,76,211,89,122,386,170,216,560,250,310,548,232,316
112,104,3,1,2,41,6,35,79,11,68,703,117,586,1326,222,1104,1326,202,1124
112,193,17,6,11,26,9,17,324,134,190,156,63,93,255,87,168,333,102,231
112,12,357,121,236,403,141,262,449,161,288,502,172,330,554,183,371,648,217,431
112,19,45,22,23,38,19,19,29,15,14,476,210,266,1129,512,617,1547,755,792
112,74,103,35,68,106,34,72,109,34,75,454,135,319,667,198,469,721,212,509
112,80,199,97,102,16588,7009,9579,32977,13921,19056,56931,25908,31023,80885,37895,42990,83673,39201,44472
112,145,0,0,0,0,0,0,0,0,0,37,21,16,42,25,17,71,36,35
112,200,39,11,28,169,65,104,300,119,181,359,134,225,426,130,296,500,177,323
112,24,0,0,0,0,0,0,0,0,0,2,1,1,4,2,2,5,3,2
112,42,4,1,3,4,1,3,4,1,3,3,1,2,2,1,1,5,3,2
112,37,580,282,298,583,283,300,600,290,310,1119,522,597,1705,787,918,1905,878,1027
112,220,1509,739,770,1903,940,963,2376,1183,1193,3480,1742,1738,4628,2277,2351,5517,2707,2810
112,11,101,39,62,88,25,63,70,10,60,220,80,140,350,140,210,443,179,264
113,191,33,8,25,20,7,13,14,8,6,16,9,7,26,15,11,32,19,13
113,136,4,3,1,4,4,0,5,4,1,2,2,0,1,1,0,1,1,0
113,35,121,67,54,317,175,142,513,283,230,400,225,175,288,169,119,260,155,105
113,161,4321,2204,2117,2131,1095,1036,532,272,260,441,227,214,372,190,182,287,147,140
113,203,165019,75232,89787,205957,95882,110075,289386,133655,155731,539966,237953,302013,829240,365571,463669,969267,471971,497296
113,226,1033,457,576,1889,921,968,3994,2130,1864,4941,2742,2199,5981,3202,2779,6956,3965,2991
113,16,58722,48986,9736,59555,49683,9872,60387,50380,10007,71878,60146,11732,83368,69912,13456,88155,74067,14088
113,55,1,0,1,2,0,2,2,0,2,3,0,3,5,0,5,5,0,5
113,31,0,0,0,0,0,0,0,0,0,1,0,1,1,0,1,1,0,1
113,56,2,2,0,3,2,1,4,3,1,16,9,7,27,14,13,25,13,12
113,95,40,24,16,35,20,15,30,17,13,38,22,16,45,26,19,40,23,17
113,170,100,49,51,85,51,34,68,52,16,94,77,17,119,101,18,122,104,18
113,59,18,10,8,21,11,10,24,12,12,38,15,23,51,17,34,63,22,41
113,73,0,0,0,3,1,2,5,1,4,13,2,11,20,2,18,47,0,47
113,101,6,2,4,18,7,11,39,17,22,39,18,21,33,14,19,34,14,20
113,153,56,28,28,64,32,32,50,24,26,53,20,33,85,24,61,100,24,76
113,199,284,143,141,337,168,169,362,179,183,416,190,226,482,206,276,511,210,301
113,218,64,37,27,254,118,136,450,201,249,523,203,320,639,225,414,716,245,471
113,83,6,3,3,6,3,3,6,3,3,24,11,13,42,20,22,41,19,22
113,104,77,27,50,128,52,76,179,77,102,220,97,123,260,117,143,260,114,146
113,193,20,9,11,31,14,17,376,188,188,181,89,92,203,97,106,188,89,99
113,12,69,31,38,78,36,42,86,40,46,96,43,53,106,46,60,124,54,70
113,19,105,49,56,105,49,56,102,48,54,123,52,71,117,45,72,105,39,66
113,74,50300,25717,24583,51926,26121,25805,53552,26525,27027,41673,20696,20977,39404,19123,20281,42623,20614,22009
113,80,2315,1358,957,1709,984,725,1102,610,492,2289,1141,1148,3475,1671,1804,3595,1729,1866
113,119,0,0,0,0,0,0,1,1,0,17,7,10,35,14,21,35,14,21
113,145,55,31,24,80,44,36,109,58,51,133,61,72,162,65,97,210,84,126
113,200,724,354,370,720,363,357,720,375,345,796,398,398,888,391,497,1043,500,543
113,50,3,1,2,2,0,2,3,1,2,2,1,1,4,1,3,4,1,3
113,8,539,239,300,566,270,296,593,301,292,438,225,213,282,149,133,283,149,134
113,24,0,0,0,8,4,4,15,8,7,8,4,4,0,0,0,0,0,0
113,42,13,6,7,7,3,4,1,1,0,1,1,0,1,1,0,2,2,0
113,75,920,490,430,910,467,443,900,445,455,848,409,439,796,374,422,801,371,430
113,37,13860,6748,7112,13854,6713,7141,14178,6840,7338,13739,6698,7041,14125,6976,7149,15786,7792,7994
113,220,171577,85842,85735,184166,92791,91375,204284,103824,100460,198382,101291,97091,194912,97873,97039,200429,100351,100078
113,11,11172,5757,5415,11315,5778,5537,10470,5210,5260,10610,5210,5400,11140,5300,5840,12111,5735,6376
113,146,515,247,268,597,282,315,679,316,363,723,339,384,768,362,406,807,381,426
113,28,0,0,0,0,0,0,0,0,0,2,2,0,5,5,0,6,6,0
114,191,199,135,64,163,112,51,174,119,55,208,141,67,332,224,108,427,289,138
114,108,358,174,184,588,290,298,817,405,412,932,475,457,1046,544,502,1113,588,525
114,112,2526,1069,1457,2122,903,1219,1685,723,962,1363,579,784,1022,428,594,902,375,527
114,55,41,13,28,58,17,41,75,21,54,109,29,80,175,49,126,183,53,130
114,79,1382,612,770,1168,518,650,953,423,530,880,391,489,812,361,451,752,335,417
114,103,9479,4348,5131,8948,4032,4916,7916,3544,4372,5829,2594,3235,3812,1669,2143,3931,1710,2221
114,211,15,5,10,37,13,24,61,21,40,62,20,42,63,19,44,63,18,45
114,18,11085,5137,5948,10983,4170,6813,10880,3203,7677,10450,3075,7375,10019,2946,7073,10486,3087,7399
114,31,10,1,9,34,7,27,58,13,45,91,23,68,121,32,89,159,41,118
114,56,32,12,20,49,20,29,65,27,38,153,57,96,228,86,142,414,185,229
114,95,21,3,18,59,13,46,96,23,73,119,30,89,142,37,105,172,51,121
114,162,3167,1298,1869,2708,1086,1622,2317,909,1408,1932,752,1180,1608,610,998,1551,601,950
114,170,95730,46976,48754,100686,49261,51425,101991,49778,52213,95839,45868,49971,87715,41044,46671,89389,41590,47799
114,187,5,1,4,40,14,26,88,32,56,99,37,62,111,42,69,135,53,82
114,216,20185,8649,11536,21108,9830,11278,22289,11131,11158,20366,10185,10181,19432,9732,9700,19497,9779,9718
114,59,15,6,9,341,133,208,667,260,407,1689,690,999,2711,1121,1590,4442,1976,2466
114,68,6102,2819,3283,5196,2318,2878,4289,1816,2473,4292,1808,2484,4259,1775,2484,3955,1645,2310
114,73,0,0,0,117,51,66,234,103,131,666,286,380,1098,469,629,1939,784,1155
114,96,0,0,0,10,7,3,19,13,6,339,178,161,658,343,315,720,344,376
114,101,703,346,357,3814,1818,1996,9021,4448,4573,16717,8472,8245,21660,10056,11604,22126,10126,12000
114,120,11157,5423,5734,10638,5192,5446,8333,4059,4274,8048,3865,4183,6670,2934,3736,5644,2413,3231
114,153,15,11,4,130,45,85,326,78,248,697,186,511,2748,1458,1290,9647,5636,4011
114,199,1811,746,1065,2149,876,1273,2305,930,1375,2715,991,1724,4686,1890,2796,6674,2899,3775
114,218,1160,857,303,2623,1592,1031,4132,2352,1780,30230,13832,16398,58790,26597,32193,66046,29393,36653
114,52,0,0,0,11,2,9,21,4,17,24,3,21,27,3,24,27,3,24
114,83,75,42,33,65,27,38,56,12,44,208,40,168,360,69,291,352,55,297
114,104,38,13,25,337,21,316,636,29,607,1918,356,1562,3199,682,2517,3200,638,2562
114,127,4,3,1,5,3,2,13,8,5,22,12,10,72,34,38,90,45,45
114,163,20,14,6,44,30,14,70,47,23,137,51,86,182,47,135,200,45,155
114,188,3,2,1,6,2,4,10,2,8,5,0,5,23,5,18,35,5,30
114,193,50,22,28,98,45,53,190,89,101,1318,560,758,3129,1328,1801,3987,1532,2455
114,12,445,138,307,502,161,341,559,185,374,625,196,429,690,207,483,806,244,562
114,19,106,39,67,106,39,67,102,37,65,420,119,301,953,323,630,1848,706,1142
114,74,1310,598,712,1353,606,747,1395,613,782,1852,848,1004,2580,1107,1473,2791,1192,1599
114,80,3143,1221,1922,8067,3154,4913,12990,5086,7904,21340,8607,12733,29689,12128,17561,30712,12546,18166
114,121,8,1,7,7,1,6,7,1,6,162,23,139,320,46,274,490,78,412
114,145,128,44,84,188,61,127,255,79,176,496,147,349,1195,435,760,3202,1332,1870
114,200,422,122,300,712,221,491,1006,322,684,1204,345,859,1427,294,1133,1676,438,1238
114,50,1,0,1,1,0,1,1,0,1,1,0,1,1,0,1,1,0,1
114,133,21,11,10,23,11,12,26,11,15,27,10,17,33,12,21,44,17,27
114,8,270,89,181,264,89,175,258,90,168,191,68,123,124,47,77,124,47,77
114,24,0,0,0,1,0,1,1,0,1,1,0,1,0,0,0,0,0,0
114,42,47,20,27,41,16,25,34,11,23,28,11,17,21,11,10,36,17,19
114,46,17,7,10,17,7,10,16,6,10,16,7,9,18,8,10,19,8,11
114,225,124,61,63,122,60,62,121,60,61,125,61,64,132,65,67,140,68,72
114,37,7412,3608,3804,7443,3606,3837,7651,3691,3960,6814,3220,3594,6387,2953,3434,7138,3298,3840
114,220,26179,10105,16074,26170,10207,15963,27232,10777,16455,25910,10329,15581,24907,9671,15236,24643,9525,15118
114,11,10144,5154,4990,9573,4728,4845,7390,3470,3920,6330,2880,3450,5580,2360,3220,5581,2303,3278
114,28,0,0,0,0,0,0,0,0,0,70,15,55,140,29,111,169,35,134
115,48,358,220,138,414,247,167,580,339,241,369,252,117,878,560,318,1167,726,441
115,77,772,535,237,923,640,283,1180,819,361,1292,897,395,1472,1023,449,1619,1124,495
115,2,1564,720,844,1395,612,783,1225,504,721,1726,711,1015,2226,918,1308,2203,909,1294
115,64,2317,1016,1301,2232,956,1276,2324,971,1353,2767,1256,1511,2986,1293,1693,3542,1271,2271
115,118,6615,2919,3696,7318,3607,3711,8143,4443,3700,8972,5624,3348,9816,6195,3621,11067,6929,4138
115,139,923,489,434,847,442,405,892,459,433,915,464,451,1024,517,507,1373,689,684
115,142,68,41,27,65,40,25,61,37,24,48,29,19,46,28,18,42,26,16
115,191,903,386,517,563,267,296,384,212,172,459,249,210,733,394,339,994,535,459
115,81,525,297,228,523,318,205,585,334,251,823,491,332,818,499,319,970,596,374
115,89,852,575,277,982,698,284,1063,750,313,1935,1237,698,3006,1853,1153,3347,2065,1282
115,117,4230,2719,1511,4133,2454,1679,4056,2194,1862,1852,1297,555,871,623,248,920,675,245
115,130,106,41,65,113,51,62,116,59,57,117,62,55,118,64,54,118,65,53
115,181,911,587,324,952,612,340,862,539,323,927,592,335,1037,678,359,1066,697,369
115,184,2190,1151,1039,2136,1094,1042,2083,1038,1045,2036,1000,1036,2023,986,1037,2015,977,1038
115,161,30,16,14,74,38,36,140,71,69,132,68,64,131,66,65,134,68,66
115,125,7,4,3,7,4,3,8,5,3,8,5,3,10,6,4,14,10,4
115,194,8,4,4,94,74,20,181,122,59,358,169,189,723,348,375,718,339,379
115,9,1129,440,689,1198,495,703,1310,559,751,867,387,480,722,336,386,915,399,516
115,15,728,521,207,800,564,236,875,605,270,1808,1226,582,3142,2120,1022,4508,3020,1488
115,55,685,387,298,969,530,439,1252,673,579,1832,979,853,2938,1589,1349,3067,1672,1395
115,100,1173,668,505,1383,639,744,1311,433,878,1503,779,724,1518,831,687,1522,939,583
115,103,3924,1547,2377,4570,1820,2750,4960,2020,2940,5468,2308,3160,6043,2618,3425,6232,2682,3550
115,107,3021,1213,1808,2625,1098,1527,2230,990,1240,3221,1647,1574,4143,2232,1911,1940,849,1091
115,111,4513,2733,1780,3616,2304,1312,4125,2786,1339,4455,2939,1516,5897,3843,2054,11532,6962,4570
115,165,3090,2247,843,3377,2509,868,3162,2402,760,3211,2364,847,5865,4701,1164,8274,6740,1534
115,180,57203,38051,19152,58626,39100,19526,60237,40260,19977,74411,51156,23255,96479,67906,28573,116577,79412,37165
115,195,2342,1125,1217,2288,1093,1195,2235,1062,1173,2789,1188,1601,3344,1314,2030,3311,1297,2014
115,211,273,143,130,662,334,328,1054,526,528,1086,530,556,1120,535,585,1135,528,607
115,217,5513,3925,1588,7065,5061,2004,9024,6464,2560,14856,10255,4601,35184,24639,10545,52129,36333,15796
115,18,32,32,0,50,50,0,67,67,0,64,64,0,61,61,0,65,65,0
115,31,266,207,59,323,250,73,379,292,87,496,384,112,592,459,133,670,505,165
115,56,51,42,9,76,63,13,101,85,16,221,181,40,322,263,59,350,281,69
115,95,304,235,69,270,208,62,235,180,55,290,222,68,345,265,80,369,275,94
115,162,467,378,89,399,322,77,341,274,67,363,292,71,397,319,78,383,309,74
115,169,306,245,61,642,527,115,945,773,172,1032,830,202,1067,866,201,176,142,34
115,170,2133,1047,1086,1710,1096,614,1225,1105,120,1098,959,139,949,792,157,968,807,161
115,187,14,11,3,36,31,5,68,59,9,77,66,11,86,74,12,105,90,15
115,216,2132,2007,125,2062,1945,117,2019,1907,112,1844,1742,102,1759,1662,97,1764,1667,97
115,59,7758,4631,3127,10077,5704,4373,12396,6777,5619,12571,6863,5708,12745,6949,5796,13061,7097,5964
115,73,142,108,34,196,143,53,249,177,72,382,257,125,514,336,178,673,414,259
115,96,14,10,4,17,12,5,19,13,6,25,17,8,31,21,10,30,19,11
115,101,26,15,11,71,40,31,154,88,66,155,93,62,130,74,56,133,75,58
115,114,45,20,25,42,28,14,40,36,4,44,40,4,48,43,5,40,36,4
115,120,118,108,10,133,121,12,104,95,9,83,76,7,52,46,6,44,38,6
115,153,590,400,190,997,624,373,1189,696,493,1413,798,615,1680,938,742,1862,1038,824
115,199,15745,8778,6967,18685,10355,8330,20038,11046,8992,21441,11805,9636,24116,13356,10760,26279,14692,11587
115,218,8712,5128,3584,9330,5405,3925,10106,5762,4344,12180,7006,5174,15247,8870,6377,17128,9868,7260
115,52,0,0,0,0,0,0,0,0,0,33,25,8,65,50,15,65,50,15
115,83,5775,3579,2196,3958,2441,1517,2207,1317,890,2152,1263,889,2097,1210,887,2052,1148,904
115,104,9128,6024,3104,6639,4259,2380,4149,2493,1656,5617,3497,2120,7085,4501,2584,7086,4455,2631
115,127,30,16,14,36,19,17,44,23,21,54,29,25,60,41,19,75,53,22
115,163,17,10,7,36,20,16,58,32,26,67,40,27,65,40,25,71,42,29
115,182,5,3,2,35,20,15,48,27,21,48,27,21,47,26,21,45,25,20
115,188,4,2,2,8,4,4,14,7,7,19,16,3,26,22,4,25,22,3
115,193,1282,952,330,1482,1094,388,2320,1717,603,2596,1826,770,3125,2133,992,3341,2218,1123
115,12,1015,609,406,1145,694,451,1275,780,495,1425,858,567,1575,937,638,1841,1099,742
115,19,1528,1015,513,1260,810,450,956,583,373,1278,780,498,1831,1109,722,2609,1647,962
115,74,38599,22664,15935,39847,23120,16727,41094,23575,17519,42108,23989,18119,43600,24644,18956,47162,26591,20571
115,80,45648,29234,16414,47656,28745,18911,49663,28256,21407,63274,37127,26147,76884,45997,30887,79534,47582,31952
115,121,34,13,21,31,12,19,30,11,19,26,11,15,23,11,12,36,18,18
115,145,1682,1015,667,2263,1346,917,2922,1719,1203,3271,1878,1393,3387,1934,1453,3475,1957,1518
115,200,3516,2460,1056,3861,2656,1205,4222,2866,1356,4695,3105,1590,5260,3254,2006,6181,3988,2193
115,7,46,22,24,46,22,24,45,22,23,49,24,25,52,26,26,55,27,28
115,25,312,190,122,651,396,255,991,602,389,1056,642,414,57,45,12,64,51,13
115,29,12,9,3,14,10,4,16,12,4,19,14,5,21,16,5,23,17,6
115,53,123,69,54,94,51,43,64,33,31,64,33,31,58,30,28,52,27,25
115,61,12,9,3,16,12,4,19,14,5,23,18,5,29,23,6,34,27,7
115,62,717,450,267,797,493,304,876,536,340,511,317,194,142,96,46,150,101,49
115,86,121,58,63,162,76,86,202,94,108,224,103,121,245,112,133,254,115,139
115,164,35,17,18,36,18,18,39,19,20,30,15,15,18,8,10,18,9,9
115,174,4,1,3,5,2,3,8,3,5,8,3,5,9,4,5,9,4,5
115,186,0,0,0,0,0,0,0,0,0,154,93,61,308,186,122,321,194,127
115,20,35,26,9,37,27,10,38,28,10,42,30,12,46,33,13,53,38,15
115,50,86,54,32,62,41,21,68,46,22,44,29,15,87,58,29,90,60,30
115,88,27,14,13,21,12,9,15,11,4,19,15,4,22,19,3,25,22,3
115,133,1542,838,704,1585,862,723,1698,928,770,1262,709,553,973,572,401,966,566,400
115,157,282,176,106,303,189,114,344,214,130,386,232,154,448,264,184,526,310,216
115,8,3248,1632,1616,2409,1214,1195,1570,796,774,1179,579,600,788,363,425,791,364,427
115,24,64,48,16,56,41,15,48,34,14,40,29,11,32,25,7,37,29,8
115,28,17987,10880,7107,17058,10393,6665,16128,9906,6222,14281,8894,5387,12229,7747,4482,14726,9329,5397
115,42,211,117,94,206,119,87,201,122,79,163,107,56,125,92,33,204,134,70
115,46,1078,692,386,1049,674,375,1020,657,363,973,630,343,1095,718,377,1173,773,400
115,63,148,96,52,166,107,59,184,119,65,217,142,75,305,197,108,443,285,158
115,160,49,29,20,43,25,18,51,30,21,60,35,25,65,39,26,70,43,27
115,225,7601,4669,2932,7179,4308,2871,6718,3928,2790,6927,4157,2770,7131,4386,2745,7486,4566,2920
115,37,52394,25506,26888,59419,28775,30644,67856,32735,35121,72255,36911,35344,80995,43401,37594,90517,48477,42040
115,220,86369,46758,39611,94213,51315,42898,105910,58107,47803,111625,61484,50141,118708,64465,54243,123337,66814,56523
115,11,81858,43397,38461,79925,41939,37986,79050,41310,37740,84910,44540,40370,89680,47170,42510,96306,50107,46199
115,68,0,0,0,0,0,0,0,0,0,0,0,0,10,10,0,9,9,0
115,54,0,0,0,0,0,0,0,0,0,0,0,0,232,153,79,252,167,85
116,140,3531,1595,1936,5182,2406,2776,6265,2838,3427,6895,2959,3936,7548,3187,4361,7840,3280,4560
116,219,79,53,26,106,72,34,113,76,37,134,93,41,140,98,42,149,74,75
116,27,505,249,256,816,431,385,1212,657,555,1829,981,848,2452,1309,1143,3258,1724,1534
116,142,186,89,97,177,85,92,166,80,86,131,63,68,126,61,65,115,56,59
116,191,187019,143738,43281,130897,91247,39650,111888,63068,48820,133937,74023,59914,213763,117394,96369,350611,192741,157870
116,198,293,178,115,111,59,52,131,33,98,167,30,137,198,24,174,221,23,198
116,56,1,1,0,2,2,0,3,3,0,3,3,0,2,2,0,2,2,0
116,95,0,0,0,2,1,1,4,3,1,5,4,1,6,5,1,4,3,1
116,59,31,11,20,36,12,24,40,12,28,42,13,29,44,15,29,49,15,34
116,73,0,0,0,0,0,0,0,0,0,0,0,0,0,0,0,0,0,0
116,101,7,3,4,20,8,12,45,20,25,45,22,23,38,17,21,39,17,22
116,199,16,5,11,19,6,13,21,6,15,20,5,15,26,11,15,56,25,31
116,218,45,25,20,180,76,104,320,129,191,517,206,311,758,304,454,851,336,515
116,83,3,1,2,2,0,2,2,0,2,1,0,1,0,0,0,0,0,0
116,104,0,0,0,3,2,1,6,4,2,19,10,9,31,16,15,31,16,15
116,12,3,0,3,3,0,3,3,0,3,4,0,4,4,0,4,4,0,4
116,19,6,2,4,6,2,4,6,2,4,7,2,5,11,2,9,12,2,10
116,74,10,6,4,10,6,4,10,6,4,60,33,27,45,27,18,49,29,20
116,145,41,22,19,60,32,28,83,42,41,89,43,46,104,53,51,134,81,53
116,200,80,39,41,66,32,34,54,26,28,62,27,35,73,27,46,85,35,50
116,24,6,4,2,4,2,2,1,0,1,1,0,1,0,0,0,0,0,0
116,42,11,6,5,11,6,5,10,6,4,9,6,3,7,5,2,12,6,6
116,37,77,37,40,84,40,44,94,45,49,95,43,52,102,44,58,114,49,65
116,11,43,26,17,32,24,8,20,20,0,50,20,30,130,70,60,127,85,42
117,64,40,37,3,36,27,9,35,20,15,42,25,17,45,26,19,53,28,25
117,191,308,94,214,192,70,122,251,129,122,372,143,229,518,202,316,606,237,369
117,198,2,1,1,5,3,2,18,9,9,29,15,14,40,21,19,46,22,24
117,51,2793,1249,1544,22779,10049,12730,39011,17256,21755,58220,25783,32437,79389,35190,44199,82428,36529,45899
117,78,153,86,67,286,156,130,173,93,80,968,513,455,853,451,402,968,511,457
117,81,9824,5296,4528,14538,7838,6700,13084,7054,6030,50459,27205,23254,23360,12595,10765,27689,15084,12605
117,89,342691,167772,174919,449575,220292,229283,138141,66999,71142,98658,44397,54261,29367,13216,16151,32706,14743,17963
117,90,3906,2367,1539,2407,1469,938,908,572,336,878,554,324,847,536,311,898,565,333
117,126,586,296,290,612,309,303,562,285,277,2292,1127,1165,4047,1979,2068,4366,2130,2236
117,150,7823,4389,3434,7931,4422,3509,8358,4630,3728,11101,6129,4972,15762,8675,7087,20541,11270,9271
117,184,130316,68943,61373,15725,7982,7743,10813,5291,5522,64137,31926,32211,12509,6094,6415,6536,3100,3436
117,206,81,39,42,91,44,47,102,50,52,114,56,58,150,76,74,168,85,83
117,203,0,0,0,0,0,0,1,0,1,0,0,0,1,1,0,2,1,1
117,31,1,1,0,2,1,1,3,2,1,4,2,2,5,3,2,5,3,2
117,56,2,1,1,3,1,2,4,1,3,7,4,3,9,6,3,10,8,2
117,95,1,1,0,12,8,4,23,16,7,28,20,8,33,24,9,49,31,18
117,59,50,20,30,78,39,39,106,58,48,130,63,67,154,68,86,174,75,99
117,73,4,3,1,19,16,3,34,29,5,71,51,20,108,73,35,136,86,50
117,96,0,0,0,0,0,0,0,0,0,0,0,0,0,0,0,3,2,1
117,101,21,12,9,57,31,26,125,71,54,125,74,51,105,59,46,107,59,48
117,153,66,33,33,71,37,34,70,34,36,854,405,449,897,433,464,935,454,481
117,199,438,212,226,520,250,270,558,266,292,737,361,376,873,420,453,963,482,481
117,218,219,148,71,864,501,363,1524,861,663,2376,1348,1028,3422,1954,1468,3844,2173,1671
117,83,35,20,15,28,16,12,21,12,9,27,15,12,32,18,14,31,17,14
117,104,4,2,2,108,53,55,212,105,107,1109,880,229,2006,1655,351,2006,1649,357
117,163,8,7,1,18,16,2,30,25,5,29,27,2,25,25,0,28,27,1
117,193,620,474,146,870,674,196,1495,1168,327,1255,911,344,914,640,274,819,551,268
117,12,150,125,25,170,142,28,189,159,30,212,178,34,234,196,38,274,229,45
117,19,204,143,61,203,142,61,197,138,59,288,192,96,380,230,150,605,378,227
117,74,803,493,310,829,503,326,855,514,341,645,362,283,726,430,296,785,464,321
117,80,2666,1863,803,2891,2249,642,3116,2635,481,2510,1955,555,1904,1275,629,1970,1319,651
117,145,980,697,283,1443,1017,426,1955,1369,586,2368,1575,793,2070,1279,791,1937,1172,765
117,200,272,166,106,286,172,114,303,180,123,336,194,142,376,197,179,441,246,195
117,24,1,0,1,1,0,1,1,0,1,2,1,1,2,1,1,2,1,1
117,42,8,6,2,7,4,3,5,2,3,4,2,2,3,2,1,5,3,2
117,37,125,61,64,397,192,205,679,328,351,1372,717,655,2147,1151,996,2399,1285,1114
117,220,11455,5432,6023,24736,11870,12866,39029,18833,20196,54138,26258,27880,69911,33287,36624,75408,35789,39619
117,11,63,39,24,83,56,27,100,70,30,1370,680,690,2930,1390,1540,3376,1610,1766
117,36,0,0,0,0,0,0,0,0,0,4281,2045,2236,3407,1707,1700,3270,1397,1873
117,28,0,0,0,0,0,0,0,0,0,0,0,0,34,19,15,41,23,18
118,192,0,0,0,0,0,0,0,0,0,0,0,0,177,99,78,153,86,67
118,40,1096,592,504,1191,642,549,1286,693,593,890,404,486,1054,472,582,1307,602,705
118,2,1982,1123,859,2154,1195,959,2325,1267,1058,3276,1786,1490,4226,2304,1922,4182,2280,1902
118,64,2936,1611,1325,3176,1726,1450,3669,1979,1690,4368,2480,1888,4714,2599,2115,5591,2754,2837
118,139,803,425,378,737,385,352,777,399,378,797,404,393,892,450,442,1196,600,596
118,196,2388,1228,1160,2439,1255,1184,2492,1283,1209,2676,1379,1297,1701,878,823,1557,804,753
118,210,1224,609,615,1215,611,604,1791,910,881,1725,885,840,7062,3636,3426,9147,4725,4422
118,142,52,25,27,49,24,25,48,24,24,37,18,19,35,17,18,32,16,16
118,191,158,120,38,98,77,21,68,55,13,81,66,15,129,104,25,164,133,31
118,51,5379,3192,2187,5397,3187,2210,4526,2669,1857,3961,2337,1624,3530,2084,1446,3665,2163,1502
118,130,124,55,69,132,66,66,136,75,61,137,78,59,138,80,58,138,81,57
118,149,100,59,41,123,69,54,149,80,69,152,84,68,155,88,67,157,90,67
118,98,13860,6657,7203,9170,4529,4641,4480,2401,2079,3161,1812,1349,2045,1192,853,2201,1293,908
118,161,32,21,11,33,22,11,44,28,16,44,28,16,47,29,18,48,29,19
118,194,0,0,0,4,4,0,9,7,2,19,12,7,40,25,15,39,24,15
118,55,57,34,23,81,47,34,104,59,45,152,86,66,244,140,104,254,146,108
118,103,19180,9295,9885,19857,9406,10451,19423,9103,10320,17977,8298,9679,16748,7573,9175,17273,7764,9509
118,107,338,181,157,761,430,331,1182,681,501,1707,1070,637,2195,1422,773,1028,587,441
118,115,154,82,72,345,184,161,536,286,250,420,232,188,303,177,126,255,123,132
118,211,743,440,303,1798,1035,763,2861,1632,1229,2948,1653,1295,3037,1673,1364,3082,1667,1415
118,31,34,22,12,67,38,29,99,53,46,147,79,68,189,101,88,206,110,96
118,56,25,18,7,37,27,10,49,36,13,102,77,25,147,114,33,190,148,42
118,95,332,148,184,275,144,131,217,140,77,269,174,95,320,208,112,423,254,169
118,162,433,265,168,369,224,145,316,190,126,278,177,101,249,169,80,240,164,76
118,170,373,183,190,362,192,170,339,194,145,304,182,122,264,167,97,270,170,100
118,187,7,6,1,18,15,3,35,27,8,40,31,9,45,35,10,55,42,13
118,59,71,46,25,121,77,44,170,108,62,194,123,71,218,138,80,246,150,96
118,73,29,27,2,45,34,11,61,41,20,106,71,35,150,100,50,232,151,81
118,96,0,0,0,0,0,0,0,0,0,1,1,0,2,2,0,4,2,2
118,101,84,48,36,233,131,102,511,294,217,513,308,205,430,245,185,439,248,191
118,114,2,1,1,2,1,1,3,1,2,4,2,2,6,3,3,5,3,2
118,153,57,51,6,54,46,8,70,50,20,197,145,52,287,195,92,531,323,208
118,199,293,188,105,348,223,125,374,238,136,625,430,195,1364,1014,350,2211,1583,628
118,218,6468,3716,2752,7588,4361,3227,8836,5070,3766,11808,6718,5090,15742,8962,6780,17684,9964,7720
118,52,0,0,0,0,0,0,0,0,0,75,39,36,149,77,72,150,77,73
118,83,1123,830,293,848,580,268,587,334,253,621,363,258,655,392,263,641,373,268
118,104,5450,2738,2712,4411,2101,2310,3371,1463,1908,19794,9544,10250,36216,17624,18592,36222,17294,18928
118,127,435,231,204,509,274,235,645,397,248,755,505,250,746,515,231,935,659,276
118,163,2,2,0,5,5,0,10,8,2,19,16,3,25,21,4,28,23,5
118,182,45,27,18,291,172,119,396,230,166,391,225,166,383,220,163,374,215,159
118,188,8,4,4,16,9,7,26,14,12,33,18,15,49,25,24,38,23,15
118,193,78,49,29,118,75,43,1428,945,483,687,451,236,749,484,265,966,596,370
118,12,254,150,104,287,172,115,319,193,126,356,212,144,393,231,162,459,270,189
118,19,80,49,31,80,49,31,77,47,30,112,69,43,170,111,59,236,179,57
118,74,1354,729,625,1398,742,656,1441,754,687,1800,995,805,2173,1116,1057,2351,1204,1147
118,80,1438,1076,362,2068,1467,601,2698,1859,839,3510,2219,1291,4322,2580,1742,4471,2669,1802
118,145,199,130,69,293,188,105,399,253,146,588,398,190,697,477,220,908,623,285
118,200,636,394,242,683,423,260,734,455,279,826,497,329,936,518,418,1099,642,457
118,50,12,6,6,8,4,4,8,4,4,5,2,3,11,6,5,11,6,5
118,157,11,6,5,15,9,6,22,14,8,26,19,7,33,26,7,38,29,9
118,8,113,68,45,110,66,44,107,65,42,79,49,30,51,33,18,51,33,18
118,24,2,2,0,4,3,1,5,4,1,4,2,2,3,1,2,3,1,2
118,42,17,7,10,20,11,9,22,14,8,18,12,6,13,10,3,23,17,6
118,225,124,77,47,122,83,39,119,86,33,124,84,40,130,81,49,135,83,52
118,37,571,278,293,1508,729,779,2481,1197,1284,3961,2096,1865,5678,3124,2554,6346,3490,2856
118,220,4037,1975,2062,4606,2272,2334,5364,2668,2696,6073,3036,3037,6857,3369,3488,8724,4274,4450
118,11,1268,689,579,1390,756,634,1430,780,650,1570,840,730,2410,1330,1080,3091,1685,1406
118,68,0,0,0,0,0,0,0,0,0,0,0,0,4,2,2,4,2,2
118,28,0,0,0,0,0,0,0,0,0,0,0,0,95,50,45,114,60,54
119,31,1,1,0,2,2,0,2,2,0,3,2,1,3,2,1,2,1,1
119,56,0,0,0,0,0,0,0,0,0,1,1,0,1,1,0,1,1,0
119,95,0,0,0,3,1,2,5,2,3,6,2,4,7,2,5,4,3,1
119,59,10,5,5,11,5,6,11,5,6,16,6,10,21,7,14,21,5,16
119,73,0,0,0,0,0,0,0,0,0,0,0,0,0,0,0,0,0,0
119,101,0,0,0,1,1,0,3,2,1,3,2,1,2,1,1,2,1,1
119,114,0,0,0,0,0,0,0,0,0,0,0,0,0,0,0,0,0,0
119,153,3,3,0,6,3,3,6,3,3,4,4,0,26,13,13,23,14,9
119,218,7,5,2,16,5,11,27,6,21,26,7,19,29,9,20,31,9,22
119,83,12,6,6,9,5,4,6,3,3,8,3,5,10,3,7,10,3,7
119,104,3,1,2,21,8,13,38,14,24,85,39,46,132,65,67,132,64,68
119,163,1,1,0,2,2,0,4,3,1,99,99,0,179,179,0,196,195,1
119,193,58,25,33,78,31,47,133,53,80,87,35,52,116,59,57,115,53,62
119,12,208,81,127,235,94,141,261,106,155,292,114,178,323,123,200,378,146,232
119,19,5,2,3,5,2,3,5,2,3,10,3,7,16,7,9,11,2,9
119,74,103,56,47,106,56,50,109,57,52,32,19,13,26,14,12,28,15,13
119,80,35,16,19,99,37,62,163,59,104,230,89,141,297,119,178,307,123,184
119,200,2790,1121,1669,2248,938,1310,1715,762,953,1899,793,1106,2120,735,1385,2491,977,1514
119,50,3,2,1,2,1,1,3,2,1,2,1,1,4,3,1,4,3,1
119,8,170,108,62,166,106,60,162,105,57,120,78,42,78,51,27,78,51,27
119,24,2,1,1,2,1,1,1,1,0,1,1,0,0,0,0,0,0,0
119,42,3,1,2,3,1,2,2,1,1,2,1,1,2,1,1,5,3,2
119,37,34,17,17,44,22,22,55,27,28,27,13,14,0,0,0,0,0,0
119,11,16,13,3,8,7,1,0,0,0,0,0,0,20,10,10,11,0,11
119,68,0,0,0,0,0,0,0,0,0,0,0,0,1,1,0,1,1,0
119,28,0,0,0,0,0,0,0,0,0,0,0,0,16,16,0,19,19,0
120,191,192,84,108,157,71,86,167,75,92,199,87,112,319,138,181,431,187,244
120,108,4347,2450,1897,3785,2057,1728,3222,1664,1558,3673,1944,1729,4124,2224,1900,4386,2398,1988
120,112,6622,2805,3817,5736,2436,3300,4761,2029,2732,3910,1649,2261,3001,1245,1756,2649,1090,1559
120,55,23,5,18,33,6,27,42,7,35,62,11,51,99,18,81,103,19,84
120,79,3623,1607,2016,3157,1396,1761,2690,1184,1506,2526,1110,1416,2377,1043,1334,2202,967,1235
120,103,13594,6248,7346,12500,5636,6864,10706,4783,5923,7185,3166,4019,3751,1579,2172,3869,1618,2251
120,211,63,27,36,152,61,91,243,96,147,250,96,154,257,95,162,260,92,168
120,18,18380,8096,10284,18210,6431,11779,18039,4766,13273,17326,4575,12751,16612,4384,12228,17385,4592,12793
120,31,9,1,8,30,4,26,50,6,44,78,11,67,103,15,88,138,28,110
120,56,41,18,23,61,27,34,81,36,45,285,131,154,466,223,243,611,285,326
120,95,42,21,21,71,32,39,99,42,57,122,53,69,145,64,81,172,78,94
120,162,113201,46949,66252,96834,39297,57537,82835,32866,49969,66534,25488,41046,52319,18637,33682,50444,18363,32081
120,169,0,0,0,0,0,0,0,0,0,0,0,0,0,0,0,33,18,15
120,170,82889,40675,42214,85879,42648,43231,85756,43091,42665,78560,38309,40251,69747,32763,36984,71078,33200,37878
120,187,9,2,7,42,14,28,87,29,58,98,33,65,110,38,72,134,49,85
120,216,25282,10834,14448,26437,12312,14125,27916,13940,13976,25507,12755,12752,24337,12187,12150,24418,12245,12173
120,59,13,5,8,479,183,296,944,361,583,3153,1469,1684,5362,2578,2784,8911,4435,4476
120,68,3195,1625,1570,2639,1259,1380,2083,894,1189,2052,869,1183,2004,833,1171,1861,772,1089
120,73,0,0,0,68,27,41,135,54,81,390,156,234,645,259,386,1210,493,717
120,96,0,0,0,16,9,7,32,19,13,753,425,328,1474,832,642,1489,738,751
120,101,1246,612,634,6758,3220,3538,15984,7878,8106,29282,15299,13983,37759,18429,19330,38572,18582,19990
120,114,17512,8077,9435,22699,9854,12845,27884,11629,16255,24365,10126,14239,20226,8155,12071,16964,6720,10244
120,153,8,3,5,75,20,55,274,53,221,1325,413,912,9869,5774,4095,35941,21277,14664
120,199,616,255,361,731,300,431,785,319,466,2315,912,1403,6735,3268,3467,10726,5460,5266
120,218,1182,819,363,2675,1440,1235,4214,2083,2131,52001,23860,28141,104022,47851,56171,116861,52907,63954
120,52,0,0,0,9,2,7,17,3,14,22,4,18,26,5,21,26,5,21
120,83,293,162,131,228,99,129,167,35,132,362,59,303,557,83,474,545,62,483
120,104,16,6,10,298,26,272,580,46,534,3113,701,2412,5645,1355,4290,5646,1279,4367
120,127,3,2,1,4,2,2,10,5,5,18,8,10,42,11,31,52,15,37
120,163,38,30,8,82,64,18,131,101,30,247,119,128,322,117,205,353,119,234
120,182,3,1,2,21,6,15,29,7,22,29,7,22,29,7,22,28,7,21
120,188,2,1,1,3,2,1,6,3,3,7,2,5,35,16,19,34,5,29
120,193,37,17,20,104,49,55,217,103,114,11395,5855,5540,18531,9507,9024,16837,7905,8932
120,12,501,169,332,565,196,369,629,224,405,703,240,463,777,256,521,909,304,605
120,19,109,39,70,109,39,70,105,38,67,598,208,390,1405,518,887,2432,922,1510
120,74,1547,667,880,1597,673,924,1647,680,967,2048,796,1252,2419,970,1449,2617,1045,1572
120,80,2386,797,1589,9451,2861,6590,16516,4925,11591,32346,10726,21620,48176,16527,31649,49836,17096,32740
120,121,13,4,9,12,4,8,12,4,8,201,68,133,393,133,260,600,207,393
120,145,172,41,131,253,55,198,342,69,273,928,234,694,2042,656,1386,4433,1761,2672
120,200,383,127,256,548,188,360,715,249,466,885,287,598,1074,275,799,1262,389,873
120,50,8,5,3,6,4,2,7,4,3,5,3,2,9,5,4,9,5,4
120,133,78,28,50,87,30,57,101,33,68,75,24,51,58,17,41,80,30,50
120,157,15,11,4,20,15,5,28,20,8,32,24,8,39,30,9,46,36,10
120,8,1980,692,1288,1400,495,905,821,300,521,606,227,379,391,155,236,392,155,237
120,24,0,0,0,3,1,2,6,2,4,7,2,5,8,2,6,9,2,7
120,42,36,17,19,27,12,15,17,6,11,14,6,8,11,7,4,18,10,8
120,46,41,19,22,40,18,22,39,18,21,37,18,19,42,21,21,45,23,22
120,225,130,61,69,128,60,68,126,59,67,132,62,70,139,65,74,147,68,79
120,37,6640,3233,3407,6668,3231,3437,6854,3306,3548,5937,2874,3063,5377,2623,2754,6009,2929,3080
120,220,29745,12677,17068,28534,12263,16271,28490,12402,16088,31994,14014,17980,35892,15374,20518,36722,15668,21054
120,11,4818,2592,2226,4843,2519,2324,3860,1910,1950,3320,1530,1790,3090,1310,1780,3418,1409,2009
120,70,0,0,0,0,0,0,0,0,0,11,3,8,14,6,8,13,4,9
120,28,0,0,0,0,0,0,0,0,0,0,0,0,626,146,480,754,176,578
121,142,64,29,35,61,28,33,58,26,32,45,20,25,43,19,24,39,18,21
121,191,14,6,8,11,5,6,12,4,8,13,4,9,22,7,15,28,9,19
121,34,5,1,4,8,2,6,10,3,7,7,2,5,4,1,3,4,1,3
121,55,3,1,2,4,1,3,5,1,4,7,1,6,12,2,10,13,3,10
121,211,11,6,5,26,13,13,42,19,23,43,19,24,44,19,25,44,19,25
121,31,2,1,1,3,1,2,4,2,2,6,3,3,8,5,3,49,26,23
121,56,4,3,1,6,4,2,8,5,3,13,9,4,17,12,5,21,16,5
121,95,4,2,2,49,26,23,94,50,44,116,63,53,138,76,62,171,94,77
121,162,177,80,97,151,67,84,130,57,73,181,70,111,239,85,154,231,84,147
121,170,92,45,47,91,48,43,87,48,39,61,35,26,35,21,14,36,21,15
121,187,14,8,6,20,10,10,32,15,17,36,17,19,40,19,21,50,24,26
121,59,64,32,32,145,76,69,226,121,105,334,171,163,442,221,221,503,255,248
121,73,19,10,9,23,13,10,27,17,10,53,27,26,79,38,41,118,53,65
121,96,53,26,27,64,32,32,75,38,37,94,46,48,112,53,59,144,69,75
121,101,19,8,11,36,15,21,73,31,42,123,64,59,153,80,73,156,81,75
121,114,1,0,1,1,0,1,1,0,1,7,4,3,13,8,5,10,6,4
121,153,58,30,28,67,41,26,89,55,34,105,64,41,123,75,48,135,85,50
121,199,94,45,49,111,52,59,120,56,64,157,74,83,238,124,114,314,152,162
121,218,691,299,392,926,430,496,1177,566,611,1460,691,769,1862,879,983,2092,973,1119
121,52,0,0,0,7,2,5,13,4,9,22,8,14,31,12,19,31,12,19
121,83,146,53,93,121,48,73,98,42,56,120,54,66,142,66,76,139,62,77
121,104,929,285,644,779,259,520,628,233,395,2713,1202,1511,4798,2172,2626,4799,2126,2673
121,163,1485,754,731,2341,1161,1180,3293,1620,1673,3683,1820,1863,3463,1723,1740,3801,1811,1990
121,182,11,7,4,70,44,26,96,59,37,95,58,37,93,56,37,90,54,36
121,188,29,13,16,25,11,14,22,9,13,27,11,16,54,27,27,42,25,17
121,193,658,300,358,783,370,413,1245,610,635,1178,561,617,1398,686,712,1425,705,720
121,12,420,224,196,474,256,218,528,289,239,590,316,274,652,344,308,763,406,357
121,19,4600,2671,1929,4445,2579,1866,4162,2421,1741,4135,2361,1774,4391,2441,1950,4858,2660,2198
121,74,8016,3433,4583,8275,3464,4811,8534,3496,5038,12062,5373,6689,11915,4741,7174,12888,5103,7785
121,80,5470,3171,2299,5626,3090,2536,5782,3009,2773,13013,6451,6562,20243,9893,10350,20941,10234,10707
121,119,8,5,3,7,5,2,6,4,2,5,3,2,5,2,3,4,2,2
121,145,399,188,211,587,269,318,796,358,438,871,397,474,1000,456,544,1139,523,616
121,200,1272,577,695,1442,700,742,1619,828,791,1819,896,923,2055,894,1161,2414,1145,1269
121,50,9,3,6,8,2,6,11,3,8,7,2,5,15,4,11,16,4,12
121,8,213,54,159,208,54,154,203,55,148,150,42,108,96,29,67,96,29,67
121,24,2,2,0,5,2,3,8,3,5,7,4,3,5,4,1,6,5,1
121,42,12,9,3,14,8,6,15,7,8,12,6,6,9,6,3,15,9,6
121,46,21,11,10,21,11,10,20,10,10,19,10,9,21,11,10,22,11,11
121,160,10,6,4,9,5,4,11,6,5,13,7,6,14,8,6,15,9,6
121,37,551,268,283,532,258,274,525,253,272,488,233,255,481,228,253,538,255,283
121,220,2053,1005,1048,2059,1015,1044,2150,1070,1080,2400,1201,1199,2681,1319,1362,2407,1181,1226
121,11,125,63,62,151,73,78,170,80,90,170,80,90,240,120,120,274,137,137
121,68,0,0,0,0,0,0,0,0,0,0,0,0,14,7,7,13,6,7
121,137,0,0,0,0,0,0,0,0,0,0,0,0,96,36,60,100,38,62
121,28,0,0,0,0,0,0,0,0,0,0,0,0,53,39,14,64,47,17
122,47,10810,5007,5803,10701,4929,5772,10595,4851,5744,10142,4688,5454,9689,4521,5168,9651,4539,5112
122,131,56,22,34,242,174,68,563,409,154,1236,691,545,1979,1038,941,2277,1247,1030
122,132,1086,507,579,2061,1053,1008,3669,1789,1880,4755,2308,2447,5230,2480,2750,5535,2362,3173
122,168,3339,1793,1546,7218,3561,3657,11431,5468,5963,14218,6769,7449,16210,7678,8532,16763,7899,8864
122,183,34,4,30,279,22,257,525,40,485,620,305,315,716,570,146,804,655,149
122,64,48,48,0,38,37,1,30,28,2,36,34,2,39,37,2,46,43,3
122,27,100,60,40,161,95,66,238,140,98,359,209,150,482,279,203,640,368,272
122,191,422,122,300,263,92,171,179,80,99,213,92,121,341,146,195,461,198,263
122,55,2,1,1,3,1,2,4,2,2,6,3,3,10,5,5,10,5,5
122,31,0,0,0,1,1,0,1,1,0,2,2,0,2,2,0,2,2,0
122,56,6,4,2,9,6,3,12,8,4,20,13,7,27,17,10,27,17,10
122,95,8,7,1,15,8,7,22,9,13,27,11,16,32,13,19,31,15,16
122,170,144,71,73,139,74,65,130,75,55,107,67,40,82,56,26,84,58,26
122,59,14,10,4,18,11,7,22,12,10,38,16,22,54,20,34,60,22,38
122,73,0,0,0,2,1,1,3,1,2,8,2,6,12,3,9,17,6,11
122,96,0,0,0,1,1,0,1,1,0,2,1,1,2,1,1,1,1,0
122,101,2,1,1,6,2,4,14,5,9,14,5,9,12,4,8,12,4,8
122,114,1,1,0,1,1,0,1,1,0,0,0,0,0,0,0,0,0,0
122,153,337,179,158,365,184,181,371,186,185,423,202,221,444,212,232,474,224,250
122,199,57,19,38,68,22,46,73,23,50,81,26,55,89,33,56,114,38,76
122,218,110,56,54,433,161,272,765,268,497,847,285,562,998,329,669,1121,360,761
122,83,63,34,29,101,48,53,140,62,78,137,59,78,133,55,78,130,51,79
122,104,193,67,126,645,125,520,1097,184,913,1740,454,1286,2382,723,1659,2382,693,1689
122,163,10,7,3,22,15,7,35,22,13,31,19,12,23,14,9,26,15,11
122,193,39,11,28,60,18,42,734,263,471,353,123,230,383,126,257,462,152,310
122,12,42,12,30,47,13,34,52,15,37,58,16,42,64,17,47,75,20,55
122,19,258,68,190,258,68,190,250,66,184,342,84,258,436,102,334,552,155,397
122,74,38740,15999,22741,39993,16121,23872,41245,16243,25002,106558,45345,61213,111307,42498,68809,120400,45727,74673
122,80,430,239,191,538,249,289,646,260,386,1093,370,723,1540,481,1059,1593,497,1096
122,145,68,30,38,100,43,57,137,56,81,158,58,100,162,67,95,174,77,97
122,200,870,355,515,1034,442,592,1202,531,671,1341,548,793,1507,501,1006,1770,670,1100
122,50,2,0,2,2,0,2,2,0,2,1,0,1,3,0,3,3,0,3
122,8,14,0,14,14,0,14,14,1,13,11,2,9,7,2,5,7,2,5
122,24,2,1,1,4,1,3,5,0,5,5,1,4,4,2,2,5,3,2
122,42,9,3,6,9,4,5,9,5,4,8,5,3,6,4,2,8,2,6
122,37,1180,574,606,1538,744,794,1932,932,1000,2635,1247,1388,3497,1642,1855,3908,1834,2074
122,11,137,73,64,153,79,74,160,80,80,220,100,120,240,110,130,316,157,159
122,68,0,0,0,0,0,0,0,0,0,0,0,0,1,0,1,1,0,1
122,28,0,0,0,0,0,0,0,0,0,0,0,0,35,4,31,42,5,37
123,67,114,39,75,228,101,127,343,163,180,551,291,260,759,418,341,772,429,343
123,140,2103,1109,994,19997,10701,9296,35695,18735,16960,55058,27098,27960,74598,36237,38361,77488,37370,40118
123,219,7218,3913,3305,7121,3861,3260,7098,3848,3250,7048,3822,3226,7011,3802,3209,6907,3751,3156
123,230,17073,10441,6632,12382,7573,4809,6937,4273,2664,9665,5954,3711,13467,6627,6840,11258,5569,5689
123,231,68618,39149,29469,67945,38762,29183,92989,53031,39958,102611,58524,44087,103281,58914,44367,102849,58630,44219
123,64,23,18,5,21,17,4,21,17,4,25,21,4,27,23,4,32,27,5
123,27,713,444,269,1150,686,464,1709,1002,707,2579,1499,1080,3459,2002,1457,4596,2641,1955
123,116,51,31,20,44,27,17,36,22,14,36,22,14,36,22,14,36,22,14
123,142,545,289,256,521,278,243,485,259,226,383,204,179,369,197,172,338,182,156
123,191,13336,10401,2935,17067,13670,3397,25638,20680,4958,30697,24609,6088,48994,39200,9794,76605,61311,15294
123,55,2,1,1,3,1,2,4,2,2,6,3,3,10,5,5,10,5,5
123,56,5,2,3,7,3,4,9,4,5,5,2,3,0,0,0,2,2,0
123,170,12,6,6,9,6,3,7,6,1,17,11,6,28,17,11,29,17,12
123,59,38,19,19,43,19,24,47,19,28,64,30,34,80,40,40,89,43,46
123,73,2,2,0,2,2,0,2,2,0,8,5,3,14,9,5,32,20,12
123,96,0,0,0,1,1,0,1,1,0,2,1,1,3,2,1,3,3,0
123,101,14,7,7,40,20,20,88,46,42,88,49,39,74,39,35,76,40,36
123,114,1,0,1,1,0,1,1,0,1,0,0,0,0,0,0,0,0,0
123,153,8,5,3,3,0,3,12,5,7,55,27,28,97,43,54,117,52,65
123,199,31,17,14,37,20,17,40,21,19,54,26,28,79,34,45,74,30,44
123,218,10474,5432,5042,11110,5652,5458,11934,5953,5981,13376,6480,6896,15908,7601,8307,17871,8413,9458
123,104,8,2,6,29,10,19,49,18,31,110,48,62,171,79,92,171,77,94
123,163,55,21,34,119,46,73,189,73,116,322,125,197,403,158,245,443,163,280
123,193,3,1,2,6,3,3,72,38,34,35,18,17,43,19,24,65,31,34
123,12,21,11,10,24,13,11,27,15,12,30,16,14,33,17,16,38,19,19
123,19,13,8,5,13,8,5,12,7,5,24,13,11,27,14,13,38,18,20
123,74,77,39,38,80,40,40,82,40,42,133,68,65,99,47,52,107,51,56
123,145,110,58,52,161,83,78,218,110,108,253,124,129,281,143,138,293,153,140
123,200,43,22,21,59,33,26,77,45,32,84,45,39,93,41,52,109,53,56
123,24,0,0,0,3,1,2,5,2,3,6,1,5,6,0,6,7,0,7
123,42,1,0,1,2,1,1,2,1,1,2,1,1,1,1,0,2,2,0
123,37,293,143,150,338,164,174,391,189,202,529,306,223,699,442,257,781,494,287
123,11,360,199,161,468,246,222,550,280,270,750,370,380,1000,510,490,1266,663,603
123,28,0,0,0,0,0,0,0,0,0,0,0,0,9,9,0,11,11,0
124,131,36,15,21,33,16,17,49,21,28,49,21,28,53,23,30,61,29,32
124,2,1651,1070,581,1264,841,423,877,613,264,1236,863,373,1594,1113,481,1577,1101,476
124,64,2445,1550,895,2168,1397,771,2063,1355,708,2456,1665,791,2651,1765,886,3144,1955,1189
124,118,6980,4439,2541,6351,4394,1957,5828,4468,1360,6422,5191,1231,7026,5694,1332,7921,6399,1522
124,191,889,63,826,554,81,473,377,103,274,451,116,335,720,180,540,927,233,694
124,43,3195,1777,1418,3805,2121,1684,4416,2466,1950,4871,2946,1925,5327,3427,1900,6130,4044,2086
124,44,10234,5269,4965,11422,5844,5578,12609,6418,6191,13766,6667,7099,14957,6933,8024,15273,6759,8514
124,57,127,65,62,138,70,68,149,76,73,164,84,80,178,92,86,196,102,94
124,106,4684,2386,2298,5428,2605,2823,8387,3875,4512,7889,3594,4295,8364,3762,4602,8012,3574,4438
124,166,51,28,23,149,84,65,294,169,125,585,334,251,1108,616,492,1600,872,728
124,30,40306,21991,18315,42782,23525,19257,45258,25059,20199,46267,25742,20525,47276,26424,20852,48285,27106,21179
124,35,80,62,18,210,162,48,339,262,77,265,207,58,191,151,40,172,137,35
124,98,5406,3216,2190,3577,2166,1411,1748,1116,632,1837,1154,683,2045,1192,853,2201,1293,908
124,161,245,137,108,246,136,110,316,170,146,536,286,250,781,409,372,793,416,377
124,185,195072,87993,107079,431854,182690,249164,710434,290654,419780,818337,346501,471836,971827,421024,550803,1123654,491391,632263
124,203,1293,897,396,1170,815,355,1290,893,397,1209,821,388,1216,816,400,1195,793,402
124,205,134,71,63,145,76,69,159,83,76,169,92,77,165,105,60,162,104,58
124,226,13,11,2,33,27,6,79,65,14,90,75,15,106,87,19,128,105,23
124,16,92533,79502,13031,126263,108264,17999,159993,137026,22967,190436,163511,26925,220878,189996,30882,233561,201229,32332
124,97,12295,5101,7194,13758,4605,9153,15220,4108,11112,14063,3772,10291,12905,3436,9469,12442,3302,9140
124,125,46,25,21,53,26,27,58,32,26,60,35,25,78,51,27,96,68,28
124,194,22,13,9,128,95,33,235,146,89,453,181,272,901,365,536,895,354,541
124,55,11,4,7,16,5,11,20,6,14,30,10,20,48,16,32,50,17,33
124,107,983,520,463,664,351,313,345,184,161,497,293,204,639,391,248,299,158,141
124,211,64,37,27,155,87,68,247,136,111,254,138,116,261,139,122,264,138,126
124,31,0,0,0,1,1,0,1,1,0,2,1,1,2,1,1,3,2,1
124,56,3,2,1,5,4,1,7,6,1,179,84,95,336,160,176,412,180,232
124,95,0,0,0,40,18,22,79,35,44,98,45,53,117,55,62,100,50,50
124,162,11,7,4,9,6,3,8,5,3,24,11,13,42,17,25,40,17,23
124,170,557,273,284,533,286,247,490,289,201,1018,591,427,1527,882,645,1556,896,660
124,59,298,135,163,351,155,196,404,176,228,555,237,318,705,298,407,857,366,491
124,73,142,83,59,165,94,71,188,106,82,289,145,144,389,183,206,522,227,295
124,96,5,3,2,7,4,3,9,6,3,19,10,9,29,15,14,35,14,21
124,101,171,84,87,929,443,486,2197,1083,1114,3430,1783,1647,4098,1981,2117,4186,1997,2189
124,114,7,5,2,10,7,3,14,10,4,9,7,2,4,3,1,3,3,0
124,153,182,87,95,230,97,133,304,134,170,369,152,217,595,249,346,819,346,473
124,199,755,387,368,896,456,440,961,486,475,1152,542,610,1384,627,757,1561,692,869
124,218,42754,19432,23322,45112,20137,24975,48230,21117,27113,55324,24123,31201,66922,29393,37529,75182,32454,42728
124,83,63,34,29,55,28,27,47,22,25,56,26,30,64,29,35,63,27,36
124,104,67,23,44,203,68,135,339,114,225,476,185,291,613,257,356,613,251,362
124,127,16,5,11,19,6,13,24,8,16,29,9,20,37,13,24,46,18,28
124,163,10,4,6,23,9,14,37,14,23,43,17,26,43,18,25,48,19,29
124,193,41,18,23,62,27,35,752,367,385,362,174,188,515,236,279,602,263,339
124,12,266,126,140,300,145,155,334,164,170,373,178,195,412,192,220,483,228,255
124,19,190,81,109,190,81,109,184,79,105,285,121,164,361,147,214,470,192,278
124,74,1901,837,1064,1962,845,1117,2023,853,1170,2262,1023,1239,2346,963,1383,2538,1037,1501
124,80,2616,1499,1117,3016,1567,1449,3415,1634,1781,4675,2156,2519,5935,2679,3256,6140,2772,3368
124,121,26,10,16,24,10,14,23,9,14,19,8,11,17,8,9,25,12,13
124,145,2091,1050,1041,2362,1164,1198,2716,1314,1402,3085,1438,1647,3480,1610,1870,3630,1639,1991
124,200,1121,545,576,1362,672,690,1609,803,806,1802,848,954,2030,818,1212,2385,1060,1325
124,38,6,4,2,13,9,4,20,13,7,19,13,6,18,12,6,17,12,5
124,62,36,7,29,40,7,33,44,7,37,31,7,24,17,7,10,18,7,11
124,50,3,3,0,2,2,0,3,3,0,2,2,0,4,4,0,4,4,0
124,133,23,0,23,41,15,26,61,31,30,54,29,25,54,30,24,73,44,29
124,157,12,9,3,17,14,3,24,20,4,23,15,8,24,10,14,28,11,17
124,8,6,1,5,6,0,6,6,0,6,4,0,4,2,0,2,2,0,2
124,24,5,1,4,6,1,5,7,2,5,7,3,4,7,4,3,8,5,3
124,42,22,12,10,24,13,11,25,14,11,20,12,8,15,11,4,25,17,8
124,63,12,7,5,14,8,6,15,9,6,17,10,7,24,15,9,34,21,13
124,160,30,16,14,27,14,13,32,16,16,38,19,19,41,21,20,44,23,21
124,225,30,15,15,29,15,14,29,15,14,30,16,14,32,16,16,34,17,17
124,22,13,9,4,18,11,7,22,12,10,30,13,17,37,14,23,37,14,23
124,37,15453,7522,7931,18151,8788,9363,21280,10265,11015,21513,10027,11486,23038,10421,12617,25746,11637,14109
124,220,33834,18084,15750,40812,21964,18848,49459,26801,22658,54160,29467,24693,59525,31918,27607,63566,31117,32449
124,11,72135,34914,37221,80793,38360,42433,84670,39740,44930,101410,47010,54400,129910,60400,69510,156934,72763,84171
124,147,8661,4392,4269,11569,5493,6076,11151,5421,5730,13911,6753,7158,15575,7547,8028,16991,8217,8774
124,158,115,63,52,117,63,54,87,45,42,93,53,40,78,46,32,79,48,31
124,189,133,127,6,132,126,6,126,120,6,117,90,27,116,65,51,108,61,47
124,68,0,0,0,0,0,0,0,0,0,0,0,0,2,2,0,2,2,0
124,28,0,0,0,0,0,0,0,0,0,0,0,0,120,56,64,145,68,77
125,183,2,0,2,1,0,1,1,0,1,17,10,7,34,21,13,38,24,14
125,64,4,4,0,12,9,3,21,15,6,25,18,7,27,19,8,32,21,11
125,191,54,29,25,34,20,14,24,16,8,28,19,9,45,30,15,56,38,18
125,97,1810,1493,317,1027,812,215,243,131,112,225,121,104,206,111,95,199,107,92
125,194,17,8,9,193,149,44,370,240,130,731,317,414,1474,654,820,1364,536,828
125,31,1,1,0,1,1,0,1,1,0,2,1,1,2,1,1,2,1,1
125,56,0,0,0,0,0,0,0,0,0,2,1,1,3,2,1,2,2,0
125,170,135,66,69,124,69,55,109,70,39,77,44,33,45,18,27,45,18,27
125,59,3,1,2,3,1,2,2,0,2,5,1,4,7,1,6,9,1,8
125,73,1,1,0,1,1,0,1,1,0,1,1,0,1,1,0,3,2,1
125,101,1,1,0,2,1,1,3,0,3,3,0,3,2,0,2,2,0,2
125,199,5,2,3,6,3,3,7,3,4,13,8,5,12,5,7,21,10,11
125,218,27,17,10,107,54,53,190,92,98,263,133,130,359,186,173,402,206,196
125,83,8,5,3,6,4,2,4,2,2,4,2,2,3,1,2,3,1,2
125,104,1,0,1,6,4,2,11,8,3,23,18,5,34,28,6,34,28,6
125,12,5,4,1,6,4,2,6,4,2,7,5,2,8,6,2,9,7,2
125,19,1,0,1,1,0,1,1,0,1,1,1,0,2,2,0,0,0,0
125,74,4,3,1,4,3,1,4,3,1,8,4,4,6,4,2,6,4,2
125,200,31,23,8,38,29,9,46,34,12,50,39,11,56,43,13,65,51,14
125,50,1,0,1,1,0,1,1,0,1,1,0,1,1,0,1,1,0,1
125,42,1,1,0,1,1,0,1,1,0,1,1,0,1,1,0,2,2,0
125,37,0,0,0,5,3,2,10,5,5,5,3,2,0,0,0,0,0,0
125,11,80,39,41,113,51,62,140,60,80,270,90,180,420,180,240,538,242,296
125,28,0,0,0,0,0,0,0,0,0,0,0,0,9,0,9,11,0,11
126,192,0,0,0,0,0,0,0,0,0,0,0,0,198,114,84,203,122,81
126,230,220,166,54,206,156,50,194,147,47,205,156,49,217,142,75,229,116,113
126,39,351,183,168,422,224,198,457,246,211,349,188,161,345,186,159,301,161,140
126,48,4678,2459,2219,9493,5820,3673,16851,10731,6120,10715,7741,2974,25520,17427,8093,33918,22703,11215
126,77,17028,10901,6127,20352,13027,7325,26020,16655,9365,28488,18243,10245,32463,20802,11661,35709,22854,12855
126,64,241,195,46,192,153,39,158,122,36,188,148,40,203,158,45,241,181,60
126,118,688,559,129,464,364,100,249,178,71,274,211,63,300,232,68,338,261,77
126,196,1058,544,514,1079,556,523,1101,568,533,1171,605,566,734,379,355,678,347,331
126,210,200,100,100,198,100,98,229,116,113,220,113,107,771,397,374,999,516,483
126,228,194,120,74,215,134,81,237,149,88,280,179,101,324,210,114,373,245,128
126,191,104,40,64,65,29,36,45,24,21,53,28,25,85,44,41,108,56,52
126,21,726,383,343,715,377,338,703,370,333,902,486,416,1100,601,499,1290,713,577
126,32,37576,16146,21430,46731,20126,26605,42260,18029,24231,37118,15451,21667,41902,17327,24575,43815,18118,25697
126,34,9,4,5,12,6,6,14,7,7,11,6,5,7,4,3,7,4,3
126,51,422476,235307,187169,445636,246817,198819,395346,218632,176714,363010,200838,162172,342891,189860,153031,356019,197101,158918
126,78,5697,3753,1944,7028,4534,2494,8805,5601,3204,8737,5536,3201,8929,5651,3278,9251,5849,3402
126,81,3592,2527,1065,3580,2620,960,4004,2832,1172,5631,4082,1549,4175,2947,1228,4949,3511,1438
126,89,15549,8350,7199,17927,10529,7398,19422,11243,8179,35367,17113,18254,54950,24777,30173,61197,27638,33559
126,117,1970,1316,654,1924,1271,653,1889,1230,659,1186,920,266,1267,913,354,1338,989,349
126,130,6776,2664,4112,41626,23200,18426,7483,3787,3696,7547,3961,3586,7612,4066,3546,56557,32775,23782
126,149,31142,17044,14098,64573,32284,32289,43060,21142,21918,43840,21497,22343,44537,21811,22726,84640,40793,43847
126,150,14578,8179,6399,39251,21880,17371,65493,36273,29220,86989,48024,38965,123515,67974,55541,160967,88314,72653
126,181,28161,14493,13668,29450,15068,14382,26917,14446,12471,28788,15727,13061,32035,17956,14079,32930,18459,14471
126,184,1953,1082,871,1904,1030,874,1857,980,877,1815,945,870,1803,932,871,1797,926,871
126,206,1539,872,667,2038,1155,883,2699,1530,1169,3674,1788,1886,7641,4202,3439,8122,4567,3555
126,31,0,0,0,0,0,0,0,0,0,1,0,1,1,0,1,1,0,1
126,56,4,3,1,6,5,1,8,7,1,19,14,5,28,19,9,27,19,8
126,95,8,6,2,12,10,2,15,13,2,18,16,2,20,18,2,23,19,4
126,162,35,35,0,30,30,0,26,26,0,28,27,1,31,27,4,30,26,4
126,169,0,0,0,0,0,0,0,0,0,0,0,0,0,0,0,110,104,6
126,170,196,96,100,167,101,66,132,102,30,102,84,18,71,65,6,73,66,7
126,59,5,4,1,16,10,6,26,16,10,32,18,14,37,20,17,52,30,22
126,73,3,3,0,3,3,0,3,3,0,4,4,0,4,4,0,10,9,1
126,96,0,0,0,0,0,0,0,0,0,1,1,0,1,1,0,1,1,0
126,101,6,3,3,16,7,9,34,16,18,34,17,17,28,13,15,29,13,16
126,114,2,2,0,2,2,0,3,3,0,2,2,0,1,1,0,0,0,0
126,153,5,5,0,14,9,5,17,12,5,34,22,12,39,25,14,50,30,20
126,199,40,33,7,47,38,9,51,41,10,61,42,19,102,54,48,137,81,56
126,218,16,12,4,65,38,27,117,65,52,232,133,99,366,211,155,411,235,176
126,83,15,7,8,16,10,6,17,12,5,24,15,9,30,18,12,29,17,12
126,104,43,15,28,272,139,133,501,264,237,2339,1983,356,4176,3702,474,4177,3694,483
126,163,12,11,1,26,23,3,43,37,6,77,70,7,100,93,7,110,101,9
126,193,351,298,53,709,627,82,1373,1227,146,11131,10497,634,23681,22034,1647,17771,15558,2213
126,12,54,39,15,61,44,17,68,50,18,77,56,21,85,62,23,99,73,26
126,19,144,77,67,144,77,67,139,74,65,223,118,105,329,186,143,598,377,221
126,74,49299,31926,17373,50893,32656,18237,52487,33387,19100,57153,34687,22466,69849,41892,27957,75555,45216,30339
126,80,634,525,109,722,584,138,809,642,167,1106,727,379,1402,811,591,1450,839,611
126,145,48,28,20,70,40,30,96,52,44,148,75,73,156,82,74,179,96,83
126,200,173,124,49,227,148,79,283,172,111,329,193,136,382,205,177,448,255,193
126,24,0,0,0,0,0,0,0,0,0,1,0,1,1,0,1,1,0,1
126,42,10,4,6,49,21,28,88,38,50,72,37,35,55,35,20,90,48,42
126,37,111,54,57,465,224,241,831,401,430,1188,599,589,1617,835,782,1807,933,874
126,11,24,7,17,12,4,8,0,0,0,10,10,0,40,30,10,53,42,11
126,36,0,0,0,0,0,0,0,0,0,8251,5760,2491,6567,4674,1893,6303,4217,2086
126,28,0,0,0,0,0,0,0,0,0,0,0,0,6,6,0,7,7,0
127,191,163,52,111,133,46,87,142,49,93,169,56,113,271,88,183,348,114,234
127,55,8,5,3,12,7,5,15,9,6,22,13,9,35,21,14,37,22,15
127,211,10,4,6,24,9,15,40,14,26,41,14,27,42,14,28,42,13,29
127,31,1,0,1,9,4,5,16,8,8,26,14,12,34,19,15,55,28,27
127,56,2,1,1,3,2,1,4,3,1,11,7,4,17,11,6,21,15,6
127,95,0,0,0,13,6,7,25,12,13,31,15,16,37,18,19,60,30,30
127,170,575,282,293,616,295,321,636,298,338,347,164,183,52,27,25,54,29,25
127,187,1,0,1,6,4,2,14,9,5,16,10,6,18,12,6,22,14,8
127,59,48,27,21,53,30,23,58,33,25,79,48,31,100,64,36,101,65,36
127,73,8,7,1,13,10,3,18,14,4,25,18,7,32,22,10,45,27,18
127,96,0,0,0,1,0,1,1,0,1,3,1,2,4,2,2,3,1,2
127,101,23,11,12,81,37,44,184,88,96,299,148,151,364,163,201,372,164,208
127,114,2,1,1,2,1,1,3,2,1,6,5,1,10,8,2,8,7,1
127,153,37,21,16,35,17,18,46,26,20,51,28,23,62,32,30,95,46,49
127,199,68,37,31,81,44,37,87,46,41,104,54,50,130,70,60,168,90,78
127,218,30631,14667,15964,29655,14197,15458,29178,13926,15252,27600,13093,14507,28270,13467,14803,31758,14904,16854
127,83,227,126,101,162,80,82,99,33,66,96,29,67,92,25,67,90,22,68
127,104,257,89,168,697,131,566,1137,173,964,1533,351,1182,1928,528,1400,1928,503,1425
127,163,6,4,2,13,9,4,22,14,8,32,16,16,38,15,23,42,15,27
127,182,6,4,2,41,22,19,56,29,27,56,29,27,55,28,27,53,27,26
127,193,95,39,56,119,52,67,195,88,107,146,67,79,263,138,125,312,154,158
127,12,60,26,34,68,30,38,76,34,42,85,37,48,93,40,53,108,47,61
127,19,246,118,128,245,118,127,236,114,122,158,77,81,341,169,172,480,226,254
127,74,910,417,493,940,422,518,969,427,542,472,186,286,453,194,259,490,209,281
127,80,246,116,130,295,124,171,344,133,211,536,226,310,727,319,408,752,330,422
127,121,13,7,6,12,7,5,12,7,5,93,55,38,177,104,73,272,162,110
127,145,106,45,61,155,63,92,210,82,128,260,97,163,298,121,177,348,152,196
127,200,127,63,64,164,82,82,202,100,102,225,105,120,253,100,153,297,130,167
127,62,33,13,20,37,14,23,40,14,26,32,13,19,24,13,11,25,13,12
127,8,4,1,3,4,1,3,4,1,3,3,0,3,2,0,2,2,0,2
127,24,6,6,0,4,3,1,2,1,1,3,2,1,4,4,0,5,5,0
127,42,8,7,1,12,9,3,15,10,5,12,8,4,9,7,2,15,9,6
127,160,14,14,0,13,13,0,16,16,0,19,18,1,20,19,1,21,20,1
127,37,9773,4758,5015,9463,4585,4878,9379,4524,4855,8099,4037,4062,7305,3803,3502,8164,4248,3916
127,220,9614,4860,4754,8904,4527,4377,8560,4395,4165,8040,4147,3893,7620,3867,3753,7542,3817,3725
127,11,57407,30665,26742,57450,30363,27087,52620,27460,25160,51390,26550,24840,48680,24890,23790,49224,25051,24173
127,28,0,0,0,0,0,0,0,0,0,0,0,0,27,27,0,33,33,0
128,31,0,0,0,0,0,0,0,0,0,1,1,0,1,1,0,1,1,0
128,56,0,0,0,0,0,0,0,0,0,0,0,0,0,0,0,0,0,0
128,59,1,1,0,1,1,0,0,0,0,0,0,0,0,0,0,0,0,0
128,101,0,0,0,0,0,0,0,0,0,0,0,0,0,0,0,0,0,0
128,83,2,2,0,1,1,0,0,0,0,0,0,0,0,0,0,0,0,0
128,104,2,1,1,5,2,3,8,3,5,7,2,5,5,1,4,5,1,4
128,37,5,2,3,22,10,12,40,19,21,19,9,10,0,0,0,0,0,0
128,220,1086,532,554,3627,1799,1828,6318,3147,3171,6004,3005,2999,5764,2836,2928,6481,3180,3301
128,11,26,12,14,18,6,12,10,0,10,10,0,10,20,10,10,42,10,32
128,87,88,48,40,169,93,76,250,139,111,241,129,112,232,120,112,234,121,113
128,134,126,72,54,114,73,41,106,60,46,98,54,44,94,52,42,92,51,41
128,152,97,40,57,101,42,59,112,42,70,95,33,62,52,15,37,46,12,34
129,55,0,0,0,0,0,0,0,0,0,0,0,0,0,0,0,0,0,0
129,59,8,4,4,4,2,2,0,0,0,0,0,0,0,0,0,0,0,0
129,7,5,2,3,5,2,3,4,2,2,5,3,2,5,3,2,5,3,2
129,25,0,0,0,96,48,48,193,96,97,205,102,103,24,21,3,27,24,3
129,61,52,36,16,69,48,21,82,57,25,101,71,30,123,86,37,143,100,43
129,62,51,19,32,57,20,37,62,21,41,47,22,25,31,22,9,33,23,10
129,86,5803,2793,3010,6985,3167,3818,8167,3542,4625,8636,3741,4895,9104,3939,5165,9446,4036,5410
129,174,198,110,88,267,149,118,367,206,161,427,241,186,450,255,195,475,269,206
129,186,0,0,0,0,0,0,0,0,0,36,17,19,72,34,38,75,36,39
129,50,3,2,1,2,1,1,3,2,1,2,1,1,4,3,1,4,3,1
129,42,5,2,3,5,2,3,5,2,3,4,2,2,3,2,1,5,3,2
129,75,4570,2474,2096,4771,2486,2285,4971,2498,2473,4685,2337,2348,4398,2176,2222,2654,1298,1356
129,225,38,13,25,37,13,24,36,12,24,37,12,25,40,13,27,43,14,29
129,37,288,141,147,284,138,146,287,138,149,415,227,188,568,330,238,635,369,266
129,11,20,13,7,20,17,3,20,20,0,10,10,0,20,10,10,42,21,21
129,54,0,0,0,0,0,0,0,0,0,0,0,0,29,12,17,31,13,18
130,48,965,739,226,1115,841,274,1564,1169,395,994,802,192,2369,1847,522,3149,2426,723
130,64,152,115,37,128,95,33,114,82,32,136,100,36,147,107,40,174,120,54
130,118,433,327,106,345,258,87,264,195,69,290,229,61,317,251,66,357,282,75
130,139,1088,576,512,999,522,477,1053,541,512,1080,548,532,1208,609,599,1619,812,807
130,210,376,187,189,374,189,185,430,218,212,414,212,202,409,211,198,530,274,256
130,228,282,210,72,313,235,78,345,260,85,408,311,97,471,361,110,542,418,124
130,51,9873,7662,2211,10316,7990,2326,9058,7011,2047,8241,6379,1862,7702,5963,1739,7997,6191,1806
130,78,2005,1729,276,2474,2120,354,3100,2646,454,3076,2622,454,3144,2679,465,3257,2774,483
130,81,9,6,3,9,6,3,10,7,3,14,10,4,11,7,4,13,8,5
130,89,384,251,133,442,306,136,478,328,150,870,536,334,1351,799,552,1504,891,613
130,90,359,173,186,461,227,234,563,281,282,545,274,271,527,267,260,559,281,278
130,126,14942,6730,8212,20955,10508,10447,12423,7103,5320,5499,2823,2676,14446,8668,5778,17189,10314,6875
130,181,89862,46775,43087,98848,51453,47395,59956,32872,27084,53740,28924,24816,50090,26729,23361,51490,27478,24012
130,184,142,108,34,138,104,34,134,100,34,131,98,33,130,97,33,129,96,33
130,206,68,28,40,76,31,45,85,35,50,95,39,56,129,58,71,145,65,80
130,100,154,113,41,182,122,60,172,101,71,197,138,59,199,143,56,200,152,48
130,107,90,77,13,87,71,16,83,64,19,120,96,24,155,126,29,73,56,17
130,31,1,1,0,2,2,0,2,2,0,3,3,0,3,3,0,3,3,0
130,56,1,1,0,1,1,0,1,1,0,3,3,0,4,4,0,6,6,0
130,95,9,4,5,6,3,3,3,3,0,4,4,0,5,5,0,3,3,0
130,59,4,2,2,15,8,7,26,14,12,28,13,15,30,13,17,27,11,16
130,73,0,0,0,0,0,0,0,0,0,4,4,0,8,8,0,21,20,1
130,101,2,1,1,4,2,2,9,5,4,9,5,4,8,5,3,8,5,3
130,153,3,3,0,7,7,0,12,9,3,10,10,0,19,16,3,58,53,5
130,199,15,14,1,18,17,1,20,18,2,26,24,2,44,36,8,64,53,11
130,218,3,3,0,15,10,5,29,18,11,113,68,45,207,124,83,233,140,93
130,83,3,1,2,4,2,2,5,3,2,63,59,4,121,116,5,118,113,5
130,104,46,16,30,216,139,77,385,261,124,531,395,136,677,530,147,677,527,150
130,163,8,7,1,18,15,3,30,24,6,35,29,6,35,29,6,39,31,8
130,193,702,542,160,1154,922,232,2103,1704,399,8638,6966,1672,11138,9090,2048,8606,6408,2198
130,12,19,18,1,21,19,2,23,21,2,26,24,2,29,27,2,33,31,2
130,19,555,437,118,551,433,118,531,417,114,430,343,87,855,677,178,1649,1357,292
130,74,11287,7803,3484,11652,7995,3657,12017,8187,3830,12537,8241,4296,16426,10757,5669,17768,11616,6152
130,145,163,159,4,240,234,6,325,315,10,401,365,36,335,304,31,320,290,30
130,200,74,54,20,78,55,23,84,57,27,96,63,33,111,68,43,130,83,47
130,24,0,0,0,0,0,0,0,0,0,1,0,1,1,0,1,1,0,1
130,42,10,7,3,6,4,2,1,1,0,1,1,0,1,1,0,2,2,0
130,37,24,11,13,85,41,44,149,72,77,332,198,134,534,335,199,597,374,223
130,11,16,2,14,8,1,7,0,0,0,0,0,0,0,0,0,42,21,21
130,68,0,0,0,0,0,0,0,0,0,0,0,0,2,0,2,2,0,2
131,168,1008,541,467,2181,1077,1104,3455,1651,1804,4294,2044,2250,4893,2318,2575,5059,2384,2675
131,183,258,126,132,383,225,158,509,324,185,502,342,160,495,359,136,554,339,215
131,219,113,70,43,151,94,57,161,100,61,181,113,68,187,117,70,192,104,88
131,27,292,172,120,471,284,187,700,427,273,1056,639,417,1416,853,563,1881,1125,756
131,142,158,64,94,151,62,89,141,58,83,111,45,66,106,43,63,97,40,57
131,191,4711,3017,1694,3604,2169,1435,3520,1879,1641,4213,2200,2013,6724,3485,3239,9132,4739,4393
131,97,2547,1297,1250,1455,719,736,362,141,221,335,130,205,307,119,188,296,115,181
131,55,3,2,1,4,2,2,5,3,2,7,4,3,12,7,5,13,8,5
131,31,0,0,0,0,0,0,0,0,0,1,0,1,1,0,1,1,0,1
131,56,1,1,0,1,1,0,1,1,0,15,9,6,27,15,12,28,17,11
131,95,21,9,12,28,14,14,35,19,16,43,24,19,51,29,22,65,32,33
131,170,273,134,139,247,141,106,213,142,71,139,95,44,63,45,18,64,46,18
131,59,83,41,42,97,48,49,110,55,55,128,60,68,146,66,80,146,64,82
131,73,13,5,8,18,8,10,22,11,11,31,17,14,39,23,16,55,30,25
131,96,3,1,2,5,2,3,7,3,4,7,3,4,7,3,4,5,1,4
131,101,74,42,32,206,115,91,451,257,194,1969,1167,802,3163,1783,1380,3231,1804,1427
131,114,0,0,0,0,0,0,0,0,0,0,0,0,0,0,0,0,0,0
131,153,145,71,74,148,75,73,138,69,69,148,69,79,173,77,96,187,81,106
131,199,104,37,67,124,44,80,133,46,87,142,50,92,174,70,104,189,79,110
131,218,22883,12015,10868,24326,12586,11740,26180,13339,12841,31876,15936,15940,40167,19983,20184,45123,22143,22980
131,83,45,25,20,48,19,29,52,14,38,46,11,35,39,7,32,38,5,33
131,104,9594,3909,5685,10066,4157,5909,10538,4405,6133,10018,4290,5728,9497,4175,5322,9499,4081,5418
131,193,19,10,9,29,15,14,359,200,159,173,95,78,237,130,107,241,129,112
131,12,63,30,33,72,35,37,80,39,41,89,42,47,98,46,52,114,54,60
131,19,616,209,407,712,209,503,787,204,583,670,199,471,648,220,428,817,289,528
131,74,38101,15891,22210,39333,16019,23314,40565,16147,24418,38979,15757,23222,40988,15827,25161,44337,17032,27305
131,121,51,15,36,48,15,33,46,14,32,39,13,26,34,13,21,53,20,33
131,145,145,60,85,213,85,128,289,112,177,320,121,199,348,136,212,361,147,214
131,200,1750,456,1294,1862,569,1293,1982,689,1293,2210,698,1512,2482,579,1903,2916,835,2081
131,42,1,1,0,2,2,0,2,2,0,2,2,0,2,2,0,5,5,0
131,37,5095,2481,2614,5784,2801,2983,6611,3189,3422,9627,4709,4918,13221,6524,6697,14775,7286,7489
131,11,20215,9945,10270,19621,9569,10052,18530,8970,9560,20340,9980,10360,27010,13510,13500,28779,14324,14455
131,68,0,0,0,0,0,0,0,0,0,0,0,0,2,1,1,2,1,1
132,168,1800,967,833,3893,1924,1969,6162,2948,3214,6410,3107,3303,6294,3085,3209,6507,3173,3334
132,42,0,0,0,1,1,0,1,1,0,1,1,0,1,1,0,2,2,0
132,37,0,0,0,0,0,0,0,0,0,0,0,0,0,0,0,0,0,0
132,227,35,19,16,43,23,20,53,27,26,60,31,29,70,36,34,93,49,44
133,64,71,25,46,57,19,38,48,16,32,57,21,36,62,22,40,74,20,54
133,191,78,48,30,86,47,39,119,57,62,142,67,75,227,105,122,292,136,156
133,34,4,2,2,5,3,2,6,4,2,5,4,1,3,3,0,3,3,0
133,106,786,400,386,1255,602,653,1740,804,936,1845,841,1004,1956,880,1076,1937,864,1073
133,161,31,23,8,59,38,21,105,63,42,121,73,48,143,85,58,145,87,58
133,55,16,6,10,23,8,15,29,10,19,42,14,28,68,24,44,71,25,46
133,103,1422,662,760,1721,801,920,1923,905,1018,2209,1056,1153,2522,1218,1304,2601,1250,1351
133,211,37,19,18,89,44,45,143,69,74,147,70,77,151,70,81,153,69,84
133,31,2,1,1,7,3,4,12,5,7,18,8,10,24,11,13,44,21,23
133,56,19,10,9,29,16,13,39,22,17,147,87,60,242,147,95,394,253,141
133,95,20,11,9,154,79,75,288,148,140,357,187,170,425,225,200,432,243,189
133,162,165,86,79,140,72,68,120,60,60,167,95,72,220,132,88,211,127,84
133,169,4,1,3,6,2,4,9,3,6,10,3,7,12,4,8,127,42,85
133,170,173,85,88,170,90,80,162,91,71,182,94,88,200,96,104,204,97,107
133,187,3,1,2,24,16,8,53,35,18,60,40,20,67,45,22,82,55,27
133,59,239,97,142,350,148,202,461,199,262,694,303,391,926,406,520,1157,530,627
133,73,67,41,26,98,54,44,129,67,62,336,189,147,542,311,231,908,497,411
133,96,10,3,7,24,7,17,38,11,27,54,20,34,69,29,40,87,37,50
133,101,59,19,40,162,47,115,355,110,245,356,125,231,299,91,208,305,90,215
133,114,6,3,3,9,5,4,12,7,5,28,22,6,45,38,7,37,32,5
133,153,208,87,121,262,104,158,380,150,230,520,194,326,843,348,495,1226,537,689
133,199,847,395,452,1006,465,541,1079,495,584,1526,733,793,2015,938,1077,2486,1132,1354
133,218,704,407,297,2769,1278,1491,4882,2167,2715,6836,3043,3793,9348,4204,5144,10502,4646,5856
133,52,0,0,0,8,3,5,15,5,10,27,10,17,39,16,23,39,16,23
133,83,379,137,242,366,108,258,360,77,283,383,81,302,405,84,321,396,69,327
133,104,4331,532,3799,4177,702,3475,4023,873,3150,6424,1861,4563,8825,2849,5976,8827,2743,6084
133,163,62,23,39,134,49,85,212,76,136,243,100,143,234,107,127,256,110,146
133,182,2,1,1,19,8,11,27,11,16,27,11,16,27,11,16,26,11,15
133,188,5,3,2,10,6,4,16,9,7,16,7,9,41,20,21,68,42,26
133,193,9649,3999,5650,11659,4903,6756,18686,8137,10549,35811,15602,20209,44801,19426,25375,46867,19434,27433
133,12,832,348,484,939,402,537,1046,456,590,1169,494,675,1292,532,760,1512,627,885
133,19,828,310,518,823,308,515,794,298,496,742,291,451,940,380,560,1242,515,727
133,74,6305,2439,3866,6509,2451,4058,6712,2462,4250,9332,3799,5533,11630,4120,7510,12580,4430,8150
133,80,3437,1253,2184,4652,1514,3138,5867,1775,4092,11763,4267,7496,17659,6759,10900,18268,6992,11276
133,119,0,0,0,0,0,0,0,0,0,10,5,5,21,10,11,25,9,16
133,121,27,7,20,25,7,18,24,6,18,20,6,14,18,6,12,27,9,18
133,145,658,287,371,968,410,558,1312,545,767,2086,799,1287,2882,1141,1741,3801,1525,2276
133,200,2539,933,1606,3416,1404,2012,4306,1886,2420,4915,2023,2892,5621,1929,3692,6605,2568,4037
133,7,3,1,2,4,2,2,4,2,2,5,3,2,5,3,2,5,3,2
133,14,21,9,12,51,31,20,82,54,28,103,66,37,124,79,45,134,85,49
133,25,10,2,8,21,5,16,32,8,24,34,9,25,0,0,0,0,0,0
133,38,13,6,7,28,13,15,43,20,23,40,19,21,38,18,20,37,18,19
133,53,889,445,444,674,323,351,459,202,257,457,203,254,417,186,231,375,167,208
133,62,1737,773,964,1930,833,1097,2122,893,1229,1777,820,957,1419,740,679,1498,781,717
133,92,306,131,175,361,158,203,415,185,230,489,220,269,563,255,308,634,289,345
133,164,1907,903,1004,2302,1092,1210,2703,1283,1420,3118,1476,1642,3142,1473,1669,2647,1235,1412
133,174,4,0,4,5,0,5,8,1,7,8,1,7,9,1,8,9,1,8
133,20,3025,1702,1323,2782,1528,1254,2539,1354,1185,2764,1467,1297,2988,1579,1409,3472,1825,1647
133,50,2081,962,1119,1778,842,936,2365,1106,1259,1549,714,835,3053,1411,1642,3176,1459,1717
133,65,2457,1095,1362,1948,871,1077,1438,647,791,1541,700,841,1644,753,891,1714,786,928
133,88,5402,1558,3844,8236,3466,4770,11070,5374,5696,13160,7133,6027,15250,8892,6358,17540,10330,7210
133,94,795,409,386,980,486,494,1164,562,602,1140,557,583,1116,553,563,1148,574,574
133,148,925,395,530,734,310,424,725,315,410,735,326,409,785,351,434,846,381,465
133,157,1393,554,839,1810,795,1015,2341,1078,1263,3152,1613,1539,4114,2248,1866,4832,2634,2198
133,8,2332,1211,1121,2686,1358,1328,3040,1505,1535,2243,1129,1114,1445,752,693,1450,754,696
133,24,8125,4025,4100,8770,4341,4429,9323,4609,4714,8760,4307,4453,8179,3998,4181,9522,4654,4868
133,28,792,480,312,1027,594,433,1261,707,554,1973,1075,898,2656,1425,1231,3198,1716,1482
133,42,746,365,381,1223,606,617,1700,848,852,1379,776,603,1058,705,353,1739,993,746
133,46,1908,945,963,2072,1047,1025,2236,1150,1086,2255,1178,1077,2664,1426,1238,2854,1540,1314
133,63,656,296,360,797,364,433,937,432,505,1106,523,583,1553,713,840,2258,1028,1230
133,159,3059,1512,1547,2440,1219,1221,1813,913,900,1727,870,857,1645,827,818,1605,806,799
133,160,1067,504,563,931,434,497,1088,509,579,1273,599,674,1380,653,727,1491,709,782
133,222,719,359,360,657,311,346,602,269,333,553,253,300,508,237,271,466,224,242
133,225,2886,1284,1602,3012,1378,1634,3115,1461,1654,3344,1530,1814,3585,1600,1985,3831,1681,2150
133,37,18610,9060,9550,30113,14566,15547,42332,20421,21911,61186,29641,31545,83715,40726,42989,93557,45484,48073
133,220,4298014,2315850,1982164,6602801,3565436,3037365,9177487,4970427,4207060,10309054,5605840,4703214,11566960,6198777,5368183,12050031,6441257,5608774
133,11,777,330,447,1049,462,587,1260,570,690,1840,860,980,3450,1730,1720,4937,2410,2527
133,68,0,0,0,0,0,0,0,0,0,0,0,0,28,18,10,26,17,9
133,54,0,0,0,0,0,0,0,0,0,0,0,0,12,3,9,13,4,9
134,101,0,0,0,0,0,0,0,0,0,0,0,0,0,0,0,0,0,0
134,104,0,0,0,7,2,5,13,3,10,13,3,10,13,3,10,13,3,10
134,193,15,7,8,23,11,12,282,149,133,136,71,65,77,40,37,73,31,42
134,12,1,0,1,1,0,1,1,0,1,1,0,1,1,0,1,1,0,1
134,74,1,1,0,1,1,0,1,1,0,2,2,0,3,3,0,3,3,0
134,8,9,0,9,9,0,9,9,0,9,7,0,7,4,0,4,4,0,4
134,42,1,0,1,1,0,1,1,0,1,1,0,1,1,1,0,2,2,0
134,37,5,2,3,12,6,6,20,10,10,10,5,5,0,0,0,0,0,0
134,220,2741,1341,1400,4816,2381,2435,7088,3526,3562,6736,3368,3368,6467,3178,3289,7271,3563,3708
134,11,6,3,3,8,2,6,10,0,10,10,0,10,10,10,0,0,0,0
134,87,2962,1623,1339,4962,2607,2355,6961,3590,3371,8753,4516,4237,10545,5443,5102,10639,5488,5151
134,128,92,60,32,112,70,42,139,83,56,178,102,76,228,130,98,242,138,104
134,152,1720,814,906,1760,867,893,1908,918,990,1841,819,1022,1245,495,750,1115,440,675
134,156,166,86,80,282,125,157,326,146,180,465,227,238,445,206,239,435,196,239
135,64,62,29,33,59,28,31,60,29,31,71,36,35,77,38,39,91,39,52
135,118,176,83,93,187,101,86,202,123,79,223,152,71,245,168,77,276,188,88
135,191,11,6,5,9,6,3,11,9,2,13,11,2,21,18,3,26,23,3
135,31,1,0,1,2,1,1,2,1,1,3,1,2,4,2,2,9,4,5
135,56,0,0,0,1,1,0,1,1,0,2,2,0,3,3,0,6,5,1
135,95,0,0,0,2,1,1,4,2,2,5,3,2,5,4,1,5,3,2
135,162,3,2,1,2,2,0,2,1,1,13,9,4,25,16,9,23,14,9
135,170,192,94,98,218,98,120,238,100,138,142,58,84,45,15,30,45,15,30
135,59,5,3,2,6,4,2,7,5,2,11,6,5,15,8,7,17,10,7
135,73,1,1,0,2,2,0,2,2,0,3,3,0,3,3,0,10,6,4
135,96,0,0,0,1,0,1,1,0,1,1,0,1,1,0,1,1,0,1
135,101,1,1,0,4,3,1,8,5,3,8,5,3,7,5,2,7,5,2
135,199,11,9,2,13,11,2,15,12,3,22,17,5,29,20,9,42,23,19
135,218,60,44,16,136,78,58,215,113,102,287,161,126,383,223,160,430,249,181
135,83,11,6,5,16,7,9,22,8,14,34,15,19,46,23,23,45,22,23
135,104,154,53,101,179,60,119,203,67,136,910,409,501,1617,752,865,1617,736,881
135,193,82,43,39,124,67,57,154,81,73,182,91,91,234,112,122,235,111,124
135,12,14,6,8,16,7,9,18,9,9,20,9,11,21,9,12,24,10,14
135,19,5,3,2,5,3,2,5,3,2,7,3,4,8,3,5,6,2,4
135,74,3282,1677,1605,3388,1703,1685,3494,1730,1764,16581,8309,8272,23063,11190,11873,24947,12062,12885
135,145,23,11,12,33,15,18,46,19,27,54,21,33,61,24,37,78,36,42
135,200,116,53,63,148,76,72,181,98,83,202,102,100,227,97,130,266,124,142
135,50,1,1,0,1,1,0,1,1,0,1,1,0,1,1,0,1,1,0
135,8,23,1,22,22,1,21,21,1,20,16,1,15,10,1,9,10,1,9
135,24,2,0,2,1,0,1,0,0,0,0,0,0,0,0,0,0,0,0
135,42,4,1,3,7,3,4,9,4,5,8,4,4,6,4,2,8,2,6
135,37,130,63,67,118,57,61,109,52,57,138,85,53,175,122,53,196,137,59
135,11,37,23,14,19,12,7,0,0,0,20,0,20,30,10,20,53,21,32
135,68,0,0,0,0,0,0,0,0,0,0,0,0,1,0,1,1,0,1
135,28,0,0,0,0,0,0,0,0,0,0,0,0,125,46,79,151,56,95
136,64,1,1,0,6,5,1,11,9,2,13,11,2,14,12,2,17,14,3
136,166,112,57,55,703,347,356,1519,771,748,9085,5417,3668,20251,11983,8268,18407,10294,8113
136,211,46,24,22,111,55,56,178,87,91,183,88,95,188,88,100,190,87,103
136,18,96,40,56,136,43,93,175,45,130,168,43,125,161,42,119,168,43,125
136,31,23,11,12,29,12,17,35,13,22,47,17,30,57,21,36,70,24,46
136,56,140,52,88,210,82,128,279,111,168,2887,1097,1790,5258,2077,3181,4500,1754,2746
136,95,386,171,215,625,205,420,863,238,625,1066,308,758,1268,377,891,987,286,701
136,162,234,110,124,200,93,107,171,78,93,248,91,157,334,106,228,322,104,218
136,167,43,18,25,39,17,22,79,33,46,112,47,65,101,39,62,92,33,59
136,170,21142,10375,10767,22734,10881,11853,23503,10997,12506,22355,10299,12056,20748,9397,11351,21144,9518,11626
136,187,11,6,5,22,9,13,41,15,26,47,18,29,52,20,32,64,26,38
136,59,2,1,1,10,4,6,17,6,11,41,10,31,65,14,51,61,12,49
136,68,28,10,18,43,15,28,58,21,37,56,23,33,53,24,29,49,22,27
136,73,1,1,0,7,2,5,13,4,9,30,11,19,47,19,28,62,19,43
136,96,5,3,2,8,4,4,10,5,5,18,8,10,26,12,14,22,9,13
136,101,61,23,38,169,60,109,369,139,230,371,154,217,311,115,196,318,115,203
136,114,87,39,48,133,60,73,180,82,98,155,68,87,128,51,77,107,42,65
136,120,79,36,43,88,41,47,68,32,36,76,36,40,75,33,42,64,27,37
136,153,0,0,0,0,0,0,8,3,5,42,13,29,96,24,72,141,35,106
136,199,30,10,20,36,11,25,39,12,27,123,35,88,830,325,505,2409,1007,1402
136,218,40,23,17,162,75,87,288,128,160,917,340,577,1621,585,1036,1821,642,1179
136,83,9,4,5,10,4,6,12,5,7,10,4,6,8,4,4,8,4,4
136,104,5,1,4,31,5,26,57,10,47,166,44,122,275,79,196,275,75,200
136,193,10,3,7,16,5,11,193,71,122,93,33,60,367,134,233,419,144,275
136,12,993,353,640,1120,409,711,1247,466,781,1395,501,894,1542,536,1006,1804,634,1170
136,19,41,13,28,41,13,28,40,13,27,143,49,94,381,148,233,984,414,570
136,74,288,131,157,297,132,165,306,133,173,687,299,388,1319,559,760,1427,602,825
136,145,27,12,15,39,16,23,54,20,34,412,156,256,450,149,301,482,160,322
136,200,148,64,84,303,107,196,460,150,310,519,149,370,590,118,472,693,177,516
136,50,7,5,2,7,5,2,11,8,3,7,5,2,15,11,4,16,12,4
136,24,0,0,0,1,0,1,1,0,1,1,0,1,1,0,1,1,0,1
136,42,0,0,0,1,0,1,1,0,1,1,0,1,1,1,0,2,2,0
136,37,24,11,13,76,37,39,129,63,66,607,277,330,1122,510,612,1254,570,684
136,11,36,22,14,80,37,43,120,50,70,220,80,140,700,290,410,886,368,518
137,31,7,4,3,11,6,5,15,9,6,21,12,9,26,15,11,28,14,14
137,56,29,20,9,43,30,13,57,40,17,46,33,13,32,24,8,81,46,35
137,95,0,0,0,14,9,5,27,17,10,33,21,12,39,25,14,45,30,15
137,162,275,166,109,235,141,94,201,119,82,128,80,48,61,44,17,60,43,17
137,170,538,264,274,551,276,275,545,279,266,406,245,161,259,206,53,263,209,54
137,187,10,5,5,14,8,6,24,15,9,28,18,10,31,20,11,39,25,14
137,59,1900,997,903,1933,1015,918,1965,1032,933,1023,536,487,81,40,41,158,77,81
137,73,0,0,0,0,0,0,0,0,0,2,1,1,3,1,2,5,2,3
137,101,0,0,0,0,0,0,0,0,0,0,0,0,0,0,0,0,0,0
137,153,0,0,0,0,0,0,0,0,0,0,0,0,304,152,152,405,200,205
137,199,0,0,0,0,0,0,0,0,0,0,0,0,419,233,186,853,463,390
137,218,197,138,59,447,246,201,705,358,347,819,409,410,1001,497,504,1124,551,573
137,26,3727,1815,1912,4701,2291,2410,5675,2767,2908,3921,1902,2019,4423,2157,2266,3968,1935,2033
137,52,0,0,0,0,0,0,0,0,0,3071,1438,1633,6142,2877,3265,6181,2886,3295
137,104,1458,507,951,3757,1826,1931,6055,3145,2910,4170,2111,2059,2285,1078,1207,2285,1056,1229
137,163,0,0,0,51,46,5,105,93,12,94,54,40,69,7,62,75,3,72
137,182,9511,4518,4993,60383,28015,32368,79370,35552,43818,74564,32940,41624,72867,32146,40721,71224,31311,39913
137,188,2646,1353,1293,2630,1425,1205,2619,1490,1129,0,0,0,2997,1600,1397,2974,1620,1354
137,193,0,0,0,0,0,0,0,0,0,0,0,0,138,70,68,167,96,71
137,204,9247,3855,5392,8606,3559,5047,8065,3362,4703,8292,3459,4833,8519,3555,4964,9229,3837,5392
137,12,12031,5919,6112,13573,6790,6783,15115,7662,7453,16895,8365,8530,18675,9068,9607,21842,10667,11175
137,19,1304,679,625,1296,674,622,1250,651,599,17,10,7,128,66,62,512,241,271
137,74,949,501,448,980,510,470,1011,519,492,1147,584,563,1297,653,644,1403,704,699
137,80,30932,16661,14271,37033,19823,17210,43133,22984,20149,21579,11498,10081,24,11,13,25,12,13
137,119,78,78,0,94,94,0,110,110,0,55,55,0,1,1,0,3,2,1
137,121,2301,1245,1056,4925,2588,2337,7519,4012,3507,6563,3682,2881,5600,3351,2249,8559,5169,3390
137,200,0,0,0,992,539,453,1989,1081,908,2163,1124,1039,2380,1092,1288,2796,1388,1408
137,24,0,0,0,0,0,0,0,0,0,1,1,0,2,2,0,2,2,0
137,225,241,117,124,238,116,122,233,113,120,244,119,125,257,125,132,272,131,141
137,37,0,0,0,0,0,0,0,0,0,750,367,383,1545,758,787,1727,847,880
137,11,1297,650,647,3419,1758,1661,5340,2770,2570,4040,2080,1960,1880,950,930,2025,1010,1015
137,28,0,0,0,0,0,0,0,0,0,0,0,0,22,10,12,26,12,14
138,101,0,0,0,1,1,0,2,1,1,2,1,1,1,0,1,1,0,1
138,218,1290,723,567,5069,2230,2839,8935,3768,5167,7640,3297,4343,6969,3137,3832,7828,3467,4361
138,83,2,2,0,2,2,0,2,2,0,41,19,22,80,37,43,78,34,44
138,74,5,0,5,6,0,6,6,0,6,18,13,5,6,0,6,6,1,5
138,6,135,95,40,180,125,55,224,154,70,259,179,80,282,195,87,302,209,93
138,7,844,406,438,890,439,451,935,471,464,1003,505,498,1070,538,532,1138,572,566
138,29,108,48,60,127,55,72,146,62,84,167,71,96,188,80,108,209,89,120
138,61,59,31,28,78,41,37,93,49,44,114,60,54,139,74,65,162,86,76
138,85,6,3,3,7,4,3,9,5,4,9,5,4,10,5,5,10,5,5
138,173,186,89,97,246,120,126,339,170,169,386,195,191,418,210,208,430,217,213
138,174,14,7,7,18,9,9,25,12,13,28,13,15,30,14,16,31,15,16
138,221,649,270,379,728,302,426,810,336,474,794,332,462,780,328,452,780,328,452
138,50,3,1,2,2,0,2,3,1,2,2,1,1,4,1,3,4,1,3
138,42,10,3,7,6,2,4,1,1,0,1,1,0,1,1,0,2,2,0
138,37,384,187,197,491,238,253,610,295,315,591,292,299,607,306,301,678,341,337
138,220,3493,1501,1992,3624,1572,2052,3905,1714,2191,4648,2053,2595,5449,2355,3094,6085,2620,3465
139,77,221,109,112,264,130,134,337,165,172,369,181,188,421,207,214,463,227,236
139,64,527,131,396,627,145,482,776,170,606,924,247,677,997,239,758,1183,166,1017
139,118,1505,381,1124,2534,886,1648,3605,1444,2161,3972,2016,1956,4346,2231,2115,4899,2482,2417
139,210,7275,3620,3655,7220,3630,3590,6558,3331,3227,6315,3240,3075,4480,2306,2174,5803,2997,2806
139,191,1058,591,467,660,393,267,450,295,155,538,349,189,861,556,305,1166,754,412
139,130,306,142,164,326,168,158,337,191,146,339,198,141,341,202,139,342,204,138
139,181,3405,1636,1769,3560,1699,1861,3219,1477,1742,3463,1644,1819,3873,1916,1957,3981,1970,2011
139,15,257,184,73,282,199,83,308,213,95,439,298,141,669,451,218,648,434,214
139,55,16,9,7,23,12,11,29,15,14,42,22,20,68,36,32,71,38,33
139,100,451,275,176,532,273,259,504,198,306,578,326,252,584,345,239,586,383,203
139,103,157029,76439,80590,166657,79803,86854,166953,79630,87323,161576,76867,84709,158158,74864,83294,163113,76790,86323
139,107,398,141,257,563,149,414,726,159,567,1048,328,720,1348,474,874,631,132,499
139,111,1594,966,628,1277,814,463,1457,984,473,1573,1038,535,2083,1357,726,2795,1687,1108
139,115,182,65,117,256,56,200,330,47,283,258,45,213,186,44,142,157,75,82
139,165,1300,948,352,1412,1053,359,1315,1003,312,976,714,262,1431,1147,284,1437,1171,266
139,211,113,70,43,274,166,108,437,262,175,457,270,187,469,274,195,481,277,204
139,217,1948,1387,561,2496,1789,707,3188,2284,904,3594,2487,1107,7508,5259,2249,7492,5223,2269
139,31,19,15,4,30,20,10,41,25,16,59,35,24,74,43,31,85,48,37
139,56,26,22,4,39,33,6,51,43,8,154,132,22,245,212,33,300,252,48
139,95,38,33,5,83,62,21,128,92,36,158,114,44,188,136,52,200,139,61
139,162,221,162,59,189,139,50,162,118,44,241,193,48,329,274,55,318,265,53
139,169,4,2,2,6,4,2,8,4,4,9,5,4,11,6,5,107,62,45
139,170,1755,861,894,1514,901,613,1220,910,310,1162,838,324,1081,749,332,1101,761,340
139,187,3,2,1,15,13,2,33,28,5,38,32,6,42,36,6,52,44,8
139,216,2100,1469,631,2031,1438,593,1988,1425,563,1816,1303,513,1732,1244,488,1737,1249,488
139,59,3004,1824,1180,3943,2274,1669,4881,2723,2158,5157,2790,2367,5432,2857,2575,5632,2916,2716
139,73,412,390,22,642,560,82,871,730,141,1301,1003,298,1730,1275,455,2480,1707,773
139,96,21,15,6,53,37,16,84,59,25,120,79,41,155,99,56,166,101,65
139,101,52,36,16,145,99,46,318,221,97,319,228,91,268,186,82,274,189,85
139,114,3,1,2,4,2,2,5,2,3,8,6,2,11,9,2,9,8,1
139,153,2393,1666,727,3044,2035,1009,3719,2331,1388,4350,2577,1773,4881,2780,2101,5544,3091,2453
139,199,3529,2114,1415,4188,2496,1692,4492,2665,1827,5547,3133,2414,7391,3876,3515,9233,4738,4495
139,218,8857,5132,3725,10312,5771,4541,11941,6495,5446,15795,8320,7475,20936,10895,10041,23519,12087,11432
139,4,296,159,137,383,202,181,471,247,224,549,290,259,556,293,263,441,235,206
139,52,0,0,0,0,0,0,0,0,0,15,6,9,29,11,18,29,11,18
139,82,2021,1538,483,1564,1135,429,1107,732,375,1020,656,364,933,581,352,996,625,371
139,83,762,422,340,772,413,359,795,404,391,1458,965,493,2121,1527,594,2076,1471,605
139,104,169285,131208,38077,227427,147722,79705,285569,164237,121332,355367,202077,153290,425165,239917,185248,425238,236644,188594
139,127,83,18,65,98,23,75,124,30,94,147,38,109,208,49,159,260,70,190
139,163,395,243,152,853,526,327,1346,830,516,1680,1093,587,1736,1176,560,1906,1265,641
139,182,3,1,2,25,10,15,34,12,22,34,12,22,34,12,22,33,12,21
139,188,3,2,1,5,4,1,9,7,2,10,9,1,19,15,4,23,18,5
139,193,133341,71364,61977,165214,94722,70492,266706,161769,104937,521940,338967,182973,763735,466081,297654,699800,396245,303555
139,12,1061,581,480,1197,664,533,1333,747,586,1490,820,670,1647,893,754,1926,1049,877
139,19,135422,72784,62638,121372,65015,56357,103808,55575,48233,77908,40731,37177,81535,40608,40927,93012,46881,46131
139,74,713987,392571,321416,737068,399678,337390,760148,406784,353364,832641,431782,400859,856493,450458,406035,926466,485828,440638
139,80,72631,44680,27951,75112,45175,29937,77592,45669,31923,94164,53685,40479,110735,61700,49035,114552,63827,50725
139,121,125,74,51,169,82,87,216,91,125,186,85,101,160,80,80,246,126,120
139,145,114850,65315,49535,130895,73368,57527,151473,83806,67667,168387,90352,78035,167858,88287,79571,172291,89756,82535
139,200,8362,3948,4414,10113,4840,5273,11902,5766,6136,13265,6089,7176,14887,5857,9030,17494,7620,9874
139,62,21,12,9,24,14,10,26,15,11,29,19,10,32,24,8,34,26,8
139,50,17,8,9,8,4,4,3,1,2,2,1,1,4,1,3,4,1,3
139,133,186,82,104,204,101,103,232,126,106,219,128,91,233,145,88,320,209,111
139,157,24,15,9,33,21,12,46,29,17,55,36,19,67,45,22,79,54,25
139,8,466,183,283,455,182,273,444,181,263,328,137,191,211,92,119,212,93,119
139,24,6,1,5,6,1,5,5,1,4,13,5,8,21,10,11,24,11,13
139,42,62,39,23,74,43,31,85,46,39,69,41,28,53,36,17,87,49,38
139,46,73,49,24,69,45,24,65,42,23,60,39,21,66,43,23,71,47,24
139,63,16,10,6,18,11,7,20,12,8,24,15,9,33,20,13,48,29,19
139,160,27,18,9,24,16,8,29,19,10,34,22,12,36,24,12,38,26,12
139,225,1551,827,724,1297,682,615,1075,556,519,1035,545,490,995,532,463,1008,534,474
139,37,16116,7846,8270,20676,10009,10667,25727,12411,13316,40230,20690,19540,57150,30265,26885,63869,33805,30064
139,220,15541,6941,8600,24608,11119,13489,34682,15795,18887,45747,20954,24793,57373,25743,31630,62510,27947,34563
139,11,984,599,385,1212,761,451,1370,880,490,1570,950,620,1810,1060,750,2173,1242,931
139,146,479,274,205,555,314,241,631,354,277,672,378,294,714,403,311,750,424,326
139,68,0,0,0,0,0,0,0,0,0,0,0,0,15,12,3,14,11,3
139,28,0,0,0,0,0,0,0,0,0,0,0,0,503,310,193,606,374,232
140,67,3537,1813,1724,2218,1081,1137,896,350,546,992,396,596,1088,442,646,1107,457,650
140,109,1043,580,463,980,535,445,535,268,267,523,271,252,589,291,298,601,298,303
140,123,1075410,527139,548271,60845,31892,28953,58576,30625,27951,55817,29103,26714,54826,28545,26281,54183,28186,25997
140,215,234,109,125,229,102,127,32,17,15,31,17,14,31,17,14,30,17,13
140,219,144353,71441,72912,57995,29901,28094,46739,23874,22865,36267,18413,17854,28177,14125,14052,14651,7363,7288
140,230,41255,20591,20664,3127,1517,1610,545,265,280,842,410,432,1301,666,635,2010,1011,999
140,231,478855,267617,211238,266322,151935,114387,197830,112821,85009,145462,82963,62499,117799,67196,50603,94382,53804,40578
140,5,97,53,44,113,59,54,128,65,63,166,82,84,203,98,105,283,136,147
140,179,243,216,27,228,198,30,213,179,34,167,141,26,131,111,20,116,95,21
140,64,14,8,6,13,8,5,13,8,5,15,9,6,16,9,7,19,10,9
140,27,184,99,85,297,167,130,441,253,188,665,378,287,892,505,387,1185,666,519
140,116,32,21,11,28,19,9,23,16,7,23,16,7,23,16,7,23,16,7
140,142,203,115,88,194,111,83,182,103,79,143,81,62,137,78,59,125,72,53
140,191,346433,246668,99765,320659,218533,102126,234274,170677,63597,289475,207842,81633,379605,264348,115257,449710,313335,136375
140,198,46196,25888,20308,14585,8940,5645,9127,6530,2597,10145,7123,3022,10841,7472,3369,10393,7022,3371
140,34,51,22,29,64,29,35,76,35,41,51,23,28,25,11,14,26,11,15
140,55,3,1,2,4,1,3,5,1,4,7,1,6,12,2,10,13,3,10
140,31,6,4,2,10,6,4,14,9,5,20,12,8,25,15,10,34,20,14
140,56,1,1,0,1,1,0,1,1,0,3,2,1,5,4,1,10,8,2
140,95,12,11,1,14,10,4,15,9,6,18,11,7,20,13,7,21,12,9
140,162,18,17,1,15,15,0,13,12,1,20,20,0,28,28,0,26,26,0
140,170,111,54,57,105,57,48,96,58,38,103,68,35,109,76,33,111,77,34
140,59,65,38,27,94,43,51,122,48,74,155,58,97,188,69,119,209,73,136
140,73,6,4,2,12,4,8,18,4,14,39,16,23,59,27,32,81,36,45
140,96,4,1,3,6,2,4,7,2,5,11,5,6,14,7,7,26,11,15
140,101,8,4,4,21,10,11,46,24,22,46,25,21,38,19,19,39,19,20
140,114,0,0,0,0,0,0,0,0,0,0,0,0,0,0,0,0,0,0
140,153,22,10,12,32,14,18,60,17,43,102,39,63,139,56,83,189,84,105
140,199,154,58,96,182,67,115,196,71,125,245,95,150,333,143,190,333,141,192
140,218,467,280,187,1840,899,941,3244,1530,1714,4282,1974,2308,5670,2602,3068,6368,2876,3492
140,83,39,21,18,52,23,29,65,24,41,66,26,40,66,27,39,65,25,40
140,104,58,20,38,186,50,136,314,80,234,586,192,394,857,303,554,857,293,564
140,163,74609,35707,38902,73598,34900,38698,75573,35656,39917,74985,35425,39560,61946,29400,32546,67991,30752,37239
140,193,101,43,58,153,67,86,1854,906,948,892,429,463,1239,613,626,1197,594,603
140,12,37,16,21,42,19,23,47,22,25,52,23,29,57,25,32,67,30,37
140,19,21,5,16,21,5,16,20,4,16,30,10,20,39,16,23,56,22,34
140,74,1048,483,565,1082,489,593,1116,495,621,1036,530,506,1193,516,677,1290,555,735
140,145,216,113,103,317,161,156,431,216,215,541,271,270,634,319,315,655,331,324
140,200,709,314,395,809,392,417,912,471,441,985,491,494,1078,475,603,1266,607,659
140,50,3,1,2,2,0,2,3,1,2,2,1,1,4,1,3,4,1,3
140,8,25,0,25,24,0,24,23,0,23,17,0,17,11,1,10,11,1,10
140,24,0,0,0,0,0,0,0,0,0,2,1,1,3,2,1,3,2,1
140,28,987,752,235,1162,783,379,1337,815,522,1385,722,663,1413,617,796,1702,743,959
140,42,15,10,5,31,19,12,46,27,19,38,24,14,29,20,9,46,29,17
140,225,47,23,24,46,23,23,46,23,23,48,24,24,50,24,26,53,25,28
140,37,691,336,355,777,376,401,881,425,456,982,484,498,1141,573,568,1275,640,635
140,11,386,212,174,528,284,244,640,340,300,800,420,380,890,460,430,1023,505,518
140,68,0,0,0,0,0,0,0,0,0,0,0,0,2,2,0,2,2,0
141,64,9,7,2,9,8,1,9,8,1,11,10,1,12,11,1,14,13,1
141,191,211,45,166,131,36,95,90,34,56,107,39,68,172,62,110,218,79,139
141,166,88,82,6,552,512,40,1193,1107,86,1976,1839,137,3542,3290,252,11514,11125,389
141,35,24,16,8,63,42,21,102,68,34,80,54,26,58,40,18,52,36,16
141,113,404,213,191,360,188,172,282,146,136,245,122,123,238,109,129,249,114,135
141,124,4568,3177,1391,10170,7080,3090,16841,11671,5170,120771,85300,35471,241430,171769,69661,252292,181494,70798
141,161,55,32,23,170,85,85,333,159,174,365,173,192,415,192,223,421,195,226
141,203,229504,137948,91556,436777,243661,193116,734129,394930,339199,1150168,615256,534912,1648602,890739,757863,1978348,1011497,966851
141,226,963,569,394,2690,1552,1138,6807,4087,2720,7834,5012,2822,9356,5904,3452,11187,6801,4386
141,16,125851,109931,15920,128499,112276,16223,131147,114621,16526,160780,140978,19802,190412,167335,23077,201346,177185,24161
141,23,16,10,6,19,12,7,22,14,8,27,17,10,32,20,12,34,21,13
141,97,85706,44527,41179,73795,38244,35551,61884,31962,29922,57177,29467,27710,52470,26972,25498,50587,25974,24613
141,155,3598,1873,1725,3000,1559,1441,2662,1382,1280,2551,1325,1226,2479,1287,1192,2460,1279,1181
141,55,11,3,8,16,4,12,20,4,16,30,7,23,48,11,37,50,12,38
141,107,2,2,0,16,16,0,29,29,0,42,42,0,55,55,0,26,26,0
141,180,89529,59554,29975,101950,67994,33956,104750,70010,34740,129398,88958,40440,167772,118084,49688,202720,138092,64628
141,211,18,16,2,21,16,5,36,27,9,36,27,9,37,28,9,37,28,9
141,56,1,1,0,1,1,0,1,1,0,30,18,12,57,34,23,128,74,54
141,95,8,4,4,7,3,4,6,3,3,7,3,4,8,3,5,9,5,4
141,170,411,202,209,339,211,128,256,213,43,440,411,29,615,599,16,626,610,16
141,59,43,13,30,54,22,32,64,30,34,660,389,271,1256,748,508,1796,1011,785
141,73,7,3,4,29,16,13,50,29,21,507,272,235,963,514,449,1499,739,760
141,96,0,0,0,0,0,0,0,0,0,0,0,0,0,0,0,1,1,0
141,101,12,6,6,35,18,17,76,40,36,76,42,34,63,32,31,64,32,32
141,153,30,25,5,47,33,14,56,38,18,514,297,217,2433,1287,1146,3136,1587,1549
141,199,98,64,34,116,75,41,125,80,45,442,240,202,1403,739,664,1541,807,734
141,218,10359,4858,5501,9891,4638,5253,9590,4483,5107,10194,4758,5436,11629,5473,6156,13064,6055,7009
141,83,42,24,18,31,18,13,21,13,8,21,14,7,20,14,6,20,14,6
141,104,28,10,18,97,43,54,165,75,90,303,123,180,441,172,269,441,167,274
141,193,7,5,2,12,8,4,145,92,53,70,44,26,76,46,30,87,49,38
141,12,39,17,22,44,19,25,49,22,27,55,24,31,60,26,34,71,32,39
141,19,27,16,11,27,16,11,26,15,11,56,36,20,81,53,28,145,104,41
141,74,673,354,319,695,360,335,716,366,350,369,153,216,436,219,217,472,237,235
141,80,276,221,55,431,306,125,585,390,195,1393,892,501,2200,1393,807,2276,1441,835
141,145,86,61,25,126,89,37,171,118,53,361,255,106,698,449,249,1104,658,446
141,200,110,55,55,133,69,64,157,83,74,184,91,93,216,93,123,253,119,134
141,50,10,3,7,8,3,5,9,3,6,6,2,4,12,4,8,12,4,8
141,157,23,23,0,32,32,0,44,44,0,62,62,0,84,83,1,98,97,1
141,8,19,19,0,19,19,0,19,19,0,14,14,0,9,9,0,9,9,0
141,24,1,0,1,1,0,1,0,0,0,0,0,0,0,0,0,0,0,0
141,42,2,1,1,2,1,1,1,1,0,1,1,0,1,1,0,2,2,0
141,37,2337,1138,1199,2995,1450,1545,3724,1796,1928,5703,2774,2929,8024,3925,4099,8967,4383,4584
141,220,19835,9741,10094,25686,12723,12963,32588,16267,16321,47838,23994,23844,63676,31391,32285,103291,50767,52524
141,11,9884,4842,5042,11346,5509,5837,12120,6000,6120,13340,6510,6830,23270,11370,11900,28916,14281,14635
141,147,363,166,197,594,276,318,682,332,350,806,392,414,1515,734,781,2200,1064,1136
141,28,0,0,0,0,0,0,0,0,0,0,0,0,12,6,6,14,7,7
142,109,119,66,53,112,61,51,61,31,30,60,31,29,67,33,34,68,33,35
142,219,370,224,146,494,299,195,526,319,207,571,338,233,613,373,240,644,393,251
142,230,2360,1273,1087,473,256,217,101,55,46,251,137,114,630,281,349,1566,789,777
142,5,345,182,163,401,203,198,457,225,232,591,283,308,725,342,383,1012,474,538
142,64,379,124,255,277,91,186,196,64,132,233,86,147,251,86,165,298,77,221
142,27,286,158,128,462,245,217,687,359,328,1036,535,501,1389,713,676,1845,938,907
142,116,5,4,1,4,3,1,4,3,1,4,3,1,4,3,1,4,3,1
142,191,10904,6691,4213,23874,12776,11098,43615,22048,21567,52210,26243,25967,83326,40754,42572,133282,65271,68011
142,55,1,1,0,2,2,0,2,2,0,3,3,0,5,5,0,5,5,0
142,31,1,1,0,2,2,0,2,2,0,3,2,1,3,2,1,5,2,3
142,56,2,1,1,3,2,1,4,3,1,14,8,6,22,11,11,27,14,13
142,95,0,0,0,3,2,1,6,4,2,7,5,2,7,5,2,8,4,4
142,170,106,52,54,95,54,41,82,55,27,101,64,37,118,70,48,121,72,49
142,59,10,3,7,24,8,16,37,12,25,48,19,29,59,26,33,64,25,39
142,73,51,25,26,38,18,20,24,11,13,49,20,29,74,29,45,110,38,72
142,96,10,5,5,15,8,7,19,11,8,28,13,15,37,16,21,39,18,21
142,101,7,3,4,20,7,13,43,16,27,44,19,25,37,14,23,38,14,24
142,153,19,10,9,20,7,13,39,17,22,72,30,42,81,35,46,84,31,53
142,199,37,20,17,44,24,20,48,26,22,67,34,33,90,47,43,127,75,52
142,218,172,106,66,677,344,333,1195,587,608,1707,798,909,2359,1083,1276,2649,1198,1451
142,83,8,5,3,7,5,2,7,6,1,8,6,2,8,5,3,8,5,3
142,104,13,5,8,24,5,19,35,5,30,64,27,37,93,50,43,93,49,44
142,193,7,3,4,12,5,7,151,65,86,73,31,42,112,52,60,126,57,69
142,12,101,40,61,114,46,68,127,53,74,142,57,85,157,61,96,183,71,112
142,19,7,3,4,7,3,4,7,3,4,10,2,8,11,2,9,20,3,17
142,74,104,50,54,108,51,57,111,51,60,103,45,58,160,71,89,173,76,97
142,145,68,30,38,99,42,57,136,55,81,209,79,130,236,101,135,268,112,156
142,200,127,55,72,157,81,76,189,107,82,233,126,107,282,137,145,331,173,158
142,8,4,4,0,4,4,0,4,4,0,3,3,0,2,2,0,2,2,0
142,42,2,1,1,4,1,3,6,2,4,5,2,3,3,1,2,5,1,4
142,37,167,81,86,232,112,120,302,145,157,666,276,390,1069,423,646,1195,473,722
142,11,265,125,140,394,198,196,500,260,240,770,390,380,1130,550,580,1393,695,698
142,68,0,0,0,0,0,0,0,0,0,0,0,0,1,1,0,1,1,0
142,28,0,0,0,0,0,0,0,0,0,0,0,0,48,39,9,58,47,11
143,191,23,9,14,14,6,8,10,4,6,11,4,7,19,8,11,23,10,13
143,31,0,0,0,1,1,0,1,1,0,2,2,0,2,2,0,2,2,0
143,56,1,1,0,1,0,1,1,0,1,1,0,1,0,0,0,0,0,0
143,96,0,0,0,0,0,0,0,0,0,0,0,0,0,0,0,0,0,0
143,218,0,0,0,2,1,1,6,3,3,16,6,10,28,9,19,30,9,21
143,104,0,0,0,1,1,0,2,2,0,2,1,1,2,1,1,2,1,1
143,12,1,0,1,1,0,1,1,0,1,1,0,1,1,0,1,1,0,1
143,19,0,0,0,0,0,0,0,0,0,0,0,0,0,0,0,0,0,0
143,42,0,0,0,4,2,2,7,3,4,6,3,3,4,2,2,7,1,6
143,37,19,9,10,9,4,5,0,0,0,0,0,0,0,0,0,0,0,0
143,11,463,216,247,491,230,261,490,230,260,600,310,290,650,360,290,728,347,381
143,110,921,399,522,988,456,532,1055,513,542,1250,620,630,1446,727,719,1590,800,790
143,177,3,1,2,6,2,4,10,3,7,9,3,6,8,2,6,8,2,6
144,183,27,12,15,33,11,22,39,9,30,98,74,24,157,138,19,177,156,21
144,191,125,64,61,77,43,34,53,33,20,63,39,24,101,62,39,130,80,50
144,44,6254,3275,2979,6980,3633,3347,7706,3991,3715,8413,4154,4259,9141,4327,4814,9334,4226,5108
144,166,10,10,0,956,838,118,2208,1940,268,4495,3834,661,8563,7206,1357,13573,11188,2385
144,30,3665,2812,853,4337,3338,999,5008,3863,1145,5120,3956,1164,5232,4049,1183,5344,4142,1202
144,35,21,11,10,55,28,27,89,46,43,69,36,33,50,27,23,45,25,20
144,124,14931,7977,6954,27097,14496,12601,42109,22306,19803,111434,60943,50491,196194,109481,86713,205021,116892,88129
144,161,74,55,19,303,175,128,616,340,276,333,185,148,67,37,30,68,37,31
144,203,5763,2760,3003,9634,4443,5191,15494,6916,8578,12472,5483,6989,10345,4588,5757,8140,3636,4504
144,226,106,50,56,299,150,149,774,420,354,1375,786,589,1944,1061,883,2315,1253,1062
144,16,9670,8135,1535,11361,9606,1755,13051,11077,1974,24995,21353,3642,36938,31628,5310,39059,33500,5559
144,23,334,220,114,392,258,134,451,297,154,565,369,196,679,441,238,717,466,251
144,97,518212,223552,294660,591200,266232,324968,664187,308912,355275,613671,284662,329009,563154,260412,302742,542947,250712,292235
144,194,4,3,1,43,37,6,84,66,18,167,111,56,337,226,111,334,222,112
144,15,228,163,65,250,176,74,274,189,85,1066,722,344,2095,1415,680,3789,2541,1248
144,55,14,12,2,20,17,3,26,22,4,38,32,6,61,51,10,64,54,10
144,107,9,7,2,115,67,48,220,127,93,318,200,118,410,267,143,192,110,82
144,111,1416,858,558,1134,723,411,1294,874,420,1397,921,476,1850,1205,645,22678,13683,8995
144,165,459,335,124,498,372,126,464,354,110,23647,17821,5826,66011,52886,13125,151314,123207,28107
144,180,177661,136023,41638,182078,139627,42451,187079,143648,43431,231098,180541,50557,299632,233077,66555,381102,296054,85048
144,217,1730,1232,498,2217,1589,628,2832,2029,803,8818,6074,2744,23410,16396,7014,43809,30539,13270
144,31,1,1,0,2,2,0,3,3,0,4,4,0,5,5,0,7,7,0
144,56,4,3,1,6,4,2,8,5,3,59,47,12,106,86,20,129,92,37
144,95,0,0,0,19,12,7,38,25,13,47,31,16,56,37,19,64,41,23
144,162,13,13,0,10,10,0,9,9,0,32,25,7,58,43,15,56,42,14
144,170,573,281,292,492,294,198,395,297,98,285,225,60,171,150,21,175,154,21
144,59,37,23,14,78,44,34,118,65,53,820,553,267,1522,1041,481,2049,1215,834
144,73,16,4,12,49,29,20,82,54,28,635,486,149,1188,918,270,2691,1942,749
144,96,8,6,2,12,9,3,15,11,4,56,33,23,96,55,41,101,54,47
144,101,26,18,8,73,49,24,159,108,51,159,111,48,133,90,43,136,92,44
144,114,1,0,1,1,0,1,2,1,1,8,7,1,14,13,1,11,11,0
144,153,52,29,23,71,40,31,164,90,74,328,185,143,724,427,297,1558,910,648
144,199,121,66,55,143,77,66,154,82,72,240,137,103,708,493,215,901,572,329
144,218,828,624,204,3257,2234,1023,5741,3878,1863,26149,14837,11312,48686,27113,21573,54695,30133,24562
144,83,29,17,12,21,13,8,14,10,4,33,24,9,51,38,13,50,37,13
144,104,11,4,7,103,54,49,195,105,90,985,563,422,1775,1022,753,1775,1008,767
144,163,9,8,1,20,17,3,32,26,6,272,195,77,468,332,136,514,358,156
144,193,45,19,26,67,33,34,119,61,58,680,444,236,2594,1795,799,3136,1915,1221
144,12,323,207,116,365,236,129,406,264,142,454,291,163,502,319,183,588,374,214
144,19,45,22,23,38,19,19,29,15,14,579,348,231,1417,786,631,3348,2009,1339
144,74,707,336,371,730,340,390,753,345,408,1007,485,522,1225,548,677,1325,590,735
144,80,867,604,263,1386,986,400,1905,1369,536,2849,1742,1107,3793,2116,1677,3924,2189,1735
144,121,30,21,9,28,20,8,27,19,8,23,17,6,20,15,5,32,25,7
144,145,206,108,98,303,155,148,413,209,204,662,375,287,1346,822,524,1639,905,734
144,200,353,191,162,502,298,204,654,406,248,725,435,290,811,446,365,953,554,399
144,50,7,6,1,5,4,1,6,5,1,4,3,1,8,7,1,8,7,1
144,24,0,0,0,1,0,1,1,0,1,3,1,2,5,2,3,6,3,3
144,42,7,2,5,8,3,5,9,4,5,8,4,4,6,4,2,8,2,6
144,37,120,58,62,620,299,321,1134,547,587,4820,2476,2344,8796,4561,4235,9830,5094,4736
144,220,2262,1527,735,6848,4649,2199,11715,7969,3746,28769,14375,14394,46177,22675,23502,74904,36670,38234
144,11,404,259,145,1238,843,395,2000,1380,620,3860,2440,1420,27240,17110,10130,32872,19041,13831
144,147,72,47,25,229,132,97,335,163,172,553,269,284,1017,493,524,1465,709,756
144,152,156,130,26,191,161,30,239,201,38,221,184,37,140,114,26,125,101,24
144,68,0,0,0,0,0,0,0,0,0,0,0,0,20,19,1,19,18,1
144,28,0,0,0,0,0,0,0,0,0,0,0,0,50,50,0,60,60,0
145,215,215,116,99,211,111,100,226,111,115,224,110,114,223,109,114,221,108,113
145,39,19,10,9,36,19,17,50,26,24,38,20,18,38,20,18,33,17,16
145,64,1068,557,511,863,432,431,726,340,386,864,433,431,932,449,483,1105,457,648
145,118,3048,1596,1452,2158,1090,1068,1304,626,678,1435,822,613,1570,907,663,1770,1013,757
145,27,188,113,75,181,108,73,193,115,78,370,219,151,548,324,224,728,427,301
145,142,763,370,393,729,356,373,679,333,346,536,261,275,516,252,264,473,233,240
145,191,17440,7247,10193,11283,5321,5962,8325,4668,3657,9965,5478,4487,15904,8686,7218,21600,11809,9791
145,34,62,33,29,72,39,33,82,46,36,59,32,27,36,19,17,37,19,18
145,81,131,73,58,131,79,52,146,82,64,205,120,85,152,85,67,180,102,78
145,117,298,159,139,291,152,139,286,145,141,130,85,45,60,28,32,43,16,27
145,202,78,35,43,63,23,40,55,14,41,52,18,34,54,25,29,52,23,29
145,44,683,457,226,763,509,254,842,560,282,919,596,323,999,635,364,1020,634,386
145,106,749,382,367,834,401,433,904,418,486,1037,473,564,1099,495,604,958,428,530
145,30,247,135,112,268,147,121,289,160,129,295,164,131,301,168,133,307,172,135
145,35,14,9,5,37,24,13,59,38,21,46,30,16,33,22,11,30,20,10
145,98,928,585,343,614,393,221,300,201,99,3187,2037,1150,6279,3879,2400,6760,4204,2556
145,161,82,52,30,136,83,53,229,136,93,344,204,140,476,279,197,483,284,199
145,203,151,121,30,252,200,52,406,320,86,500,370,130,630,448,182,736,512,224
145,23,9,6,3,11,8,3,13,9,4,16,11,5,19,13,6,20,14,6
145,15,174,66,108,156,70,86,140,74,66,169,97,72,236,141,95,213,126,87
145,55,120,52,68,170,70,100,219,87,132,321,126,195,514,206,308,537,219,318
145,103,4337,1890,2447,4717,2007,2710,4832,2039,2793,4864,2035,2829,4955,2049,2906,5110,2098,3012
145,107,147,70,77,195,94,101,243,120,123,350,194,156,449,259,190,210,102,108
145,111,1080,151,929,729,201,528,662,334,328,640,344,296,778,443,335,980,500,480
145,154,611,342,269,780,464,316,730,489,241,594,413,181,556,412,144,454,327,127
145,165,407,297,110,442,330,112,412,315,97,323,228,95,497,376,121,450,348,102
145,211,9916,4899,5017,15095,7476,7619,20329,10065,10264,20949,10133,10816,21587,10190,11397,21913,10082,11831
145,217,1320,491,829,1346,643,703,1450,823,627,1378,813,565,2651,1667,984,2459,1537,922
145,31,12,8,4,72,47,25,132,86,46,214,142,72,286,191,95,773,453,320
145,56,135,88,47,203,134,69,271,180,91,1330,927,403,2279,1617,662,2624,1861,763
145,95,181,80,101,1012,573,439,1843,1066,777,2276,1333,943,2709,1600,1109,3147,1839,1308
145,162,1368,852,516,1170,723,447,1001,613,388,1815,1100,715,2686,1616,1070,2590,1570,1020
145,169,59,29,30,165,107,58,264,175,89,330,203,127,380,235,145,115,78,37
145,170,371,182,189,376,191,185,368,193,175,457,255,202,538,312,226,548,316,232
145,187,11,8,3,163,111,52,360,244,116,404,276,128,453,312,141,549,382,167
145,59,2389,1294,1095,3612,2033,1579,4835,2773,2062,5694,3270,2424,6553,3767,2786,7146,4068,3078
145,73,414,308,106,515,388,127,615,467,148,973,728,245,1331,990,341,1808,1314,494
145,96,112,46,66,133,56,77,153,65,88,228,108,120,303,151,152,274,146,128
145,101,1642,849,793,1728,868,860,2765,1433,1332,4163,2160,2003,4875,2277,2598,4980,2293,2687
145,114,16,7,9,29,21,8,42,34,8,89,70,19,134,103,31,112,86,26
145,120,33,20,13,37,23,14,28,18,10,85,55,30,131,82,49,111,68,43
145,153,3268,1566,1702,3552,1735,1817,4108,2090,2018,4742,2505,2237,7271,3924,3347,8654,4761,3893
145,199,3561,2075,1486,4226,2450,1776,4532,2614,1918,5922,3398,2524,8700,4988,3712,10413,6000,4413
145,218,28913,12098,16815,33722,14631,19091,39100,17361,21739,48075,22199,25876,60965,29094,31871,68489,32203,36286
145,4,190,102,88,209,111,98,229,121,108,260,137,123,257,135,122,229,125,104
145,52,232,80,152,250,91,159,241,95,146,523,236,287,804,377,427,809,378,431
145,83,5508,2130,3378,4247,1535,2712,3056,917,2139,3442,1130,2312,3828,1343,2485,3746,1214,2532
145,104,17068,4933,12135,13450,4117,9333,9831,3300,6531,11432,4160,7272,13032,5020,8012,13034,4877,8157
145,127,72,38,34,85,46,39,214,115,99,335,180,155,396,209,187,496,273,223
145,163,1823,884,939,2476,1217,1259,3231,1605,1626,3666,1861,1805,3493,1812,1681,3834,1910,1924
145,182,92,51,41,586,316,270,797,421,376,787,411,376,770,402,368,752,392,360
145,188,261,123,138,246,121,125,233,119,114,292,150,142,417,220,197,336,197,139
145,193,13912,6359,7553,17094,8058,9036,27629,13466,14163,34862,17708,17154,46634,24122,22512,46181,23801,22380
145,12,4668,2279,2389,5267,2616,2651,5865,2952,2913,6556,3222,3334,7247,3493,3754,8476,4109,4367
145,19,61047,35543,25504,74759,42240,32519,86307,47837,38470,104871,56784,48087,132872,71352,61520,160363,85415,74948
145,74,34420,15813,18607,35533,16001,19532,36645,16189,20456,37519,17589,19930,40527,18657,21870,43838,20104,23734
145,80,116092,63164,52928,111594,59481,52113,107095,55798,51297,120873,61856,59017,134651,67914,66737,139292,70255,69037
145,119,40,21,19,51,26,25,62,31,31,64,30,34,68,29,39,76,33,43
145,121,3092,1537,1555,3111,1542,1569,3163,1566,1597,3027,1498,1529,2926,1447,1479,4471,2241,2230
145,200,14877,6619,8258,15529,7543,7986,16239,8518,7721,21259,10248,11011,26692,11143,15549,31367,14364,17003
145,7,17,8,9,15,7,8,13,6,7,14,6,8,15,7,8,16,7,9
145,10,2096,1074,1022,2885,1482,1403,3674,1890,1784,4056,2092,1964,4358,2252,2106,4585,2369,2216
145,14,36,18,18,33,16,17,30,15,15,40,22,18,50,29,21,54,31,23
145,25,6705,3417,3288,6742,3406,3336,6780,3396,3384,7224,3617,3607,1859,782,1077,2114,889,1225
145,38,12,10,2,26,22,4,41,34,7,38,32,6,36,30,6,35,30,5
145,61,4,2,2,5,2,3,6,2,4,7,3,4,9,5,4,10,5,5
145,62,578,412,166,642,452,190,706,492,214,636,429,207,562,364,198,593,384,209
145,86,318,153,165,425,200,225,531,247,284,652,300,352,772,352,420,801,361,440
145,164,53,25,28,55,26,29,59,28,31,46,23,23,28,14,14,27,13,14
145,174,9,6,3,11,8,3,16,11,5,18,13,5,19,14,5,20,15,5
145,186,0,0,0,0,0,0,0,0,0,350,170,180,701,341,360,730,354,376
145,50,381,232,149,332,203,129,448,269,179,293,174,119,578,345,233,601,357,244
145,65,71,47,24,53,35,18,35,23,12,34,22,12,32,21,11,33,22,11
145,88,83,46,37,86,47,39,89,49,40,106,55,51,122,61,61,140,71,69
145,94,69,49,20,69,48,21,68,47,21,67,46,21,65,45,20,67,47,20
145,133,638,326,312,870,469,401,1140,634,506,1044,610,434,1070,657,413,1623,1053,570
145,148,117,61,56,93,48,45,160,75,85,232,104,128,248,113,135,267,123,144
145,157,79,49,30,90,57,33,108,68,40,253,169,84,411,279,132,482,327,155
145,8,943,519,424,876,477,399,810,436,374,598,326,272,386,217,169,387,217,170
145,24,2,2,0,14,7,7,26,13,13,177,94,83,328,176,152,382,205,177
145,28,3535,2155,1380,3522,2193,1329,3508,2231,1277,3426,2301,1125,3295,2336,959,3968,2813,1155
145,42,462,268,194,552,322,230,641,376,265,520,332,188,398,288,110,656,424,232
145,46,425,234,191,383,220,163,341,207,134,308,194,114,329,217,112,352,233,119
145,63,276,154,122,310,173,137,344,192,152,406,230,176,570,317,253,829,459,370
145,160,484,266,218,423,230,193,495,270,225,580,318,262,628,346,282,678,375,303
145,197,1312,708,604,1621,878,743,2002,1084,918,2450,1335,1115,2890,1576,1314,3409,1861,1548
145,225,649,385,264,628,382,246,603,375,228,628,382,246,654,388,266,690,407,283
145,37,124373,60548,63825,119431,57879,61552,117329,56600,60729,104551,51691,52860,98053,50028,48025,109581,55877,53704
145,220,96198,44136,52062,93473,43205,50268,94570,44201,50369,91610,43051,48559,89773,41367,48406,87922,40376,47546
145,11,104866,55141,49725,100236,52126,48110,92820,48430,44390,91600,47270,44330,88480,45230,43250,91358,46629,44729
145,147,23845,13378,10467,22794,12589,10205,21639,10517,11122,21138,10260,10878,21032,10193,10839,20589,9957,10632
145,49,10,8,2,11,9,2,11,9,2,14,11,3,17,13,4,19,15,4
145,36,0,0,0,0,0,0,0,0,0,160,96,64,127,78,49,122,68,54
145,68,0,0,0,0,0,0,0,0,0,0,0,0,129,97,32,120,90,30
145,137,0,0,0,0,0,0,0,0,0,0,0,0,138,28,110,155,32,123
145,54,0,0,0,0,0,0,0,0,0,0,0,0,8745,4427,4318,9504,4819,4685
146,101,1,0,1,4,2,2,8,5,3,8,4,4,7,3,4,7,3,4
146,218,19,13,6,78,41,37,139,69,70,119,60,59,109,56,53,121,62,59
146,24,0,0,0,1,1,0,1,1,0,1,1,0,0,0,0,0,0,0
146,42,3,1,2,4,1,3,4,1,3,3,1,2,2,1,1,5,3,2
146,37,58,28,30,85,41,44,114,55,59,119,60,59,131,68,63,146,76,70
146,11,1190,495,695,1252,522,730,1240,520,720,1250,550,700,1470,690,780,1878,842,1036
146,189,129,62,67,128,61,67,122,58,64,76,38,38,36,21,15,33,19,14
146,224,163,66,97,161,85,76,146,74,72,197,99,98,242,121,121,251,125,126
146,76,1745,830,915,1916,886,1030,2049,925,1124,2232,1063,1169,2235,1143,1092,2123,1085,1038
146,227,843,433,410,977,495,482,1114,559,555,1318,656,662,1551,774,777,1766,876,890
147,64,114,74,40,88,57,31,68,44,24,81,54,27,87,57,30,103,63,40
147,142,74,43,31,70,41,29,67,39,28,52,30,22,50,29,21,45,26,19
147,191,1402,576,826,1181,566,615,1295,691,604,1550,809,741,2474,1282,1192,3190,1655,1535
147,198,4,4,0,2,2,0,5,4,1,13,9,4,21,14,7,25,17,8
147,202,166,74,92,135,63,72,117,59,58,112,53,59,115,51,64,113,49,64
147,44,1506,1010,496,1681,1124,557,1856,1238,618,2026,1317,709,2201,1400,801,2247,1397,850
147,106,1275,650,625,2094,1005,1089,3264,1508,1756,3065,1396,1669,3250,1462,1788,3125,1394,1731
147,166,39,22,17,558,308,250,1256,708,548,1267,915,352,1780,1461,319,1810,1609,201
147,30,119,68,51,156,90,66,192,111,81,196,114,82,200,117,83,204,120,84
147,124,746,329,417,853,378,475,1051,458,593,1449,654,795,2049,964,1085,2141,1039,1102
147,161,117,69,48,97,58,39,105,62,43,236,138,98,378,218,160,383,221,162
147,185,1131,625,506,1389,761,628,1783,959,824,2514,1330,1184,3386,1773,1613,3938,2059,1879
147,203,2439,1011,1428,2194,974,1220,2403,1109,1294,1963,896,1067,1665,770,895,1352,634,718
147,205,139,75,64,151,81,70,165,88,77,175,98,77,171,111,60,168,110,58
147,23,11,7,4,13,8,5,15,9,6,19,12,7,23,15,8,24,15,9
147,125,6,3,3,8,4,4,10,5,5,13,7,6,21,13,8,29,20,9
147,194,1,1,0,13,11,2,27,19,8,54,26,28,110,54,56,109,53,56
147,55,23,9,14,33,12,21,42,15,27,62,23,39,99,37,62,103,39,64
147,107,28,16,12,53,27,26,77,37,40,112,61,51,144,82,62,67,32,35
147,211,70,31,39,169,71,98,270,112,158,278,112,166,286,112,174,290,110,180
147,31,5,3,2,9,5,4,12,7,5,17,10,7,21,12,9,42,24,18
147,56,9,6,3,13,9,4,17,12,5,68,49,19,114,83,31,175,134,41
147,95,0,0,0,61,33,28,121,66,55,149,82,67,176,97,79,186,106,80
147,162,71,41,30,60,34,26,52,29,23,79,45,34,110,62,48,106,60,46
147,170,196,96,100,191,101,90,180,103,77,133,76,57,85,48,37,86,48,38
147,187,1,1,0,10,7,3,22,15,7,25,17,8,28,19,9,35,24,11
147,59,309,155,154,427,245,182,545,335,210,648,394,254,751,454,297,835,490,345
147,73,36,16,20,54,33,21,72,51,21,129,97,32,186,143,43,257,190,67
147,96,86,24,62,62,18,44,37,12,25,43,17,26,49,22,27,48,23,25
147,101,192,94,98,680,323,357,1542,757,785,2051,1095,956,2223,1133,1090,2271,1144,1127
147,102,48,28,20,55,32,23,61,36,25,76,43,33,91,50,41,95,53,42
147,114,5,4,1,8,7,1,11,10,1,12,10,2,14,10,4,11,8,3
147,153,266,114,152,305,130,175,316,141,175,365,184,181,527,297,230,633,376,257
147,199,499,330,169,593,391,202,636,417,219,819,569,250,1011,711,300,1135,791,344
147,218,40222,18887,21335,47883,22696,25187,56350,26822,29528,55844,27158,28686,59885,29982,29903,67276,33231,34045
147,52,82,27,55,72,26,46,55,24,31,85,39,46,115,55,60,116,55,61
147,83,567,296,271,530,242,288,501,186,315,502,182,320,502,178,324,491,161,330
147,104,88,30,58,258,97,161,428,164,264,665,278,387,901,391,510,901,382,519
147,127,9,3,6,11,4,7,13,5,8,17,6,11,40,22,18,50,29,21
147,163,13,6,7,29,13,16,47,20,27,46,19,27,39,16,23,43,16,27
147,182,2,1,1,18,11,7,25,14,11,25,14,11,25,14,11,24,14,10
147,188,1,1,0,2,2,0,4,2,2,9,9,0,24,17,7,24,17,7
147,193,128,58,70,175,83,92,298,146,152,516,296,220,821,477,344,1026,576,450
147,12,244,132,112,275,151,124,306,170,136,343,187,156,379,204,175,443,240,203
147,19,125,69,56,124,68,56,120,66,54,172,91,81,234,109,125,248,123,125
147,74,1221,606,615,1261,615,646,1300,623,677,1566,803,763,1810,848,962,1958,914,1044
147,80,916,445,471,1178,559,619,1439,672,767,2287,1220,1067,3134,1767,1367,3242,1828,1414
147,121,23,15,8,21,14,7,20,13,7,17,12,5,15,10,5,22,15,7
147,145,2833,1469,1364,2968,1514,1454,3210,1609,1601,3701,1809,1892,3633,1780,1853,3814,1885,1929
147,200,1017,503,514,1139,605,534,1267,712,555,1423,772,651,1607,786,821,1888,991,897
147,7,3,1,2,7,3,4,10,5,5,11,5,6,11,5,6,12,6,6
147,14,14,6,8,16,7,9,19,9,10,21,8,13,22,6,16,24,7,17
147,25,3,1,2,7,4,3,11,6,5,11,6,5,3,0,3,3,0,3
147,38,18,12,6,38,25,13,59,39,20,56,37,19,53,35,18,52,35,17
147,174,1,1,0,0,0,0,1,1,0,1,1,0,1,1,0,1,1,0
147,50,14,4,10,11,3,8,13,3,10,9,2,7,17,4,13,18,4,14
147,133,35,23,12,70,40,30,110,60,50,100,56,44,103,58,45,143,88,55
147,157,17,9,8,24,13,11,33,18,15,37,24,13,43,30,13,50,35,15
147,8,24,13,11,23,12,11,22,11,11,17,9,8,11,6,5,11,6,5
147,24,34,11,23,35,18,17,35,25,10,45,28,17,55,31,24,64,36,28
147,42,105,56,49,122,64,58,139,73,66,113,66,47,87,59,28,141,84,57
147,46,48,25,23,47,24,23,46,24,22,43,23,20,48,26,22,51,28,23
147,63,38,16,22,43,18,25,47,20,27,55,24,31,77,33,44,112,48,64
147,71,37,20,17,49,29,20,52,31,21,73,42,31,24,11,13,26,12,14
147,160,67,31,36,59,27,32,69,31,38,81,36,45,87,39,48,94,43,51
147,225,16,8,8,15,7,8,15,7,8,15,7,8,17,8,9,18,8,10
147,37,7182,3496,3686,8186,3964,4222,9384,4527,4857,10167,5248,4919,11560,6296,5264,12919,7033,5886
147,220,15415,5964,9451,18760,7350,11410,22872,9072,13800,25497,10187,15310,28435,11067,17368,30794,11930,18864
147,11,298309,153968,144341,310921,159309,151612,365060,186500,178560,423580,216860,206720,517810,266510,251300,642271,329041,313230
147,72,1211,620,591,1045,538,507,870,448,422,548,289,259,588,314,274,606,327,279
147,146,98,50,48,113,57,56,129,64,65,137,68,69,146,73,73,153,77,76
147,158,2540,1421,1119,2602,1496,1106,1948,1171,777,2068,1418,650,1754,1219,535,1778,1243,535
147,189,141,75,66,140,74,66,134,71,63,103,56,47,79,45,34,73,42,31
147,224,154,86,68,165,87,78,173,87,86,251,126,125,299,149,150,313,156,157
147,110,42,28,14,38,24,14,35,21,14,44,28,16,54,35,19,59,39,20
147,143,32,21,11,29,19,10,27,18,9,25,17,8,24,17,7,23,16,7
147,3,237,124,113,233,121,112,229,118,111,478,244,234,726,369,357,716,363,353
147,49,2155,1172,983,2234,1214,1020,2319,1258,1061,2329,1204,1125,2340,1155,1185,2574,1262,1312
147,76,99,53,46,108,56,52,116,59,57,121,62,59,117,62,55,111,59,52
147,151,233,113,120,192,99,93,152,86,66,160,89,71,167,93,74,170,96,74
147,177,1041,517,524,1468,724,744,1885,920,965,1775,856,919,1551,738,813,1493,703,790
147,207,103,48,55,103,49,54,94,38,56,94,35,59,158,53,105,179,60,119
147,68,0,0,0,0,0,0,0,0,0,0,0,0,11,9,2,10,8,2
147,28,0,0,0,0,0,0,0,0,0,0,0,0,271,218,53,326,262,64
148,191,106,26,80,66,20,46,46,18,28,54,20,34,87,32,55,110,41,69
148,55,3,2,1,4,2,2,5,3,2,7,4,3,12,7,5,13,8,5
148,31,15,14,1,17,15,2,19,17,2,24,21,3,28,25,3,32,29,3
148,56,4,3,1,6,5,1,8,7,1,10,8,2,11,9,2,16,11,5
148,95,8,6,2,12,7,5,15,8,7,19,9,10,23,11,12,25,11,14
148,170,71,35,36,66,36,30,60,37,23,60,41,19,59,43,16,60,44,16
148,59,36,17,19,79,36,43,122,55,67,153,67,86,184,79,105,192,79,113
148,73,5,3,2,23,9,14,41,16,25,66,30,36,90,43,47,127,53,74
148,96,1,0,1,2,0,2,3,0,3,4,0,4,5,1,4,11,2,9
148,101,3,1,2,9,4,5,19,9,10,19,9,10,16,7,9,16,7,9
148,114,1,0,1,1,0,1,1,0,1,0,0,0,0,0,0,0,0,0
148,153,35,12,23,57,29,28,98,49,49,124,57,67,156,65,91,190,85,105
148,199,317,133,184,376,156,220,404,166,238,495,214,281,649,283,366,791,358,433
148,218,31,16,15,124,45,79,221,75,146,279,108,171,361,151,210,406,168,238
148,83,41,23,18,35,17,18,30,12,18,97,46,51,164,80,84,160,74,86
148,104,78,27,51,257,78,179,436,129,307,806,257,549,1175,385,790,1175,371,804
148,193,1002,426,576,1240,531,709,2013,885,1128,3156,1256,1900,12892,3831,9061,18713,4342,14371
148,12,115,46,69,130,53,77,144,60,84,161,65,96,178,70,108,208,82,126
148,19,32,10,22,31,9,22,30,8,22,47,14,33,56,24,32,106,36,70
148,74,489,179,310,505,179,326,521,180,341,472,176,296,598,199,399,647,214,433
148,80,653,336,317,634,303,331,615,271,344,1042,448,594,1469,625,844,1520,647,873
148,145,133,59,74,195,84,111,265,110,155,337,140,197,402,163,239,478,201,277
148,200,244,93,151,330,137,193,419,183,236,464,189,275,519,173,346,609,231,378
148,10,19,9,10,48,22,26,77,36,41,90,42,48,102,47,55,107,49,58
148,14,9,4,5,8,4,4,7,4,3,8,4,4,9,5,4,10,6,4
148,38,240,105,135,507,223,284,774,340,434,569,244,325,364,148,216,359,146,213
148,53,595,227,368,451,160,291,307,94,213,306,95,211,280,89,191,252,80,172
148,62,415,208,207,461,224,237,507,241,266,393,181,212,277,120,157,292,126,166
148,105,121,51,70,128,55,73,134,58,76,130,56,74,126,55,71,123,54,69
148,164,460,218,242,483,229,254,509,242,267,399,190,209,239,112,127,234,110,124
148,50,99153,50095,49058,131695,67061,64634,230085,114900,115185,148064,71223,76841,287766,136118,151648,299340,140775,158565
148,65,3893,1772,2121,4219,2043,2176,4545,2315,2230,6024,3142,2882,7502,3969,3533,7823,4144,3679
148,88,3726,1101,2625,4565,1783,2782,5404,2465,2939,6424,3203,3221,7443,3941,3502,8561,4590,3971
148,94,142802,74798,68004,74273,38819,35454,5768,2841,2927,5649,2817,2832,5530,2793,2737,5690,2898,2792
148,133,3096,1596,1500,3324,1567,1757,3696,1615,2081,3434,1546,1888,3572,1661,1911,5369,2493,2876
148,157,4553,2116,2437,4593,2061,2532,4923,2121,2802,7775,3234,4541,10998,4572,6426,12915,5351,7564
148,8,145,77,68,167,85,82,190,94,96,141,71,70,91,48,43,91,48,43
148,24,66,29,37,76,34,42,85,39,46,90,40,50,95,42,53,111,49,62
148,28,329,200,129,415,266,149,501,332,169,436,264,172,364,192,172,438,231,207
148,42,168,84,84,201,98,103,234,113,121,190,104,86,146,96,50,240,134,106
148,46,470,222,248,475,222,253,479,222,257,467,218,249,535,254,281,573,275,298
148,63,131,67,64,147,75,72,163,83,80,192,100,92,270,137,133,392,198,194
148,160,114,45,69,100,39,61,117,46,71,138,55,83,149,60,89,161,66,95
148,225,2526,1154,1372,2193,994,1199,1934,867,1067,1953,882,1071,1969,896,1073,2045,915,1130
148,37,6199,3018,3181,7730,3742,3988,9444,4556,4888,8894,4184,4710,8879,4076,4803,9923,4552,5371
148,220,168659,80771,87888,190601,91463,99138,220335,106209,114126,229520,111205,118315,241518,114870,126648,257427,122041,135386
148,11,725,349,376,785,380,405,800,390,410,770,370,400,830,370,460,876,400,476
148,68,0,0,0,0,0,0,0,0,0,0,0,0,1,1,0,1,1,0
149,40,2614,1411,1203,2840,1531,1309,3066,1651,1415,2121,962,1159,2512,1125,1387,3115,1435,1680
149,64,97,92,5,88,79,9,86,72,14,102,86,16,110,92,18,130,106,24
149,118,275,262,13,267,229,38,264,201,63,290,234,56,317,256,61,357,288,69
149,191,21,13,8,13,8,5,9,5,4,10,6,4,17,10,7,21,13,8
149,21,9802,5917,3885,25546,15381,10165,41294,24841,16453,52954,32394,20560,64618,39947,24671,75775,47234,28541
149,32,8275,4170,4105,10291,5195,5096,10633,5478,5155,10807,5633,5174,12200,6332,5868,12757,6621,6136
149,51,50297,37609,12688,55202,41176,14026,51009,38027,12982,48659,36282,12377,47947,35763,12184,49783,37130,12653
149,81,4229,3027,1202,4214,3131,1083,4714,3391,1323,6629,4880,1749,4915,3529,1386,5826,4203,1623
149,89,1393,706,687,1606,901,705,1739,960,779,3166,1428,1738,4919,2047,2872,5478,2284,3194
149,117,1127,542,585,1101,517,584,1081,491,590,491,300,191,226,90,136,58,26,32
149,126,3571,1980,1591,4803,2596,2207,5259,2810,2449,4693,2495,2198,3540,1880,1660,3819,2025,1794
149,130,135,51,84,144,63,81,148,73,75,149,77,72,150,79,71,150,80,70
149,150,35442,19884,15558,39858,22219,17639,45868,25404,20464,60923,33634,27289,86504,47606,38898,112733,61851,50882
149,181,1397,729,668,1460,758,702,1321,656,665,1421,731,690,1589,851,738,1633,875,758
149,184,161,133,28,157,129,28,153,125,28,149,122,27,148,121,27,147,120,27
149,206,10540,6226,4314,14286,8439,5847,22364,11939,10425,46314,23683,22631,61126,33071,28055,65529,36501,29028
149,202,37,17,20,30,14,16,26,12,14,24,11,13,25,12,13,26,12,14
149,55,2,1,1,3,1,2,4,2,2,6,3,3,10,5,5,10,5,5
149,31,8,5,3,6,4,2,4,3,1,3,2,1,1,1,0,1,1,0
149,56,1,1,0,2,1,1,3,2,1,5,4,1,6,5,1,5,5,0
149,95,15,13,2,12,9,3,9,5,4,12,7,5,14,8,6,6,3,3
149,170,27,13,14,24,14,10,21,14,7,25,21,4,29,28,1,30,28,2
149,59,3,1,2,6,3,3,9,5,4,12,6,6,14,7,7,16,10,6
149,73,7,5,2,9,6,3,10,6,4,14,9,5,18,13,5,29,21,8
149,96,0,0,0,0,0,0,0,0,0,0,0,0,0,0,0,0,0,0
149,101,25,10,15,69,26,43,150,60,90,150,65,85,126,49,77,129,49,80
149,153,0,0,0,5,5,0,6,3,3,22,19,3,35,30,5,50,39,11
149,199,9,8,1,11,10,1,12,10,2,17,13,4,30,21,9,43,31,12
149,218,13,9,4,54,30,24,97,52,45,139,76,63,193,107,86,217,120,97
149,83,33,18,15,54,34,20,75,50,25,50,33,17,25,16,9,24,15,9
149,104,4,1,3,86,48,38,168,95,73,614,459,155,1060,823,237,1060,819,241
149,127,10,7,3,12,8,4,15,11,4,19,13,6,35,34,1,43,42,1
149,193,18,16,2,28,24,4,349,296,53,168,142,26,269,202,67,280,215,65
149,12,17,11,6,20,13,7,22,15,7,25,17,8,27,18,9,31,21,10
149,19,989,643,346,781,476,305,550,295,255,405,266,139,1021,613,408,1619,983,636
149,74,1709,920,789,1764,936,828,1819,952,867,4586,2263,2323,5087,2614,2473,5503,2819,2684
149,80,223,192,31,519,458,61,814,723,91,864,712,152,913,701,212,944,725,219
149,145,52,36,16,76,52,24,104,70,34,370,309,61,303,234,69,270,209,61
149,200,72,44,28,108,71,37,146,98,48,156,101,55,170,100,70,199,123,76
149,38,9,9,0,19,19,0,30,30,0,29,29,0,28,28,0,27,27,0
149,8,1,1,0,1,1,0,1,1,0,1,1,0,1,1,0,1,1,0
149,24,1,1,0,1,1,0,0,0,0,0,0,0,0,0,0,0,0,0
149,42,2,1,1,6,3,3,10,5,5,9,5,4,7,5,2,12,6,6
149,37,48,24,24,124,60,64,203,98,105,450,245,205,724,408,316,809,456,353
149,11,15,15,0,7,7,0,0,0,0,0,0,0,0,0,0,11,11,0
149,36,0,0,0,0,0,0,0,0,0,10566,6925,3641,8409,5642,2767,8071,5022,3049
149,28,0,0,0,0,0,0,0,0,0,0,0,0,13,13,0,16,16,0
150,183,25,14,11,32,19,13,40,25,15,81,30,51,122,34,88,137,53,84
150,192,0,0,0,0,0,0,0,0,0,0,0,0,3635,2091,1544,3537,2131,1406
150,230,160,113,47,148,105,43,138,98,40,263,187,76,508,285,223,963,485,478
150,36,105140,60603,44537,97818,56266,41552,90495,51929,38566,101721,57127,44594,82748,49494,33254,81676,45870,35806
150,40,14822,8001,6821,16104,8683,7421,17386,9365,8021,2027,919,1108,2401,1075,1326,2977,1371,1606
150,66,91,48,43,121,63,58,150,78,72,219,116,103,287,154,133,359,195,164
150,77,7381,5349,2032,8823,6394,2429,11280,8174,3106,12350,8952,3398,14072,10205,3867,15479,11216,4263
150,64,586,472,114,567,432,135,593,426,167,706,519,187,762,552,210,904,622,282
150,118,1674,1351,323,1870,1416,454,2098,1516,582,2311,1784,527,2528,1957,571,2850,2198,652
150,196,23208,11928,11280,23677,12199,11478,24143,12462,11681,25762,13295,12467,16214,8364,7850,14828,7655,7173
150,210,116,58,58,119,60,59,133,68,65,128,66,62,420,216,204,544,281,263
150,27,108,62,46,187,102,85,285,153,132,422,224,198,560,296,264,744,390,354
150,142,1453,885,568,1389,850,539,1290,790,500,1020,623,397,982,601,381,900,553,347
150,191,16073,12492,3581,10027,7974,2053,6829,5639,1190,8198,6722,1476,13083,10709,2374,17753,14536,3217
150,21,19972,12152,7820,22139,13445,8694,24306,14739,9567,31171,19215,11956,38036,23691,14345,44603,28008,16595
150,32,2542,1177,1365,3161,1466,1695,3801,1778,2023,4380,2045,2335,4944,2296,2648,5170,2401,2769
150,34,84,41,43,114,57,57,144,74,70,395,189,206,645,303,342,670,314,356
150,51,31352,15798,15554,36486,18250,18236,35607,17785,17822,35940,17963,17977,37482,18751,18731,38917,19465,19452
150,81,14876,7872,7004,14826,8515,6311,16584,8877,7707,23321,13134,10187,57056,32812,24244,67629,39242,28387
150,89,910,670,240,1049,803,246,1136,865,271,2068,1464,604,3213,2215,998,3578,2469,1109
150,117,2393,1483,910,2337,1428,909,2294,1377,917,2713,2184,529,4922,3829,1093,5199,4216,983
150,126,1590,863,727,1663,903,760,1524,831,693,6216,3299,2917,10975,5797,5178,11840,6242,5598
150,149,38319,15484,22835,28313,12483,15830,18540,9583,8957,18873,9745,9128,19177,9889,9288,19436,10018,9418
150,181,701,515,186,733,538,195,663,478,185,712,520,192,797,591,206,819,608,211
150,184,2116,1357,759,2063,1302,761,2012,1249,763,1967,1211,756,1955,1198,757,1949,1192,757
150,206,9708,5433,4275,11900,6660,5240,16087,8564,7523,26719,13998,12721,29347,16721,12626,31974,18046,13928
150,106,193,98,95,1269,608,661,1741,804,937,2574,1172,1402,2729,1227,1502,2466,1100,1366
150,166,0,0,0,150,116,34,348,270,78,643,499,144,1194,916,278,1214,1039,175
150,161,45,31,14,160,91,69,321,176,145,249,137,112,189,102,87,192,103,89
150,97,1286,734,552,1038,570,468,790,407,383,730,375,355,670,344,326,646,331,315
150,15,187,134,53,205,145,60,224,155,69,631,427,204,1179,794,385,1952,1305,647
150,55,76,44,32,108,61,47,139,77,62,203,111,92,326,181,145,341,191,150
150,107,23,14,9,28,18,10,32,21,11,46,33,13,59,43,16,28,19,9
150,111,1160,703,457,929,593,336,1060,716,344,1144,755,389,1515,987,528,4441,2681,1760
150,165,311,128,183,282,142,140,211,135,76,909,671,238,2347,1881,466,4071,3316,755
150,211,70,61,9,170,148,22,272,235,37,280,242,38,292,251,41,880,586,294
150,217,1417,1009,408,1815,1300,515,2319,1661,658,5207,3590,1617,13178,9228,3950,22572,15732,6840
150,31,31,28,3,38,33,5,45,39,6,59,50,9,71,60,11,94,80,14
150,56,17,14,3,25,21,4,33,28,5,275,235,40,495,425,70,607,513,94
150,95,169,141,28,484,339,145,799,537,262,987,669,318,1175,801,374,1459,917,542
150,162,281,240,41,240,205,35,205,174,31,295,277,18,395,388,7,381,374,7
150,169,1,0,1,1,1,0,1,1,0,1,1,0,1,1,0,229,66,163
150,170,1165,572,593,1039,599,440,876,604,272,837,624,213,781,631,150,796,643,153
150,187,1,1,0,30,29,1,69,65,4,78,73,5,87,82,5,106,99,7
150,59,219,119,100,389,232,157,558,345,213,838,508,330,1118,672,446,1408,855,553
150,73,94,79,15,170,145,25,245,210,35,848,701,147,1450,1192,258,2497,1915,582
150,96,3,2,1,18,12,6,33,23,10,46,28,18,59,33,26,71,43,28
150,101,837,411,426,4542,2160,2382,10745,5287,5458,17533,8515,9018,21433,9196,12237,21894,9239,12655
150,114,4,3,1,6,5,1,8,7,1,10,10,0,12,12,0,10,10,0
150,120,5,5,0,5,5,0,3,3,0,16,16,0,28,28,0,24,24,0
150,153,306,221,85,370,257,113,414,269,145,584,370,214,1012,610,402,1749,1029,720
150,199,550,396,154,653,468,185,701,501,200,1444,1082,362,2997,2106,891,4455,2908,1547
150,218,45984,22988,22996,65168,32488,32680,85449,42450,42999,133542,67665,65877,192508,99026,93482,216268,109833,106435
150,52,0,0,0,0,0,0,0,0,0,15,9,6,29,17,12,29,17,12
150,83,1565,1213,352,1705,1274,431,1872,1348,524,2396,1619,777,2920,1891,1029,2857,1808,1049
150,104,11859,6390,5469,19320,8126,11194,26781,9863,16918,41515,18166,23349,56249,26469,29780,56259,25941,30318
150,127,51,39,12,60,46,14,76,59,17,90,69,21,317,217,100,397,278,119
150,163,42,29,13,91,63,28,145,99,46,207,138,69,235,154,81,257,165,92
150,188,2,1,1,4,3,1,7,4,3,14,9,5,29,20,9,48,38,10
150,193,704,508,196,1884,1418,466,3876,2952,924,24338,15238,9100,36852,22825,14027,30995,18098,12897
150,12,4673,3239,1434,5273,3681,1592,5872,4123,1749,6563,4561,2002,7254,5000,2254,8485,5863,2622
150,19,942,579,363,936,575,361,902,554,348,1796,909,887,2577,1204,1373,4116,2119,1997
150,74,2710,1510,1200,2798,1538,1260,2886,1567,1319,3986,2009,1977,5331,2846,2485,5767,3070,2697
150,80,13230,10044,3186,14054,10762,3292,14877,11479,3398,20307,14153,6154,25736,16827,8909,26623,17407,9216
150,145,1410,918,492,2580,1656,924,3836,2445,1391,4967,2971,1996,6310,3583,2727,7079,3856,3223
150,200,1315,911,404,1817,1297,520,2326,1689,637,2627,1853,774,2981,1982,999,3503,2411,1092
150,7,35,17,18,34,16,18,33,15,18,36,16,20,38,17,21,40,18,22
150,14,30,20,10,61,42,19,93,66,27,121,72,49,148,77,71,160,83,77
150,38,3,3,0,7,7,0,12,12,0,11,11,0,10,10,0,9,9,0
150,61,18,7,11,24,9,15,29,11,18,35,14,21,43,17,26,50,20,30
150,62,42,33,9,47,37,10,51,40,11,38,30,8,24,19,5,25,20,5
150,174,6,2,4,7,2,5,10,3,7,12,5,7,13,5,8,13,5,8
150,209,271,167,104,246,152,94,267,165,102,286,177,109,485,309,176,502,323,179
150,20,30,25,5,31,25,6,32,26,6,35,29,6,38,32,6,44,37,7
150,50,3,2,1,2,1,1,2,0,2,1,0,1,3,0,3,3,0,3
150,133,69,57,12,55,44,11,44,33,11,86,68,18,138,109,29,189,155,34
150,148,11,5,6,9,4,5,15,6,9,22,8,14,23,9,14,24,9,15
150,157,7,6,1,9,8,1,13,11,2,21,17,4,32,25,7,37,28,9
150,8,93,25,68,91,25,66,89,26,63,66,20,46,43,14,29,43,14,29
150,24,7,3,4,10,6,4,12,9,3,12,10,2,11,11,0,13,13,0
150,42,11,3,8,16,10,6,20,16,4,16,13,3,12,10,2,20,14,6
150,46,42,39,3,41,38,3,40,37,3,38,35,3,43,40,3,46,43,3
150,63,17,16,1,19,18,1,21,20,1,24,23,1,34,33,1,49,48,1
150,225,89,69,20,87,68,19,86,67,19,90,71,19,99,77,22,105,81,24
150,22,25,18,7,47,34,13,68,49,19,127,79,48,185,108,77,188,110,78
150,37,3004,1463,1541,6587,3184,3403,10326,4981,5345,19968,10329,9639,30810,16323,14487,34432,18232,16200
150,220,55350,36436,18914,93239,61687,31552,134940,89560,45380,169192,84535,84657,205519,100911,104608,237221,116123,121098
150,11,959,553,406,1431,860,571,1820,1120,700,2600,1560,1040,4690,2760,1930,6382,3812,2570
150,68,0,0,0,0,0,0,0,0,0,0,0,0,14,10,4,13,9,4
150,28,0,0,0,0,0,0,0,0,0,0,0,0,1109,823,286,1335,991,344
151,191,21,10,11,13,7,6,9,6,3,10,7,3,17,12,5,21,15,6
151,24,0,0,0,41,21,20,81,41,40,41,20,21,1,0,1,1,0,1
151,42,2,0,2,4,1,3,5,1,4,4,1,3,3,1,2,5,1,4
151,11,243,124,119,367,167,200,470,200,270,590,300,290,770,390,380,939,463,476
151,147,5578,2688,2890,5133,2442,2691,5181,2519,2662,4639,2252,2387,4537,2199,2338,4364,2111,2253
151,49,9,7,2,10,8,2,10,8,2,13,10,3,16,12,4,18,14,4
151,177,7,3,4,7,3,4,8,4,4,7,3,4,7,3,4,7,3,4
152,191,28,20,8,17,13,4,12,10,2,13,11,2,22,19,3,28,25,3
152,170,254,125,129,268,131,137,273,132,141,162,77,85,49,20,29,50,21,29
152,83,14,8,6,9,5,4,4,2,2,2,1,1,0,0,0,0,0,0
152,42,8,5,3,8,5,3,7,4,3,6,4,2,4,3,1,7,5,2
152,11,6,3,3,3,2,1,0,0,0,0,0,0,0,0,0,11,11,0
152,87,2019,931,1088,2098,982,1116,2176,1032,1144,2187,1083,1104,2197,1134,1063,2216,1143,1073
152,134,103,59,44,93,60,33,86,49,37,80,45,35,77,43,34,75,42,33
152,156,93,53,40,159,81,78,214,108,106,280,128,152,268,115,153,262,109,153
153,64,106,67,39,94,56,38,89,48,41,106,60,46,114,62,52,135,65,70
153,118,302,190,112,271,158,113,246,132,114,271,169,102,298,187,111,335,209,126
153,27,116,67,49,111,63,48,118,67,51,227,128,99,337,189,148,448,249,199
153,142,79,27,52,75,26,49,71,24,47,56,19,37,53,18,35,48,17,31
153,191,533,216,317,435,185,250,462,197,265,552,227,325,882,359,523,1137,464,673
153,106,360,183,177,379,182,197,380,176,204,392,179,213,416,187,229,418,187,231
153,161,100,69,31,560,301,259,1176,613,563,888,464,424,642,328,314,653,334,319
153,203,812,423,389,732,393,339,805,437,368,709,381,328,664,359,305,607,331,276
153,16,4240,3856,384,7022,6378,644,9804,8901,903,11669,10610,1059,13534,12319,1215,14311,13039,1272
153,194,1,1,0,14,12,2,28,20,8,57,29,28,116,59,57,115,58,57
153,55,50,19,31,71,25,46,91,31,60,133,45,88,213,73,140,223,78,145
153,107,8,5,3,31,15,16,53,25,28,76,41,35,98,55,43,46,21,25
153,211,860,445,415,2081,1034,1047,3310,1624,1686,3410,1634,1776,3514,1643,1871,3567,1625,1942
153,18,49,30,19,56,33,23,63,36,27,61,35,26,58,33,25,61,34,27
153,31,4,3,1,24,14,10,43,25,18,69,40,29,92,54,38,177,92,85
153,56,24,13,11,36,20,16,48,27,21,84,60,24,113,89,24,154,113,41
153,95,118,53,65,456,177,279,793,300,493,979,381,598,1164,461,703,1174,479,695
153,162,447,246,201,381,207,174,326,175,151,940,458,482,1585,753,832,1528,736,792
153,169,120,55,65,62,30,32,2,1,1,2,1,1,3,2,1,50,29,21
153,170,1134,556,578,1193,584,609,1210,591,619,958,457,501,687,313,374,701,318,383
153,187,3,1,2,197,79,118,447,179,268,502,206,296,563,236,327,683,297,386
153,59,12613,4748,7865,14633,5610,9023,16652,6471,10181,18050,7009,11041,19447,7546,11901,20324,7828,12496
153,70,151,83,68,98,47,51,129,62,67,153,79,74,172,87,85,178,88,90
153,73,904,415,489,853,422,431,802,430,372,1197,638,559,1591,846,745,2109,1053,1056
153,96,683,288,395,760,328,432,836,368,468,921,416,505,1005,463,542,1030,485,545
153,101,59,28,31,162,74,88,355,168,187,356,180,176,299,140,159,305,141,164
153,114,22,9,13,37,22,15,52,34,18,123,83,40,192,129,63,161,108,53
153,120,43,30,13,49,35,14,38,28,10,632,348,284,1142,608,534,967,505,462
153,199,33367,13969,19398,39596,16401,23195,42464,17427,25037,44773,19251,25522,43430,19043,24387,43256,19326,23930
153,218,8506,3379,5127,10835,4364,6471,13348,5406,7942,14212,5780,8432,16233,6706,9527,18236,7390,10846
153,52,0,0,0,16,6,10,30,11,19,71,34,37,112,57,55,113,57,56
153,83,958,499,459,701,312,389,455,122,333,492,151,341,528,180,348,517,162,355
153,104,159,55,104,567,146,421,975,238,737,1478,488,990,1981,738,1243,1981,716,1265
153,127,5,3,2,7,4,3,19,12,7,31,18,13,62,44,18,77,56,21
153,163,82,43,39,177,92,85,281,145,136,312,158,154,292,145,147,321,152,169
153,182,1,1,0,17,10,7,58,32,26,145,80,65,142,78,64,138,76,62
153,193,3145,1386,1759,4036,1835,2201,6665,3134,3531,11673,5757,5916,14587,7283,7304,15960,7861,8099
153,12,533,208,325,601,240,361,669,272,397,748,294,454,827,316,511,966,372,594
153,19,761,419,342,975,522,453,1161,611,550,1284,634,650,1291,624,667,1356,656,700
153,74,3257,1180,2077,3363,1183,2180,3468,1185,2283,3173,1298,1875,3763,1236,2527,4070,1328,2742
153,80,6286,2898,3388,6815,2994,3821,7344,3090,4254,7944,3356,4588,8544,3623,4921,8838,3747,5091
153,119,6,3,3,9,4,5,13,6,7,9,4,5,6,2,4,6,2,4
153,121,171,84,87,161,82,79,154,81,73,133,74,59,115,68,47,175,103,72
153,145,1733,714,1019,2008,804,1204,2355,921,1434,2599,1072,1527,2500,1046,1454,2738,1182,1556
153,200,1612,689,923,1615,746,869,1625,808,817,1835,871,964,2081,860,1221,2445,1110,1335
153,14,13,10,3,11,8,3,10,7,3,11,6,5,11,4,7,12,4,8
153,25,2,1,1,4,2,2,7,3,4,7,3,4,2,2,0,2,2,0
153,62,67,44,23,75,49,26,82,53,29,67,41,26,52,30,22,55,32,23
153,50,42,27,15,40,25,15,58,36,22,38,23,15,75,46,29,78,48,30
153,133,58,35,23,124,70,54,197,108,89,176,105,71,177,115,62,242,165,77
153,157,7,3,4,6,4,2,6,4,2,34,22,12,65,41,24,77,49,28
153,8,129,98,31,126,96,30,123,94,29,91,70,21,58,45,13,58,45,13
153,24,92,44,48,46,22,24,0,0,0,42,20,22,83,39,44,97,46,51
153,28,230,182,48,187,146,41,143,110,33,359,265,94,569,415,154,685,500,185
153,42,184,91,93,260,130,130,335,168,167,272,154,118,208,139,69,342,196,146
153,46,61,30,31,64,32,32,67,34,33,66,33,33,77,39,38,82,42,40
153,63,79,39,40,89,44,45,98,48,50,115,57,58,162,79,83,235,114,121
153,160,74,41,33,65,35,30,77,41,36,91,48,43,98,52,46,105,56,49
153,225,80,43,37,78,42,36,77,41,36,80,43,37,85,46,39,90,48,42
153,37,7926,3858,4068,7039,3412,3627,6319,3048,3271,5340,2584,2756,4682,2283,2399,5232,2549,2683
153,84,108,89,19,69,44,25,93,57,36,59,34,25,73,44,29,68,46,22
153,220,42240,17626,24614,36477,15334,21143,32207,13737,18470,29044,12468,16576,26238,11005,15233,27839,11630,16209
153,11,2622,1539,1083,3411,1907,1504,4000,2170,1830,4390,2200,2190,4370,2100,2270,5201,2325,2876
153,68,0,0,0,0,0,0,0,0,0,0,0,0,150,102,48,139,94,45
154,64,436,271,165,401,254,147,397,256,141,473,316,157,510,334,176,605,369,236
154,118,1246,777,469,1236,847,389,1247,940,307,1373,1095,278,1502,1200,302,1693,1348,345
154,191,33,14,19,20,10,10,14,8,6,16,9,7,26,15,11,32,19,13
154,202,57,26,31,46,21,25,40,18,22,38,18,20,39,18,21,37,17,20
154,161,93,51,42,228,118,110,428,217,211,405,205,200,401,198,203,408,203,205
154,194,3,1,2,41,32,9,81,54,27,161,75,86,325,154,171,322,150,172
154,55,16,10,6,23,14,9,29,17,12,42,24,18,68,40,28,71,43,28
154,107,540,293,247,657,331,326,772,370,402,1116,606,510,1435,816,619,672,319,353
154,115,247,134,113,299,142,157,351,150,201,275,124,151,198,98,100,167,80,87
154,195,9110,4433,4677,8902,4309,4593,8695,4185,4510,9060,4337,4723,9426,4490,4936,9334,4435,4899
154,211,6,3,3,14,6,8,24,10,14,24,10,14,24,10,14,24,10,14
154,31,0,0,0,1,1,0,1,1,0,2,2,0,2,2,0,3,3,0
154,95,14,4,10,13,4,9,11,3,8,14,4,10,17,5,12,16,8,8
154,170,61,30,31,51,32,19,40,32,8,45,31,14,51,31,20,52,32,20
154,59,1,0,1,7,2,5,13,4,9,16,6,10,18,7,11,28,12,16
154,73,2,2,0,2,1,1,2,1,1,4,1,3,6,2,4,13,5,8
154,101,9,4,5,26,13,13,57,29,28,57,30,27,48,24,24,49,24,25
154,153,10,3,7,13,7,6,28,15,13,26,17,9,35,23,12,55,38,17
154,199,5,2,3,6,2,4,7,2,5,20,7,13,37,16,21,52,27,25
154,218,281,198,83,1108,689,419,1954,1190,764,2406,1366,1040,3055,1663,1392,3432,1848,1584
154,83,3,1,2,3,2,1,3,2,1,4,2,2,5,2,3,5,2,3
154,104,38,13,25,39,14,25,40,15,25,46,19,27,52,23,29,52,22,30
154,193,1,1,0,3,2,1,41,23,18,20,11,9,20,14,6,51,33,18
154,12,17,9,8,20,11,9,22,12,10,25,13,12,27,14,13,31,16,15
154,19,1,0,1,1,0,1,1,0,1,5,3,2,10,6,4,12,6,6
154,74,21,13,8,22,13,9,22,13,9,89,64,25,101,59,42,109,63,46
154,145,175,89,86,257,128,129,347,169,178,414,205,209,427,216,211,596,317,279
154,200,15,12,3,35,23,12,56,34,22,64,37,27,75,39,36,88,49,39
154,50,2,2,0,2,2,0,2,2,0,1,1,0,3,3,0,3,3,0
154,24,1,0,1,1,0,1,1,1,0,1,1,0,0,0,0,0,0,0
154,42,31,19,12,18,10,8,5,2,3,4,2,2,3,2,1,5,3,2
154,37,14,6,8,281,135,146,555,268,287,1031,544,487,1569,855,714,1753,955,798
154,11,45,29,16,188,113,75,320,190,130,840,490,350,1250,740,510,1540,853,687
154,28,0,0,0,0,0,0,0,0,0,0,0,0,19,11,8,23,13,10
155,131,1,1,0,3,2,1,7,3,4,82,32,50,163,66,97,187,81,106
155,140,866,503,363,1122,681,441,1256,767,489,1243,766,477,1235,780,455,1282,807,475
155,183,23,10,13,17,7,10,11,4,7,16,10,6,22,17,5,25,19,6
155,215,224,183,41,220,179,41,683,527,156,677,522,155,697,531,166,691,526,165
155,219,407,237,170,517,302,215,545,318,227,617,365,252,635,377,258,668,399,269
155,64,387,272,115,403,270,133,452,290,162,538,357,181,581,378,203,689,417,272
155,118,1104,777,327,1445,1004,441,1810,1258,552,1994,1495,499,2181,1641,540,2459,1842,617
155,27,145,82,63,175,99,76,223,125,98,374,208,166,527,292,235,700,385,315
155,116,308,172,136,266,148,118,215,120,95,219,122,97,223,124,99,228,127,101
155,142,246,219,27,235,210,25,219,195,24,173,154,19,166,148,18,152,136,16
155,191,1523,1098,425,2469,1931,538,4119,3292,827,4955,3923,1032,7909,6249,1660,10724,8476,2248
155,81,47,25,22,47,27,20,52,28,24,73,41,32,55,29,26,65,35,30
155,202,178,79,99,144,70,74,125,70,55,108,55,53,99,44,55,154,67,87
155,43,1817,1049,768,2494,1427,1067,3172,1805,1367,3499,2150,1349,3827,2496,1331,4404,2943,1461
155,44,5062,3152,1910,5650,3504,2146,6237,3855,2382,6809,4078,2731,7398,4312,3086,7554,4280,3274
155,57,72,39,33,90,48,42,107,56,51,131,67,64,154,77,77,170,86,84
155,106,2068,1054,1014,4818,2313,2505,7499,3464,4035,9714,4425,5289,10299,4633,5666,11178,4986,6192
155,136,12,12,0,13,13,0,15,15,0,15,15,0,17,17,0,19,19,0
155,166,269,265,4,1674,1645,29,3612,3549,63,4739,4531,208,7745,7296,449,12276,11488,788
155,30,378,249,129,574,380,194,770,512,258,787,525,262,804,538,266,821,551,270
155,35,19,9,10,50,23,27,81,38,43,63,30,33,45,22,23,41,21,20
155,98,5486,2706,2780,3629,1838,1791,1773,970,803,4457,2295,2162,7428,3533,3895,7998,3850,4148
155,124,3208,2767,441,4484,2981,1503,6231,3479,2752,14932,8289,6643,25702,14438,11264,26858,15411,11447
155,141,5171,4024,1147,4685,3543,1142,3980,2855,1125,3371,2427,944,3102,2249,853,2975,2162,813
155,161,262,235,27,656,380,276,1232,626,606,842,429,413,491,243,248,499,248,251
155,185,12345,8176,4169,26021,17144,8877,42217,27615,14602,73468,41988,31480,108812,58657,50155,129253,68880,60373
155,203,1086,602,484,1820,982,838,2930,1543,1387,2462,1304,1158,2171,1181,990,2084,1157,927
155,205,190,103,87,207,111,96,226,120,106,240,133,107,234,150,84,230,148,82
155,226,30,26,4,70,46,24,166,96,70,338,197,141,490,270,220,591,323,268
155,0,8107,4576,3531,17225,9722,7503,26343,14868,11475,37163,20975,16188,47984,27082,20902,348369,179052,169317
155,23,10,10,0,12,12,0,14,14,0,17,17,0,20,20,0,22,22,0
155,97,1921278,1024721,896557,1637255,863727,773528,1353231,702733,650498,1250307,647902,602405,1147382,593071,554311,1106212,571138,535074
155,99,10729,6142,4587,11801,6756,5045,8144,4828,3316,16288,9656,6632,28689,17567,11122,28402,17280,11122
155,125,79,43,36,92,46,46,100,55,45,104,61,43,133,87,46,167,117,50
155,144,2371,886,1485,2734,1213,1521,2470,1341,1129,2153,1077,1076,1292,833,459,1268,815,453
155,194,173,86,87,248,159,89,324,204,120,482,259,223,809,449,360,803,440,363
155,15,20949,15949,5000,25280,18926,6354,29683,21876,7807,46931,35612,11319,74535,57239,17296,74710,57113,17597
155,55,129,120,9,183,170,13,236,219,17,346,321,25,554,514,40,579,538,41
155,100,525,381,144,619,407,212,587,337,250,673,467,206,680,484,196,682,516,166
155,107,5168,2723,2445,4558,2521,2037,3949,2328,1621,5704,3647,2057,7335,4840,2495,3435,2011,1424
155,111,129928,88717,41211,112925,79357,33568,139783,101202,38581,162363,120070,42293,225431,169400,56031,312434,224082,88352
155,115,2361,1244,1117,2077,1114,963,1793,984,809,1403,795,608,1013,607,406,852,409,443
155,154,35675,31374,4301,59439,50942,8497,66498,57118,9380,70569,61607,8962,86029,76443,9586,284460,258175,26285
155,165,334,244,90,363,271,92,338,258,80,51773,42682,9091,145204,124634,20570,133212,115582,17630
155,180,556715,383365,173350,570555,393823,176732,586225,405412,180813,724160,511418,212742,938913,680304,258609,1123260,786644,336616
155,211,275,171,104,666,403,263,1060,636,424,1092,646,446,1125,656,469,1168,671,497
155,217,158710,121958,36752,225750,172353,53397,305782,232033,73749,383811,295139,88672,836310,657520,178790,863858,677138,186720
155,18,24,24,0,37,37,0,49,49,0,47,47,0,45,45,0,47,47,0
155,31,23,22,1,25,23,2,27,24,3,34,29,5,39,33,6,86,71,15
155,56,23,19,4,34,28,6,45,37,8,222,180,42,380,310,70,527,404,123
155,95,205,138,67,182,122,60,158,105,53,195,131,64,232,157,75,317,234,83
155,162,85,70,15,72,60,12,62,51,11,139,124,15,221,201,20,213,194,19
155,169,1,1,0,1,1,0,1,1,0,1,1,0,1,1,0,427,378,49
155,170,1683,826,857,1367,864,503,1002,871,131,866,727,139,714,568,146,728,579,149
155,187,2,2,0,25,25,0,55,53,2,62,59,3,69,66,3,85,81,4
155,59,6946,3949,2997,8498,4692,3806,10049,5435,4614,10796,5809,4987,11543,6183,5360,13044,7055,5989
155,73,139,114,25,237,174,63,334,234,100,866,613,253,1397,991,406,2505,1712,793
155,96,8,5,3,10,6,4,12,7,5,20,13,7,27,18,9,36,21,15
155,101,293,144,149,1594,760,834,3770,1860,1910,6971,4309,2662,9025,5711,3314,9219,5792,3427
155,114,16,14,2,25,23,2,34,31,3,34,30,4,35,30,5,29,25,4
155,120,35,29,6,40,34,6,31,27,4,50,46,4,63,59,4,54,50,4
155,153,10470,6125,4345,11567,6371,5196,13283,7094,6189,15225,7960,7265,17220,8914,8306,19393,10066,9327
155,199,2435,1373,1062,2890,1620,1270,3100,1729,1371,4703,2892,1811,10265,7356,2909,11436,7217,4219
155,218,228321,117858,110463,267177,137138,130039,310526,158388,152138,380338,195270,185068,481113,249836,231277,540495,277169,263326
155,83,5947,4653,1294,8295,7462,833,10780,10380,400,21381,20566,815,31981,30752,1229,31295,30043,1252
155,104,6808,5993,815,15787,11358,4429,24765,16722,8043,54772,37285,17487,84778,57847,26931,84792,57375,27417
155,127,54,17,37,64,21,43,81,28,53,97,35,62,170,76,94,213,101,112
155,163,250,223,27,540,482,58,852,760,92,1395,1036,359,1708,1142,566,1874,1227,647
155,188,3,2,1,5,3,2,9,5,4,15,9,6,19,13,6,23,18,5
155,193,2213,1722,491,3186,2514,672,5531,4406,1125,30659,27602,3057,56836,48013,8823,56116,39996,16120
155,12,2651,1733,918,2991,1972,1019,3331,2212,1119,3724,2443,1281,4116,2674,1442,4814,3137,1677
155,19,1647,1207,440,1783,1206,577,1867,1172,695,2961,1877,1084,3808,2270,1538,7411,5215,2196
155,74,15579,9829,5750,16083,10047,6036,16586,10264,6322,16544,10047,6497,21983,13441,8542,23779,14509,9270
155,80,26620,21694,4926,31202,22551,8651,35783,23408,12375,42143,26735,15408,48502,30062,18440,50174,31098,19076
155,145,6717,4270,2447,8428,5295,3133,10427,6491,3936,10817,6560,4257,11251,6713,4538,12127,7026,5101
155,200,1918,1388,530,2427,1679,748,2946,1978,968,3334,2179,1155,3788,2314,1474,4451,2840,1611
155,7,7,3,4,4,2,2,0,0,0,0,0,0,0,0,0,0,0,0
155,14,15,8,7,13,7,6,11,6,5,6,3,3,0,0,0,0,0,0
155,38,35,22,13,75,48,27,115,73,42,108,69,39,102,65,37,100,64,36
155,62,166,140,26,185,155,30,203,170,33,139,113,26,75,56,19,79,59,20
155,174,8,4,4,10,5,5,14,7,7,16,9,7,17,9,8,17,9,8
155,50,6,5,1,5,5,0,7,7,0,5,5,0,9,9,0,9,9,0
155,88,17,5,12,17,6,11,16,7,9,20,9,11,23,11,12,26,12,14
155,133,23,11,12,53,39,14,87,69,18,109,86,23,144,112,32,198,158,40
155,157,43,25,18,45,27,18,51,31,20,59,35,24,71,42,29,84,49,35
155,8,10,10,0,10,10,0,10,10,0,8,8,0,5,5,0,5,5,0
155,24,55,37,18,42,31,11,29,26,3,25,21,4,20,16,4,23,18,5
155,28,127,99,28,150,103,47,172,106,66,215,128,87,255,149,106,307,179,128
155,42,42,21,21,100,73,27,158,126,32,128,105,23,98,85,13,163,138,25
155,46,39,26,13,38,25,13,37,25,12,35,24,11,39,27,12,42,29,13
155,63,18,16,2,20,18,2,22,20,2,26,24,2,36,33,3,52,48,4
155,160,51,40,11,45,35,10,53,41,12,62,47,15,67,51,16,72,55,17
155,225,12,10,2,11,9,2,11,9,2,11,9,2,13,11,2,14,12,2
155,22,13,8,5,18,10,8,22,12,10,30,16,14,37,20,17,37,20,17
155,37,24161,11763,12398,52674,25461,27213,82440,39770,42670,116119,58437,57682,156773,80770,76003,175204,90213,84991
155,220,91889,59445,32444,154524,100494,54030,223477,145823,77654,254094,126955,127139,287826,141323,146503,325419,159296,166123
155,11,5949,3570,2379,8707,5077,3630,10950,6300,4650,16820,9660,7160,30600,18760,11840,43949,26110,17839
155,147,28,19,9,90,53,37,1283,624,659,2114,1027,1087,2558,1240,1318,2961,1432,1529
155,72,1294,653,641,1382,708,674,1456,750,706,1650,871,779,1771,946,825,1824,984,840
155,68,0,0,0,0,0,0,0,0,0,0,0,0,32,27,5,30,25,5
156,161,3,3,0,522,237,285,1186,532,654,596,271,325,34,16,18,34,15,19
156,56,0,0,0,0,0,0,0,0,0,0,0,0,0,0,0,0,0,0
156,114,1,0,1,1,0,1,1,0,1,0,0,0,0,0,0,0,0,0
156,83,8,5,3,10,5,5,12,5,7,102,81,21,192,157,35,188,152,36
156,104,2,1,1,4,1,3,6,1,5,7,2,5,7,2,5,7,2,5
156,12,1,0,1,1,0,1,1,0,1,1,0,1,1,0,1,1,0,1
156,19,0,0,0,0,0,0,0,0,0,0,0,0,0,0,0,0,0,0
156,42,1,0,1,2,1,1,2,1,1,2,1,1,2,1,1,5,3,2
156,37,5,2,3,7,3,4,10,5,5,5,3,2,0,0,0,0,0,0
156,87,1232,525,707,1284,545,739,1335,565,770,1386,653,733,1437,742,695,1449,748,701
156,134,378,216,162,342,216,126,318,173,145,296,157,139,285,150,135,280,148,132
156,152,1332,619,713,1198,599,599,1138,579,559,1032,492,540,630,270,360,564,241,323
156,28,0,0,0,0,0,0,0,0,0,0,0,0,20,12,8,24,14,10
157,191,59,23,36,36,16,20,25,13,12,29,15,14,47,24,23,58,30,28
157,55,5,4,1,7,5,2,9,7,2,13,10,3,21,16,5,22,17,5
157,31,4,3,1,4,3,1,4,4,0,5,5,0,6,6,0,7,6,1
157,56,2,2,0,4,3,1,5,4,1,15,11,4,24,17,7,39,26,13
157,95,8,7,1,13,9,4,18,12,6,22,15,7,26,18,8,25,13,12
157,162,34,20,14,29,18,11,25,15,10,29,15,14,34,15,19,33,15,18
157,170,81,40,41,72,42,30,61,42,19,42,31,11,24,20,4,25,20,5
157,59,25,14,11,31,18,13,37,22,15,53,28,25,69,35,34,83,36,47
157,73,10,6,4,11,8,3,12,10,2,17,12,5,22,14,8,27,16,11
157,96,1,0,1,2,1,1,2,1,1,4,2,2,6,4,2,5,3,2
157,101,3,1,2,9,3,6,19,7,12,19,8,11,16,6,10,16,6,10
157,114,0,0,0,0,0,0,0,0,0,0,0,0,0,0,0,0,0,0
157,153,12,5,7,21,8,13,27,9,18,36,13,23,52,17,35,60,23,37
157,199,157,81,76,187,96,91,201,102,99,221,104,117,263,118,145,303,135,168
157,218,68,38,30,269,115,154,476,195,281,557,231,326,685,289,396,769,319,450
157,83,286,158,128,210,106,104,137,53,84,149,65,84,160,76,84,157,71,86
157,104,143,50,93,362,77,285,580,104,476,801,191,610,1021,278,743,1021,265,756
157,163,35,16,19,75,34,41,119,53,66,81,36,45,30,13,17,34,14,20
157,193,1236,532,704,1407,615,792,2185,984,1201,3120,1382,1738,4381,1909,2472,4246,1784,2462
157,12,34,13,21,39,15,24,43,17,26,48,18,30,53,20,33,62,24,38
157,19,35,12,23,34,11,23,33,11,22,44,15,29,45,17,28,66,23,43
157,74,358,153,205,370,155,215,381,156,225,385,150,235,472,187,285,511,202,309
157,80,207,124,83,237,115,122,267,107,160,489,200,289,710,292,418,734,302,432
157,145,101,57,44,148,81,67,201,107,94,243,121,122,262,125,137,318,154,164
157,200,258,111,147,302,136,166,348,162,186,364,162,202,388,145,243,455,190,265
157,14,17,6,11,15,6,9,14,7,7,31,11,20,48,16,32,52,17,35
157,38,43,23,20,92,49,43,141,74,67,133,71,62,126,68,58,124,67,57
157,53,184,63,121,140,44,96,95,25,70,94,25,69,86,23,63,77,20,57
157,62,699,398,301,777,434,343,854,470,384,788,423,365,717,373,344,757,394,363
157,105,73,31,42,77,33,44,80,35,45,78,34,44,76,34,42,74,33,41
157,164,1873,887,986,1661,788,873,1454,690,764,1104,524,580,617,289,328,921,430,491
157,174,12,6,6,16,9,7,22,12,10,25,13,12,27,14,13,28,15,13
157,50,8692,4539,4153,7652,4085,3567,10438,5528,4910,6201,3210,2991,11250,5773,5477,11702,5975,5727
157,65,557,260,297,456,211,245,354,162,192,394,180,214,433,198,235,451,206,245
157,88,242,67,175,216,75,141,190,84,106,226,110,116,261,135,126,300,157,143
157,94,190,111,79,243,138,105,296,165,131,290,163,127,284,162,122,292,168,124
157,133,25641,12956,12685,13722,6879,6843,2396,1138,1258,1966,943,1023,1766,860,906,1756,855,901
157,148,442,216,226,351,170,181,347,182,165,352,196,156,376,211,165,405,228,177
157,8,376,242,134,357,214,143,338,187,151,249,139,110,160,92,68,161,93,68
157,24,92,52,40,95,49,46,97,46,51,96,48,48,94,50,44,109,58,51
157,28,974,567,407,767,446,321,559,325,234,541,333,208,516,336,180,621,404,217
157,42,351,181,170,428,217,211,504,252,252,409,231,178,313,209,104,516,296,220
157,46,2073,962,1111,1966,912,1054,1858,862,996,1743,815,928,1929,923,1006,2067,1000,1067
157,63,321,164,157,361,185,176,400,205,195,472,247,225,663,339,324,964,490,474
157,160,246,122,124,215,105,110,252,123,129,295,144,151,319,157,162,344,170,174
157,225,1470,687,783,1203,571,632,976,469,507,925,439,486,876,411,465,880,407,473
157,37,1118,544,574,1785,863,922,2495,1203,1292,2458,1216,1242,2569,1306,1263,2871,1459,1412
157,220,85737,41938,43799,93545,46101,47444,105177,52299,52878,103068,51498,51570,102223,50193,52030,107852,52796,55056
157,11,118,62,56,138,79,59,150,90,60,170,100,70,210,130,80,306,147,159
158,191,59,21,38,36,15,21,25,12,13,29,14,15,47,22,25,62,30,32
158,161,9,9,0,167,79,88,373,171,202,211,98,113,59,27,32,60,27,33
158,31,1,1,0,2,2,0,2,2,0,3,3,0,3,3,0,3,3,0
158,56,0,0,0,1,0,1,1,0,1,2,1,1,3,2,1,4,3,1
158,95,0,0,0,1,0,1,1,0,1,1,0,1,1,0,1,3,1,2
158,59,4,2,2,6,4,2,7,5,2,8,5,3,8,4,4,9,6,3
158,73,1,0,1,2,1,1,3,2,1,6,3,3,8,3,5,12,5,7
158,96,0,0,0,1,0,1,1,0,1,1,0,1,0,0,0,4,2,2
158,101,3,2,1,7,3,4,15,6,9,15,6,9,13,5,8,13,5,8
158,199,18,11,7,21,12,9,23,13,10,25,15,10,25,14,11,32,19,13
158,218,147,89,58,580,287,293,1023,489,534,1005,480,525,1069,515,554,1199,569,630
158,83,3,1,2,2,1,1,1,0,1,3,2,1,4,4,0,4,4,0
158,104,3,1,2,9,3,6,14,4,10,23,7,16,32,11,21,32,11,21
158,193,1,1,0,3,2,1,47,33,14,23,16,7,28,16,12,27,16,11
158,12,33,17,16,37,19,18,41,22,19,46,24,22,51,26,25,60,31,29
158,19,3,2,1,3,2,1,3,2,1,3,2,1,1,0,1,1,0,1
158,74,108,56,52,112,57,55,115,58,57,50,17,33,25,13,12,27,14,13
158,145,0,0,0,0,0,0,0,0,0,131,59,72,134,61,73,132,62,70
158,200,158,95,63,168,102,66,180,109,71,199,117,82,222,119,103,260,148,112
158,24,0,0,0,1,0,1,1,0,1,1,0,1,1,1,0,1,1,0
158,42,4,3,1,4,2,2,4,1,3,3,1,2,2,1,1,5,3,2
158,37,106,52,54,199,96,103,297,143,154,399,183,216,525,234,291,587,262,325
158,147,1160,540,620,1560,733,827,1117,543,574,1199,582,617,1309,635,674,1399,677,722
158,189,1110,576,534,1098,571,527,1047,546,501,800,429,371,603,338,265,564,317,247
158,224,50,16,34,50,27,23,50,26,24,56,28,28,63,32,31,64,32,32
158,49,10,5,5,11,6,5,11,6,5,14,6,8,17,6,11,19,7,12
158,177,24,9,15,41,16,25,58,22,36,54,20,34,48,18,30,47,17,30
158,68,0,0,0,0,0,0,0,0,0,0,0,0,1,1,0,1,1,0
159,191,116,44,72,72,31,41,50,26,24,59,30,29,95,48,47,121,62,59
159,55,2,0,2,3,0,3,4,0,4,6,0,6,10,0,10,10,0,10
159,31,0,0,0,1,1,0,1,1,0,2,2,0,2,2,0,2,2,0
159,56,8,5,3,12,7,5,15,8,7,24,16,8,31,23,8,27,21,6
159,95,5,4,1,10,5,5,14,6,8,17,7,10,20,8,12,15,7,8
159,169,0,0,0,0,0,0,0,0,0,0,0,0,0,0,0,26,5,21
159,170,104,51,53,117,54,63,126,55,71,81,36,45,36,16,20,36,16,20
159,59,28,13,15,41,19,22,54,25,29,60,27,33,66,29,37,72,29,43
159,73,7,4,3,7,4,3,6,3,3,10,5,5,14,7,7,27,16,11
159,96,1,0,1,2,1,1,2,1,1,3,2,1,3,3,0,5,4,1
159,101,5,2,3,14,4,10,31,10,21,31,11,20,26,8,18,27,8,19
159,114,1,0,1,1,0,1,2,1,1,1,1,0,1,1,0,0,0,0
159,153,50,19,31,55,20,35,74,33,41,99,40,59,137,55,82,151,57,94
159,199,102,49,53,121,58,63,130,61,69,147,64,83,180,72,108,203,76,127
159,218,70,42,28,275,131,144,486,222,264,582,260,322,727,323,404,816,356,460
159,83,72,40,32,63,23,40,56,6,50,69,11,58,81,15,66,79,12,67
159,104,53,18,35,315,57,258,577,97,480,1607,455,1152,2636,813,1823,2636,780,1856
159,163,6,3,3,14,6,8,23,9,14,38,15,23,48,19,29,52,18,34
159,193,907,355,552,1090,436,654,1744,724,1020,16642,6186,10456,80087,26612,53475,60506,16508,43998
159,12,125,53,72,142,62,80,158,70,88,177,76,101,195,82,113,229,97,132
159,19,62,20,42,62,20,42,60,20,40,93,29,64,133,39,94,197,52,145
159,74,755,347,408,780,351,429,804,355,449,699,284,415,955,412,543,1033,444,589
159,80,636,309,327,731,284,447,826,260,566,2873,1169,1704,4919,2078,2841,5089,2150,2939
159,145,78,33,45,114,46,68,156,61,95,169,61,108,177,59,118,201,69,132
159,200,356,164,192,511,235,276,669,308,361,761,327,434,868,310,558,1020,410,610
159,62,61,41,20,68,45,23,75,49,26,50,31,19,24,13,11,25,13,12
159,50,58,20,38,48,16,32,63,19,44,41,12,29,82,25,57,85,25,60
159,65,36,18,18,26,13,13,15,8,7,13,7,6,11,7,4,11,7,4
159,88,72,35,37,55,27,28,38,20,18,45,23,22,51,26,25,59,31,28
159,94,27,16,11,27,16,11,26,15,11,26,15,11,25,15,10,26,16,10
159,133,290,198,92,302,170,132,329,151,178,394,173,221,506,215,291,767,366,401
159,157,38,14,24,35,13,22,35,13,22,67,26,41,103,40,63,122,48,74
159,8,257243,112781,144462,286164,124821,161343,315086,136863,178223,451769,199442,252327,588452,262021,326431,679044,302136,376908
159,24,1173,593,580,2216,1142,1074,3236,1678,1558,3462,1788,1674,3681,1895,1786,4285,2206,2079
159,28,21394,10075,11319,25143,11813,13330,28891,13551,15340,34146,15867,18279,38911,17933,20978,46857,21595,25262
159,42,641,290,351,920,431,489,1198,571,627,972,528,444,746,485,261,1226,677,549
159,46,237,155,82,219,132,87,201,110,91,185,95,90,202,99,103,216,107,109
159,63,81,43,38,91,48,43,101,54,47,119,65,54,167,89,78,242,128,114
159,160,389,176,213,340,152,188,398,179,219,466,211,255,505,230,275,545,249,296
159,222,1241,1031,210,1199,793,406,1160,375,785,1300,431,869,1459,496,963,1583,546,1037
159,225,359,175,184,294,142,152,239,113,126,226,109,117,215,106,109,214,104,110
159,37,4702,2289,2413,4780,2316,2464,4972,2399,2573,6040,2960,3080,7470,3706,3764,8348,4139,4209
159,220,6057,1945,4112,8837,2892,5945,11980,3976,8004,20737,6949,13788,29749,9628,20121,28642,9213,19429
159,11,277,148,129,343,168,175,390,180,210,430,200,230,450,220,230,496,221,275
160,191,199,88,111,124,61,63,85,48,37,101,56,45,162,89,73,208,115,93
160,34,4,2,2,4,2,2,4,3,1,4,3,1,3,3,0,3,3,0
160,43,2202,1217,985,5956,3201,2755,9711,5185,4526,10713,6245,4468,11716,7306,4410,13483,8640,4843
160,57,87,44,43,207,101,106,327,159,168,401,198,203,474,237,237,522,263,259
160,106,10282,5238,5044,36768,17648,19120,46174,21331,24843,51532,23472,28060,54636,24573,30063,48837,21782,27055
160,161,6,5,1,227,112,115,512,249,263,304,149,155,110,53,57,111,54,57
160,55,8,3,5,12,4,8,15,5,10,22,7,15,35,12,23,37,13,24
160,103,649,264,385,1021,434,587,1336,586,750,1840,830,1010,2366,1082,1284,2440,1109,1331
160,211,13,6,7,31,13,18,50,20,30,51,20,31,52,20,32,52,19,33
160,31,7,6,1,10,7,3,12,8,4,16,10,6,20,13,7,25,18,7
160,56,17,14,3,25,20,5,33,26,7,105,67,38,168,103,65,217,142,75
160,95,72,48,24,111,62,49,149,75,74,184,94,90,219,114,105,196,99,97
160,162,143,109,34,122,93,29,105,79,26,108,85,23,116,94,22,112,92,20
160,170,784,385,399,702,403,299,595,406,189,437,304,133,271,195,76,277,199,78
160,187,5,3,2,17,11,6,35,23,12,40,26,14,45,30,15,55,36,19
160,59,245,103,142,396,163,233,547,223,324,769,281,488,991,340,651,1106,372,734
160,73,88,32,56,125,55,70,161,77,84,293,138,155,425,200,225,612,265,347
160,96,20,8,12,30,12,18,39,15,24,56,20,36,73,26,47,74,25,49
160,101,24,8,16,67,21,46,147,50,97,148,57,91,124,42,82,127,42,85
160,114,3,2,1,5,4,1,7,5,2,7,6,1,8,7,1,6,6,0
160,153,277,140,137,417,203,214,548,255,293,792,333,459,1170,437,733,1485,578,907
160,199,3560,1720,1840,4225,2024,2201,4531,2155,2376,5514,2576,2938,6738,3091,3647,7565,3508,4057
160,218,567,296,271,2231,872,1359,3933,1458,2475,5220,1934,3286,6933,2600,4333,7787,2854,4933
160,52,53,14,39,50,15,35,41,14,27,63,23,40,85,32,53,86,33,53
160,83,209,116,93,187,78,109,168,40,128,233,63,170,297,86,211,291,76,215
160,104,12843,3314,9529,29771,9348,20423,46699,15383,31316,81359,30057,51302,116018,44731,71287,116038,43463,72575
160,127,8,3,5,10,4,6,12,5,7,15,6,9,26,8,18,32,11,21
160,163,59,22,37,127,47,80,202,75,127,247,98,149,252,106,146,276,108,168
160,182,5,2,3,38,15,23,52,19,33,52,19,33,51,18,33,49,17,32
160,188,4,2,2,7,4,3,12,7,5,19,11,8,39,23,16,47,23,24
160,193,18828,7617,11211,25606,10460,15146,42184,17596,24588,101295,45374,55921,197827,93551,104276,183529,80926,102603
160,12,930,309,621,1049,360,689,1168,411,757,1306,440,866,1443,468,975,1688,553,1135
160,19,617,226,391,613,224,389,591,216,375,870,293,577,1010,358,652,1287,448,839
160,74,7906,3350,4556,8162,3379,4783,8418,3409,5009,9822,4113,5709,10800,4247,6553,11682,4571,7111
160,80,4288,1922,2366,6123,2314,3809,7957,2705,5252,12953,4344,8609,17949,5984,11965,18568,6191,12377
160,121,96,36,60,91,34,57,87,32,55,75,31,44,65,30,35,99,45,54
160,145,1040,396,644,1437,528,909,1884,675,1209,2732,933,1799,3453,1101,2352,3907,1221,2686
160,200,4829,1760,3069,5665,2198,3467,6523,2654,3869,7334,2771,4563,8289,2513,5776,9741,3425,6316
160,10,141,83,58,540,295,245,939,507,432,1019,534,485,1078,549,529,1134,577,557
160,14,43,27,16,41,22,19,39,18,21,165,74,91,290,129,161,314,138,176
160,38,5,2,3,10,3,7,16,4,12,15,4,11,15,5,10,14,5,9
160,53,191,82,109,145,59,86,98,35,63,98,35,63,89,32,57,80,29,51
160,62,1991,1202,789,2212,1314,898,2432,1426,1006,1899,1129,770,1353,824,529,1428,869,559
160,92,351,208,143,413,247,166,475,287,188,561,341,220,646,394,252,727,444,283
160,164,703,333,370,916,435,481,1132,537,595,925,439,486,603,283,320,686,321,365
160,50,2225,1186,1039,2045,1092,953,2887,1505,1382,1891,974,917,3726,1923,1803,3876,1991,1885
160,65,246,135,111,209,116,93,172,98,74,198,115,83,224,132,92,234,138,96
160,88,210,77,133,249,111,138,288,146,142,343,186,157,397,226,171,457,263,194
160,94,291,171,120,288,165,123,285,160,125,280,159,121,274,157,117,282,163,119
160,133,2981,1630,1351,4140,2093,2047,5479,2659,2820,5371,2712,2659,5886,3084,2802,8853,4635,4218
160,148,221,125,96,176,99,77,185,106,79,199,115,84,212,123,89,228,133,95
160,157,1781,1052,729,2170,1266,904,2697,1555,1142,3101,1752,1349,3654,2054,1600,4290,2407,1883
160,8,16366,9721,6645,50888,22702,28186,85411,35684,49727,127337,56274,71063,169262,76864,92398,195320,88634,106686
160,24,7138,3932,3206,8306,4590,3716,9386,5197,4189,9549,5404,4145,9691,5600,4091,11282,6519,4763
160,28,5716,3394,2322,8278,5042,3236,10840,6690,4150,12958,7925,5033,14890,9041,5849,17931,10888,7043
160,42,7052,3583,3469,21256,8730,12526,35460,13878,21582,94114,37378,56736,152768,60878,91890,178385,84056,94329
160,46,2896,1604,1292,3342,1889,1453,3788,2175,1613,3909,2274,1635,4708,2792,1916,5044,3011,2033
160,63,2567,1307,1260,4125,2334,1791,5682,3360,2322,6708,4025,2683,9422,5558,3864,13705,8045,5660
160,75,309,165,144,344,176,168,379,187,192,399,195,204,419,204,215,506,243,263
160,222,555,279,276,240,145,95,104,71,33,339,193,146,1110,459,651,1533,618,915
160,225,29635,16669,12966,32973,18421,14552,36348,20145,16203,39846,22265,17581,43607,24570,19037,47007,26206,20801
160,37,11010,5359,5651,14301,6921,7380,17932,8650,9282,21778,9954,11824,26933,11888,15045,30099,13275,16824
160,220,144199,67084,77115,206962,95112,111850,278186,127383,150803,340722,156901,183821,407435,161468,245967,442615,174627,267988
160,11,3795,1640,2155,4928,2142,2786,5770,2530,3240,6700,2930,3770,9620,4320,5300,10855,4754,6101
160,70,0,0,0,0,0,0,1,0,1,2,0,2,5,2,3,15,5,10
160,68,0,0,0,0,0,0,0,0,0,0,0,0,15,8,7,14,7,7
160,54,0,0,0,0,0,0,0,0,0,0,0,0,97,42,55,105,46,59
161,183,61,28,33,229,72,157,398,116,282,514,289,225,630,461,169,707,525,182
161,64,677,302,375,711,279,432,801,278,523,954,370,584,1030,376,654,1222,345,877
161,118,1929,865,1064,2566,1139,1427,3246,1466,1780,3576,1965,1611,3912,2170,1742,4410,2419,1991
161,142,364,132,232,348,128,220,325,121,204,256,94,162,246,91,155,225,84,141
161,191,1485,1049,436,922,582,340,621,265,356,743,307,436,1186,484,702,1610,659,951
161,81,20,10,10,20,11,9,22,11,11,31,16,15,23,12,11,27,14,13
161,43,28155,9490,18665,40390,15571,24819,52626,21652,30974,58059,27482,30577,63493,33313,30180,73070,39924,33146
161,44,79010,9320,69690,88179,9883,78296,97347,10445,86902,106282,6641,99641,115475,2857,112618,117914,11792,106122
161,45,1892,601,1291,4250,1279,2971,6534,1943,4591,8769,2753,6016,11027,3356,7671,11864,3529,8335
161,57,1116,304,812,1444,462,982,1771,619,1152,2214,819,1395,2656,1018,1638,2925,1132,1793
161,106,49106,25018,24088,75318,36152,39166,144882,66932,77950,198241,90299,107942,210181,94533,115648,210243,93774,116469
161,136,31,19,12,33,22,11,37,25,12,82,63,19,138,110,28,152,119,33
161,166,482,310,172,7943,4249,3694,17932,9772,8160,22823,13331,9492,36758,21589,15169,38835,19501,19334
161,30,7837,3188,4649,10226,4226,6000,12614,5263,7351,12895,5425,7470,13176,5587,7589,13457,5749,7708
161,35,71,37,34,186,96,90,301,156,145,235,125,110,169,94,75,152,86,66
161,98,3472,1787,1685,2297,1212,1085,1122,636,486,2305,1363,942,3636,2075,1561,3915,2253,1662
161,124,104730,55859,48871,123116,65881,57235,154427,81770,72657,81938,43138,38800,20798,11602,9196,21732,12387,9345
161,185,1175,268,907,2480,548,1932,4027,848,3179,8195,1406,6789,12820,2032,10788,15392,2415,12977
161,203,1266,495,771,1146,469,677,1264,524,740,1195,518,677,1213,564,649,1203,594,609
161,205,591,317,274,629,320,309,673,324,349,731,382,349,726,459,267,716,455,261
161,226,12,7,5,29,17,12,70,42,28,80,50,30,94,58,36,113,69,44
161,23,9,7,2,10,8,2,12,10,2,15,12,3,18,14,4,19,15,4
161,125,303,167,136,237,119,118,156,86,70,525,323,202,1018,663,355,1429,1005,424
161,15,7934,4499,3435,10206,6281,3925,12508,8031,4477,24672,17725,6947,42281,31351,10930,48059,35449,12610
161,55,1793,196,1597,2535,186,2349,3277,176,3101,4796,228,4568,7690,464,7226,8027,559,7468
161,107,2245,275,1970,3455,307,3148,4664,357,4307,6736,1269,5467,8661,2027,6634,4056,270,3786
161,111,49207,21606,27601,45266,24346,20920,58906,36779,22127,76327,52479,23848,112782,81558,31224,181462,124304,57158
161,115,1026,126,900,1572,195,1377,2117,263,1854,1657,190,1467,1197,118,1079,1007,484,523
161,154,5930,2356,3574,7180,2733,4447,6412,2825,3587,10324,4218,6106,15904,6570,9334,85949,56225,29724
161,165,37462,29310,8152,44332,35034,9298,44593,35585,9008,54268,42802,11466,107963,90926,17037,148496,126604,21892
161,180,239551,123253,116298,245507,126940,118567,252250,126808,125442,311603,170395,141208,404010,230033,173977,488167,261569,226598
161,211,141,54,87,341,123,218,544,192,352,561,191,370,578,189,389,585,182,403
161,217,60107,35492,24615,91840,59507,32333,128860,86563,42297,202618,148130,54488,474063,361175,112888,555704,421913,133791
161,31,10,4,6,15,3,12,20,3,17,28,3,25,34,3,31,49,5,44
161,56,8,2,6,13,4,9,17,5,12,177,72,105,323,138,185,365,73,292
161,95,0,0,0,85,15,70,170,31,139,210,41,169,250,51,199,289,69,220
161,162,67,27,40,57,23,34,49,19,30,123,27,96,202,36,166,195,37,158
161,170,190,93,97,175,98,77,154,99,55,150,80,70,144,60,84,147,61,86
161,187,0,0,0,8,3,5,19,6,13,22,7,15,24,8,16,30,10,20
161,59,1972,540,1432,2951,759,2192,3929,978,2951,6663,1284,5379,9396,1589,7807,10882,1732,9150
161,70,14,4,10,15,6,9,20,7,13,33,10,23,61,16,45,130,25,105
161,73,299,56,243,484,113,371,669,171,498,1324,359,965,1979,547,1432,3545,929,2616
161,96,135,30,105,405,99,306,675,168,507,1056,320,736,1436,471,965,1581,540,1041
161,101,774,380,394,2741,1303,1438,6214,3057,3157,11553,5176,6377,14989,5634,9355,15312,5637,9675
161,114,1,0,1,1,0,1,2,1,1,3,1,2,5,2,3,4,2,2
161,153,3552,1129,2423,4686,1384,3302,5698,1604,4094,8015,2064,5951,13458,3039,10419,20593,4698,15895
161,199,4290,1021,3269,5091,1182,3909,5460,1240,4220,7214,1634,5580,9826,2195,7631,12248,2827,9421
161,218,21328,5337,15991,29809,7313,22496,38793,9354,29439,78326,25387,52939,124236,43997,80239,139570,48213,91357
161,4,146,78,68,222,117,105,297,156,141,392,207,185,443,234,209,399,215,184
161,52,0,0,0,0,0,0,0,0,0,38,8,30,75,15,60,75,14,61
161,83,11217,1486,9731,8569,1373,7196,6061,1151,4910,7359,1715,5644,8656,2279,6377,8470,1972,6498
161,104,65197,12997,52200,75405,21351,54054,85612,29705,55907,114522,43623,70899,143432,57542,85890,143457,56016,87441
161,127,94,21,73,110,26,84,139,34,105,165,44,121,446,67,379,559,106,453
161,163,74,13,61,160,28,132,253,44,209,366,71,295,419,86,333,459,78,381
161,182,5,1,4,33,5,28,46,7,39,46,7,39,45,6,39,43,5,38
161,188,3,2,1,5,3,2,9,4,5,16,5,11,68,13,55,112,24,88
161,193,8682,2884,5798,10514,3624,6890,16870,6109,10761,23923,9042,14881,38863,14532,24331,41334,15147,26187
161,12,7633,2584,5049,8611,3008,5603,9589,3432,6157,10718,3672,7046,11847,3912,7935,13856,4626,9230
161,19,3007,768,2239,3037,787,2250,2980,792,2188,3089,823,2266,3098,783,2315,4205,1066,3139
161,74,7979,2360,5619,8237,2339,5898,8495,2318,6177,10645,3171,7474,14074,3638,10436,15224,3899,11325
161,80,22895,5250,17645,23278,4689,18589,23660,4128,19532,39018,8955,30063,54376,13783,40593,56250,14258,41992
161,119,0,0,0,0,0,0,1,0,1,18,2,16,37,4,33,39,4,35
161,121,183,36,147,173,33,140,166,31,135,144,34,110,124,37,87,191,60,131
161,145,3077,795,2282,4794,1156,3638,6671,1546,5125,8661,2023,6638,10636,2438,8198,12381,2915,9466
161,200,7161,1637,5524,8124,2184,5940,9117,2756,6361,10168,2716,7452,11417,2029,9388,13416,3150,10266
161,10,217,165,52,486,299,187,754,433,321,863,455,408,954,468,486,1004,493,511
161,14,64,32,32,103,41,62,143,52,91,587,278,309,1031,504,527,1117,542,575
161,38,34,23,11,73,49,24,112,75,37,921,499,422,1730,923,807,1708,910,798
161,62,115,72,43,128,79,49,140,85,55,94,55,39,48,25,23,51,27,24
161,164,274,130,144,289,138,151,306,146,160,239,114,125,143,67,76,140,65,75
161,209,187,86,101,169,78,91,184,85,99,197,91,106,334,164,170,346,173,173
161,50,72,28,44,71,27,44,106,39,67,69,24,45,137,49,88,143,51,92
161,65,31,18,13,24,14,10,17,10,7,18,10,8,18,10,8,19,11,8
161,88,15,7,8,28,11,17,41,16,25,50,15,35,58,13,45,67,16,51
161,133,186,117,69,315,164,151,458,218,240,452,223,229,499,254,245,688,381,307
161,157,223,209,14,323,304,19,444,418,26,882,835,47,1363,1293,70,1601,1518,83
161,8,128,40,88,125,40,85,122,40,82,90,30,60,58,21,37,58,21,37
161,24,14,3,11,26,8,18,37,13,24,39,15,24,40,17,23,47,20,27
161,42,92,48,44,145,99,46,197,149,48,160,126,34,122,102,20,202,160,42
161,46,56,22,34,64,28,36,72,34,38,75,37,38,90,47,43,96,50,46
161,63,42,29,13,47,32,15,52,36,16,61,43,18,86,60,26,125,87,38
161,160,230,157,73,201,136,65,235,159,76,275,186,89,298,202,96,322,219,103
161,225,143,60,83,141,60,81,138,58,80,144,61,83,152,64,88,161,66,95
161,22,92,48,44,142,60,82,192,72,120,299,147,152,406,223,183,411,225,186
161,37,118304,57593,60711,175504,84913,90591,236877,114272,122605,351848,151734,200114,487954,198849,289105,545321,222028,323293
161,84,2,1,1,6,0,6,7,0,7,10,2,8,52,19,33,130,51,79
161,220,912674,352063,560611,1118021,432683,685338,1369070,533170,835900,1551021,608552,942469,1751981,669025,1082956,1896031,720597,1175434
161,11,90580,32427,58153,103492,36612,66880,112210,39050,73160,134570,48240,86330,183780,68210,115570,222340,86355,135985
161,147,4379,1154,3225,6812,2022,4790,9860,4793,5067,14617,7095,7522,26902,13027,13875,38756,18742,20014
161,158,2005,1177,828,2054,1259,795,1537,1024,513,1697,1198,499,1439,1030,409,1459,1051,408
161,189,147,115,32,146,114,32,140,109,31,130,88,42,129,73,56,120,68,52
161,87,24527,12732,11795,28576,14511,14065,32625,16290,16335,30827,15637,15190,29028,14983,14045,29289,15107,14182
161,128,120,38,82,209,102,107,311,173,138,398,220,178,509,293,216,541,311,230
161,134,170,97,73,154,98,56,143,80,63,133,73,60,128,70,58,125,68,57
161,143,100,66,34,92,61,31,85,57,28,79,53,26,74,50,24,73,50,23
161,152,12836,8180,4656,12905,7799,5106,13757,7580,6177,15233,7822,7411,12330,5900,6430,11045,5260,5785
161,156,1569,1024,545,2654,1605,1049,2892,1788,1104,3179,1835,1344,3047,1689,1358,2987,1620,1367
161,3,379,217,162,520,295,225,661,374,287,889,500,389,1117,626,491,1101,616,485
161,68,0,0,0,0,0,0,0,0,0,0,0,0,17,4,13,16,4,12
161,28,0,0,0,0,0,0,0,0,0,0,0,0,354,169,185,426,203,223
162,64,407,236,171,329,176,153,278,131,147,331,167,164,357,173,184,423,176,247
162,118,1163,678,485,824,421,403,499,179,320,550,260,290,602,288,314,678,320,358
162,142,249,85,164,238,83,155,222,77,145,175,60,115,168,58,110,154,54,100
162,191,1622,779,843,2497,1301,1196,4080,2143,1937,4883,2507,2376,7800,3974,3826,10061,5132,4929
162,81,34,16,18,34,18,16,38,18,20,53,27,26,39,18,21,46,21,25
162,108,23820,10727,13093,22643,10300,12343,21465,9873,11592,24471,11606,12865,27476,13338,14138,29224,14433,14791
162,112,6934,2524,4410,6242,2344,3898,5453,2127,3326,4580,1769,2811,3639,1386,2253,3212,1212,2000
162,202,58,26,32,47,22,25,41,19,22,39,19,20,40,19,21,38,17,21
162,106,359,183,176,585,281,304,742,343,399,922,420,502,978,439,539,1093,487,606
162,136,5,3,2,4,3,1,5,3,2,7,5,2,11,8,3,12,9,3
162,161,12,9,3,38,15,23,75,25,50,89,28,61,108,32,76,110,33,77
162,55,176,49,127,249,62,187,322,75,247,471,107,364,755,180,575,788,194,594
162,79,3794,1465,2329,3438,1357,2081,3082,1250,1832,2975,1210,1765,2885,1176,1709,2673,1091,1582
162,103,95566,44020,51546,93907,42436,51471,86990,39029,47961,71802,31965,39837,57485,25208,32277,59286,25835,33451
162,107,85,31,54,93,35,58,100,39,61,143,66,77,183,89,94,86,32,54
162,211,826,414,412,1999,960,1039,3181,1509,1672,3278,1517,1761,3377,1522,1855,3428,1503,1925
162,18,235,133,102,365,180,185,495,228,267,476,219,257,456,210,246,478,221,257
162,31,423,128,295,558,168,390,693,208,485,939,299,640,1146,377,769,1518,521,997
162,56,6082,2264,3818,9124,3556,5568,12165,4848,7317,16032,7160,8872,18583,9303,9280,19224,9641,9583
162,95,3647,1620,2027,3200,1265,1935,2752,909,1843,3399,1163,2236,4045,1416,2629,3199,1151,2048
162,167,794,350,444,536,236,300,361,159,202,254,128,126,230,89,141,208,74,134
162,169,538,206,332,480,200,280,397,163,234,411,157,254,406,172,234,166,93,73
162,170,31333,15375,15958,32973,16123,16850,33418,16292,17126,31362,15137,16225,28661,13680,14981,29207,13864,15343
162,187,1207,360,847,2476,920,1556,4425,1731,2694,4962,1992,2970,5564,2279,3285,6739,2870,3869
162,216,3718,1577,2141,3597,1585,2012,3520,1611,1909,3216,1475,1741,3068,1410,1658,3078,1417,1661
162,59,8085,3035,5050,9520,3413,6107,10954,3790,7164,19008,8647,10361,27062,13504,13558,32426,16089,16337
162,68,236,92,144,366,144,222,496,196,300,550,240,310,599,281,318,556,260,296
162,70,23,9,14,20,12,8,49,29,20,69,50,19,75,52,23,68,48,20
162,73,1027,473,554,1007,477,530,987,481,506,1939,996,943,2891,1511,1380,4931,2568,2363
162,96,265,113,152,878,389,489,1491,665,826,5895,3259,2636,10299,5853,4446,10440,5482,4958
162,101,3168,1556,1612,17186,8183,9003,40650,20024,20626,90158,52402,37756,124820,71364,53456,127507,72225,55282
162,114,30550,11857,18693,16038,6218,9820,1526,579,947,1397,586,811,1233,566,667,1034,468,566
162,120,4372,1855,2517,4890,2086,2804,3830,1630,2200,3467,1491,1976,2633,1048,1585,2228,857,1371
162,153,4367,1982,2385,5157,1919,3238,5738,1975,3763,8303,3392,4911,49518,32620,16898,91213,59394,31819
162,199,31527,11143,20384,37413,13040,24373,40123,13814,26309,46203,16698,29505,70253,30094,40159,83542,37358,46184
162,218,71908,41357,30551,64757,34255,30502,58696,27650,31046,328865,161023,167842,625807,309127,316680,703050,342487,360563
162,52,655,114,541,660,111,549,595,103,492,664,126,538,732,148,584,737,148,589
162,83,29946,12030,17916,22454,9400,13054,15330,6687,8643,15669,6230,9439,16007,5772,10235,15664,5235,10429
162,104,24516,6428,18088,33838,8007,25831,43160,9586,33574,80891,19418,61473,118621,29250,89371,118641,27656,90985
162,127,20,7,13,24,9,15,61,23,38,97,36,61,232,73,159,290,100,190
162,163,104,50,54,224,106,118,355,168,187,661,226,435,859,248,611,943,244,699
162,178,18,2,16,19,2,17,22,2,20,23,3,20,25,3,22,26,3,23
162,182,81,14,67,517,78,439,704,94,610,695,86,609,680,84,596,664,80,584
162,188,62,31,31,133,37,96,206,44,162,229,62,167,412,137,275,424,158,266
162,193,4206,2101,2105,5725,2836,2889,9707,4869,4838,33371,16835,16536,74330,38321,36009,64960,30262,34698
162,204,101,42,59,94,39,55,88,37,51,90,38,52,93,39,54,100,42,58
162,12,33851,14262,19589,38190,16452,21738,42528,18641,23887,49475,22206,27269,56421,25770,30651,65989,30336,35653
162,19,4588,2121,2467,5743,2284,3459,6732,2395,4337,19912,9526,10386,42871,20604,22267,68538,32516,36022
162,74,135061,48005,87056,139427,48044,91383,143793,48084,95709,101024,36152,64872,103216,38261,64955,111648,41158,70490
162,80,248610,140476,108134,459633,211890,247743,670656,283305,387351,1268243,564013,704230,1865829,844721,1021108,1930136,873834,1056302
162,119,11,11,0,13,13,0,15,15,0,30,12,18,47,10,37,58,13,45
162,121,722,309,413,642,261,381,570,217,353,1310,498,812,2065,784,1281,3155,1225,1930
162,145,9026,2795,6231,12398,3655,8743,16189,4615,11574,24970,7716,17254,58215,24846,33369,98435,44338,54097
162,200,9473,3758,5715,12836,5569,7267,16247,7422,8825,19170,8362,10808,22466,8450,14016,26401,11074,15327
162,14,12,6,6,10,3,7,9,2,7,14,4,10,18,6,12,20,7,13
162,53,211,76,135,160,53,107,109,31,78,108,31,77,99,29,70,89,26,63
162,62,475,70,405,528,67,461,580,64,516,312,46,266,42,28,14,44,29,15
162,164,36,17,19,37,18,19,40,19,21,31,15,16,19,9,10,18,9,9
162,50,329,160,169,224,106,118,231,101,130,151,65,86,298,129,169,310,133,177
162,133,1693,573,1120,1514,535,979,1401,525,876,1063,400,663,849,322,527,1169,504,665
162,157,67,45,22,71,48,23,80,54,26,120,78,42,167,106,61,196,125,71
162,8,29520,14204,15316,21429,9891,11538,13338,5578,7760,9839,4205,5634,6339,2832,3507,7315,3266,4049
162,24,193,108,85,182,97,85,170,85,85,179,90,89,187,94,93,218,110,108
162,28,13225,6305,6920,10351,4766,5585,7477,3228,4249,5504,2467,3037,3452,1668,1784,4157,2009,2148
162,42,465,231,234,450,219,231,435,207,228,353,191,162,270,175,95,444,243,201
162,46,495,239,256,404,196,208,312,153,159,253,126,127,238,123,115,255,133,122
162,63,104,52,52,117,58,59,130,65,65,153,78,75,215,107,108,312,154,158
162,159,696,352,344,842,440,402,986,524,462,939,499,440,894,474,420,872,462,410
162,160,142,73,69,124,63,61,145,73,72,170,86,84,184,94,90,198,102,96
162,222,4067,1867,2200,2465,1092,1373,1318,581,737,1173,510,663,1045,448,597,927,392,535
162,225,803,353,450,793,349,444,779,343,436,819,362,457,860,380,480,911,396,515
162,22,25,14,11,27,10,17,28,6,22,31,13,18,33,19,14,33,19,14
162,37,177219,86275,90944,176548,85546,91002,180074,86869,93205,160218,75013,85205,149987,67894,82093,167620,75819,91801
162,84,9,2,7,3,2,1,8,2,6,6,3,3,28,25,3,31,23,8
162,220,388328,178287,210041,418971,192746,226225,466742,215805,250937,462140,214864,247276,463202,211080,252122,463732,210582,253150
162,11,74954,38304,36650,74618,37149,37469,66920,31890,35030,63280,29130,34150,58940,26130,32810,59868,26136,33732
162,147,572,311,261,762,401,361,1884,916,968,1916,930,986,1983,962,1021,2019,977,1042
162,137,0,0,0,0,0,0,0,0,0,0,0,0,94,68,26,98,71,27
163,140,6499,3977,2522,7215,4484,2731,7139,4386,2753,5688,3481,2207,4256,2641,1615,4420,2732,1688
163,5,5298,3379,1919,6156,3833,2323,7014,4287,2727,9070,5452,3618,11125,6616,4509,15528,9196,6332
163,48,442,252,190,511,281,230,716,384,332,455,294,161,1084,645,439,1441,833,608
163,179,206,111,95,212,113,99,218,113,105,171,88,83,134,69,65,118,61,57
163,64,44,20,24,38,17,21,34,15,19,40,19,21,43,19,24,51,19,32
163,27,137,85,52,132,82,50,141,87,54,270,165,105,400,243,157,531,320,211
163,142,641,377,264,613,363,250,570,337,233,450,265,185,433,256,177,396,235,161
163,191,19125,8491,10634,16592,8348,8244,18765,10249,8516,22462,12011,10451,35850,19040,16810,48738,25913,22825
163,34,1132,566,566,1031,526,505,929,486,443,1023,510,513,1116,534,582,1159,553,606
163,89,237,116,121,273,149,124,295,158,137,537,232,305,834,330,504,928,368,560
163,90,528,287,241,678,375,303,827,462,365,802,421,381,776,379,397,823,398,425
163,44,73,35,38,82,39,43,90,43,47,98,44,54,107,46,61,109,44,65
163,45,3489,1847,1642,2760,1480,1280,1983,1090,893,1717,999,718,1456,884,572,1566,945,621
163,106,319,163,156,345,166,179,370,171,199,439,200,239,465,209,256,428,191,237
163,161,25,16,9,46,24,22,82,40,42,68,34,34,59,29,30,60,29,31
163,203,53,35,18,88,57,31,143,90,53,306,176,130,491,277,214,652,366,286
163,205,258,123,135,281,133,148,308,145,163,327,157,170,318,181,137,313,179,134
163,97,454,182,272,323,136,187,191,89,102,177,82,95,162,75,87,156,72,84
163,194,0,0,0,0,0,0,2,1,1,6,2,4,13,5,8,33,16,17
163,55,16,5,11,23,7,16,29,8,21,42,11,31,68,19,49,71,20,51
163,211,54,28,26,131,65,66,209,101,108,215,102,113,221,102,119,224,101,123
163,31,3,3,0,24,14,10,44,25,19,71,40,31,95,53,42,278,137,141
163,56,10,6,4,15,9,6,19,11,8,78,53,25,130,91,39,263,190,73
163,95,21,9,12,123,72,51,224,134,90,277,168,109,330,202,128,447,266,181
163,162,85,52,33,72,44,28,62,37,25,100,65,35,142,95,47,137,93,44
163,167,403,178,225,272,120,152,183,81,102,129,77,52,116,44,72,105,37,68
163,169,48,21,27,79,41,38,107,57,50,346,153,193,569,263,306,142,98,44
163,170,129,63,66,125,66,59,117,67,50,174,98,76,228,126,102,232,127,105
163,187,1,1,0,46,31,15,104,68,36,117,77,40,131,87,44,159,106,53
163,41,3380,1590,1790,3318,1561,1757,3525,1657,1868,8293,3942,4351,13060,6226,6834,13856,6623,7233
163,59,441,228,213,561,295,266,681,362,319,943,518,425,1205,675,530,1560,837,723
163,73,92,59,33,106,70,36,119,81,38,246,171,75,372,260,112,618,416,202
163,96,45,28,17,71,45,26,97,62,35,358,236,122,619,410,209,534,336,198
163,101,122,60,62,432,206,226,979,483,496,1860,1069,791,2434,1377,1057,2486,1393,1093
163,114,1,1,0,1,1,0,2,2,0,27,19,8,52,36,16,43,30,13
163,120,3,2,1,4,3,1,3,3,0,33,25,8,59,43,16,50,36,14
163,153,600,359,241,630,364,266,708,391,317,748,412,336,1107,620,487,2925,1693,1232
163,199,1975,1091,884,2344,1286,1058,2514,1372,1142,2589,1403,1186,2936,1595,1341,3535,1919,1616
163,218,19323,8925,10398,27105,12849,14256,35344,16953,18391,59305,29053,30252,88094,43809,44285,98967,48545,50422
163,4,3957,2117,1840,5364,2833,2531,6771,3549,3222,10722,5666,5056,13686,7227,6459,11012,5670,5342
163,52,0,0,0,13,4,9,25,9,16,38,18,20,50,27,23,50,27,23
163,83,731,342,389,506,213,293,289,81,208,311,99,212,332,116,216,325,105,220
163,104,6791,1347,5444,6018,1443,4575,5245,1539,3706,5830,1889,3941,6414,2238,4176,6415,2164,4251
163,127,3,1,2,4,1,3,10,2,8,19,5,14,54,29,25,67,38,29
163,182,4,3,1,29,18,11,40,24,16,40,24,16,40,24,16,39,24,15
163,188,3,2,1,6,4,2,10,5,5,18,9,9,39,17,22,54,28,26
163,193,35909,17052,18857,42238,20510,21728,65690,32952,32738,75768,40776,34992,134592,81148,53444,114661,65956,48705
163,12,949,556,393,1071,635,436,1192,713,479,1333,785,548,1473,856,617,1723,1005,718
163,19,14810,7846,6964,20152,10387,9765,24911,12665,12246,26605,13519,13086,32919,17157,15762,43224,22680,20544
163,74,781382,405398,375984,806641,411971,394670,831900,418544,413356,586242,298974,287268,659295,333661,325634,713158,359774,353384
163,80,92782,50574,42208,111027,60713,50314,129271,70851,58420,112227,60210,52017,95183,49570,45613,98464,51279,47185
163,119,134,72,62,390,196,194,640,315,325,513,258,255,387,199,188,425,223,202
163,121,30614,16464,14150,40221,21035,19186,50254,25859,24395,55878,28709,27169,62068,31903,30165,94851,49399,45452
163,145,7814,4086,3728,8561,4402,4159,9606,4859,4747,12052,6198,5854,14679,7720,6959,16750,8738,8012
163,200,89576,48698,40878,109787,62375,47412,130398,76418,53980,151328,85593,65735,175197,90256,84941,205887,113001,92886
163,10,177,90,87,183,97,86,188,103,85,174,92,82,156,78,78,164,82,82
163,14,1,0,1,5,2,3,9,4,5,12,8,4,15,12,3,16,13,3
163,25,1328,696,632,1147,583,564,967,470,497,1030,501,529,42,28,14,47,32,15
163,62,160,111,49,178,122,56,195,133,62,149,98,51,101,61,40,107,65,42
163,86,186,90,96,248,117,131,310,144,166,380,174,206,450,205,245,467,210,257
163,164,68,32,36,71,34,37,76,36,40,59,28,31,36,17,19,35,16,19
163,50,57,35,22,46,28,18,59,34,25,39,23,16,77,45,32,80,47,33
163,65,20,15,5,16,12,4,11,8,3,12,9,3,12,9,3,13,10,3
163,88,14,7,7,16,11,5,17,14,3,21,18,3,25,23,2,29,27,2
163,133,163,128,35,276,174,102,401,228,173,397,236,161,440,271,169,606,396,210
163,157,177,125,52,152,108,44,137,97,40,172,117,55,216,144,72,254,169,85
163,8,13551,7221,6330,11298,5840,5458,9046,4460,4586,6673,3344,3329,4299,2227,2072,4961,2569,2392
163,24,37,24,13,38,23,15,39,22,17,95,58,37,150,94,56,175,110,65
163,28,274924,145746,129178,244319,128497,115822,213713,111247,102466,176510,90969,85541,136775,69287,67488,164705,83435,81270
163,42,127,66,61,187,89,98,247,112,135,200,104,96,153,97,56,251,131,120
163,46,133,70,63,121,66,55,109,62,47,99,58,41,107,65,42,115,70,45
163,63,122,76,46,137,85,52,152,95,57,179,114,65,252,158,94,366,229,137
163,160,91,59,32,80,51,29,94,60,34,111,71,40,120,77,43,129,83,46
163,222,1216,352,864,877,365,512,633,329,304,563,290,273,502,256,246,443,224,219
163,225,71582,41868,29714,62567,36459,26108,54176,31422,22754,53646,31265,22381,53028,31063,21965,54591,31672,22919
163,22,1530,187,1343,1647,158,1489,1763,129,1634,1682,478,1204,1600,826,774,1622,839,783
163,37,154655,75290,79365,152654,73971,78683,154283,74428,79855,141057,68492,72565,136304,66866,69438,152329,74680,77649
163,220,390588,169074,221514,376935,162916,214019,378690,164096,214594,375632,163087,212545,377180,159357,217823,392626,165219,227407
163,11,19115,10098,9017,18951,9974,8977,17990,9370,8620,18180,9430,8750,18470,9510,8960,20044,10305,9739
163,68,0,0,0,0,0,0,0,0,0,0,0,0,43,29,14,40,27,13
163,54,0,0,0,0,0,0,0,0,0,0,0,0,846,412,434,919,449,470
164,161,8,6,2,27,14,13,54,25,29,51,24,27,51,23,28,51,23,28
164,55,1,1,0,2,2,0,2,2,0,3,3,0,5,5,0,5,5,0
164,59,5,2,3,3,1,2,0,0,0,0,0,0,0,0,0,0,0,0
164,96,0,0,0,1,1,0,1,1,0,1,1,0,0,0,0,0,0,0
164,153,0,0,0,0,0,0,13,7,6,16,7,9,23,11,12,29,14,15
164,83,18,9,9,19,10,9,20,10,10,10,5,5,0,0,0,0,0,0
164,12,3,1,2,4,2,2,4,2,2,5,2,3,5,2,3,6,3,3
164,74,290,149,141,300,152,148,309,154,155,51,26,25,48,23,25,52,25,27
164,7,30,14,16,37,18,19,44,22,22,47,23,24,50,25,25,53,26,27
164,25,23,10,13,48,20,28,73,30,43,77,32,45,9,6,3,10,7,3
164,29,32,16,16,38,19,19,44,22,22,51,26,25,57,29,28,63,32,31
164,38,15,7,8,32,14,18,50,22,28,47,21,26,45,20,25,44,20,24
164,53,272,127,145,206,91,115,140,56,84,140,57,83,128,52,76,115,47,68
164,61,6,5,1,8,7,1,10,9,1,12,11,1,14,13,1,16,15,1
164,62,8767,4118,4649,9738,4449,5289,10708,4780,5928,8265,3958,4307,5763,3107,2656,6083,3278,2805
164,92,1546,703,843,1819,842,977,2092,982,1110,2468,1170,1298,2843,1357,1486,3201,1535,1666
164,174,7,5,2,9,7,2,13,10,3,15,12,3,16,12,4,16,12,4
164,186,0,0,0,0,0,0,0,0,0,12,6,6,25,12,13,26,13,13
164,221,3974,1971,2003,4141,2054,2087,4316,2140,2176,4190,2089,2101,4065,2037,2028,4067,2037,2030
164,50,268,151,117,216,128,88,272,166,106,178,108,70,351,213,138,365,221,144
164,65,109,55,54,84,43,41,58,31,27,59,32,27,59,33,26,62,35,27
164,88,69,25,44,67,29,38,65,33,32,77,42,35,88,51,37,101,59,42
164,94,98,62,36,97,60,37,96,58,38,94,57,37,92,57,35,95,59,36
164,133,1287,629,658,1888,873,1015,2572,1161,1411,1846,883,963,1335,709,626,1325,701,624
164,148,54,24,30,43,19,24,46,23,23,51,27,24,54,29,25,58,32,26
164,157,253,157,96,285,179,106,335,210,125,463,294,169,614,395,219,721,463,258
164,8,210,106,104,184,86,98,159,68,91,117,51,66,75,34,41,75,34,41
164,24,33,20,13,37,22,15,41,24,17,37,20,17,33,17,16,38,19,19
164,42,121,52,69,151,67,84,181,83,98,147,78,69,112,72,40,184,97,87
164,46,432,219,213,444,229,215,455,238,217,447,237,210,516,280,236,553,303,250
164,63,167,86,81,188,97,91,208,107,101,245,128,117,344,176,168,500,254,246
164,160,97,45,52,85,39,46,100,46,54,118,54,64,127,58,69,137,63,74
164,225,912,418,494,701,327,374,534,253,281,480,225,255,432,200,232,419,191,228
164,37,182,89,93,217,105,112,258,124,134,328,147,181,418,180,238,467,201,266
164,220,1180383,565005,615378,1338464,605307,733157,1537394,658821,878573,1572102,677985,894117,1626078,685300,940778,1744402,853898,890504
164,11,46,24,22,85,33,52,120,40,80,160,60,100,140,80,60,169,95,74
164,87,194,111,83,194,102,92,193,92,101,2054,1056,998,3915,2021,1894,3950,2038,1912
164,152,923,444,479,1133,568,565,1413,693,720,1419,642,777,1018,416,602,911,369,542
164,54,0,0,0,0,0,0,0,0,0,0,0,0,14,3,11,15,4,11
165,64,287,159,128,278,160,118,292,174,118,348,216,132,376,228,148,446,247,199
165,118,819,456,363,921,598,323,1040,758,282,1146,891,255,1255,979,276,1414,1099,315
165,161,27,15,12,67,35,32,126,64,62,119,61,58,119,60,59,120,60,60
165,194,3,2,1,34,28,6,67,48,19,134,74,60,270,150,120,268,147,121
165,15,8,1,7,13,3,10,19,4,15,99,33,66,201,69,132,346,116,230
165,55,3,2,1,4,2,2,5,3,2,7,4,3,12,7,5,13,8,5
165,107,102,66,36,187,132,55,272,199,73,392,301,91,504,394,110,236,173,63
165,111,49,5,44,60,10,50,96,19,77,141,36,105,223,65,158,623,121,502
165,154,27,11,16,77,33,44,106,50,56,127,85,42,170,136,34,384,306,78
165,195,9870,4803,5067,9645,4669,4976,9420,4535,4885,9815,4699,5116,10211,4864,5347,10111,4804,5307
165,211,7,5,2,18,12,6,30,19,11,30,19,11,30,19,11,30,19,11
165,217,61,10,51,131,35,96,210,62,148,824,292,532,2244,875,1369,3996,1532,2464
165,31,2,2,0,3,2,1,4,3,1,6,4,2,8,6,2,19,14,5
165,56,7,3,4,10,4,6,13,5,8,10,4,6,6,3,3,6,4,2
165,95,30,18,12,27,16,11,23,13,10,28,16,12,33,19,14,52,31,21
165,162,9,6,3,7,5,2,6,4,2,15,7,8,26,11,15,24,10,14
165,170,115,56,59,107,59,48,97,60,37,61,37,24,25,14,11,26,14,12
165,59,5,2,3,18,6,12,31,10,21,50,17,33,69,25,44,90,32,58
165,73,3,1,2,4,2,2,4,2,2,9,6,3,13,9,4,19,15,4
165,96,1,0,1,2,0,2,2,0,2,2,0,2,2,0,2,2,0,2
165,101,7,4,3,18,9,9,40,21,19,40,22,18,34,17,17,35,17,18
165,114,0,0,0,0,0,0,0,0,0,0,0,0,0,0,0,0,0,0
165,153,0,0,0,0,0,0,12,8,4,21,10,11,32,17,15,61,31,30
165,199,18,8,10,21,9,12,23,10,13,46,22,24,74,42,32,139,75,64
165,218,148,96,52,582,320,262,1026,548,478,1650,983,667,2409,1505,904,2706,1678,1028
165,83,6,3,3,9,7,2,12,10,2,570,267,303,1127,523,604,1103,488,615
165,104,0,0,0,1,1,0,2,2,0,41,21,20,80,40,40,80,39,41
165,193,5,3,2,8,5,3,99,59,40,48,28,20,52,31,21,91,60,31
165,12,15,9,6,17,10,7,18,11,7,20,12,8,22,13,9,25,15,10
165,74,151,71,80,156,72,84,160,72,88,64,40,24,137,60,77,148,64,84
165,145,15,7,8,22,9,13,31,11,20,35,15,20,56,26,30,101,52,49
165,200,11,7,4,29,19,10,48,30,18,53,32,21,60,33,27,70,41,29
165,50,2,1,1,2,1,1,2,1,1,1,0,1,3,2,1,3,2,1
165,24,6,5,1,6,5,1,5,4,1,3,2,1,1,1,0,1,1,0
165,42,29,10,19,28,9,19,26,8,18,22,9,13,17,10,7,26,11,15
165,37,259,126,133,666,322,344,1089,525,564,1361,709,652,1715,938,777,1917,1048,869
165,11,97,55,42,183,105,78,260,150,110,440,260,180,690,410,280,949,526,423
165,68,0,0,0,0,0,0,0,0,0,0,0,0,1,1,0,1,1,0
166,215,61,10,51,59,8,51,185,40,145,183,39,144,182,38,144,180,37,143
166,77,60,37,23,72,45,27,92,57,35,101,63,38,115,71,44,126,77,49
166,64,282,199,83,240,163,77,218,140,78,260,173,87,281,184,97,333,203,130
166,118,806,570,236,661,448,213,527,338,189,580,409,171,635,450,185,715,504,211
166,142,52,21,31,49,20,29,48,20,28,37,15,22,35,14,21,32,13,19
166,191,1625,624,1001,1013,440,573,690,358,332,825,418,407,1318,663,655,1788,901,887
166,89,138,84,54,159,104,55,172,112,60,313,180,133,486,267,219,541,298,243
166,130,63,17,46,67,23,44,69,29,40,69,31,38,69,32,37,69,33,36
166,184,15,9,6,14,8,6,13,7,6,12,7,5,11,6,5,10,5,5
166,108,41045,19644,21401,32244,15563,16681,23442,11482,11960,26725,13452,13273,30007,15421,14586,31916,16656,15260
166,112,1459,639,820,1067,472,595,659,297,362,465,211,254,265,121,144,233,106,127
166,43,148141,81853,66288,141332,78456,62876,134524,75060,59464,148413,89711,58702,162303,104362,57941,186786,123150,63636
166,44,3238,1478,1760,3614,1636,1978,3989,1794,2195,4355,1838,2517,4732,1888,2844,4832,1814,3018
166,57,5873,2991,2882,5201,2654,2547,4528,2316,2212,4697,2373,2324,4866,2431,2435,5358,2693,2665
166,106,688141,350580,337561,675535,333814,341721,635317,311294,324023,533836,250801,283035,565989,254560,311429,522486,240649,281837
166,136,276,142,134,304,164,140,336,188,148,866,496,370,1497,901,596,1643,965,678
166,30,138,71,67,141,73,68,144,76,68,147,78,69,150,80,70,153,82,71
166,35,26,17,9,68,44,24,110,72,38,86,57,29,62,42,20,56,38,18
166,98,10866,6710,4156,7189,4511,2678,3513,2313,1200,15679,9440,6239,28850,16497,12353,31064,17907,13157
166,124,1194,944,250,1366,1081,285,1682,1326,356,2318,1842,476,3277,2627,650,3424,2765,659
166,161,593,369,224,1062,597,465,1827,984,843,4216,2251,1965,6799,3585,3214,6906,3647,3259
166,203,469,307,162,784,504,280,1262,799,463,1015,639,376,841,532,309,660,420,240
166,226,25,16,9,75,44,31,196,119,77,639,394,245,1495,890,605,1805,1067,738
166,23,15,7,8,18,9,9,21,11,10,26,13,13,31,15,16,33,16,17
166,194,7,4,3,77,61,16,149,101,48,296,145,151,596,297,299,592,290,302
166,55,2,0,2,3,0,3,4,0,4,6,0,6,10,0,10,10,0,10
166,79,798,364,434,586,269,317,373,173,200,291,136,155,211,101,110,195,93,102
166,107,96,48,48,106,56,50,115,64,51,166,101,65,214,134,80,100,55,45
166,211,124,58,66,299,132,167,477,207,270,491,207,284,505,206,299,512,202,310
166,18,22,14,8,26,14,12,29,14,15,28,13,15,27,13,14,29,14,15
166,31,33,19,14,43,22,21,53,25,28,43,22,21,53,22,31,0,0,0
166,56,19,9,10,28,14,14,37,19,18,553,285,268,1023,539,484,1388,712,676
166,95,1076,586,490,953,512,441,830,438,392,1025,549,476,1220,660,560,1160,583,577
166,162,53,24,29,44,19,25,38,16,22,78,36,42,122,57,65,118,55,63
166,170,2014,988,1026,2017,1036,981,1948,1047,901,2828,1606,1222,3651,2133,1518,3721,2166,1555
166,187,0,0,0,152,89,63,346,202,144,388,229,159,435,259,176,527,319,208
166,59,6527,2049,4478,7400,2404,4996,8273,2760,5513,8532,2919,5613,8790,3077,5713,9176,3253,5923
166,70,63,25,38,53,21,32,37,14,23,42,21,21,47,25,22,53,28,25
166,73,52,21,31,82,35,47,111,49,62,251,107,144,390,164,226,677,264,413
166,96,27,10,17,29,11,18,31,12,19,16,6,10,0,0,0,0,0,0
166,101,37,15,22,102,38,64,224,88,136,225,97,128,189,74,115,193,74,119
166,114,9,5,4,13,7,6,18,10,8,27,14,13,37,18,19,31,15,16
166,153,4821,1576,3245,5355,1875,3480,5966,2203,3763,6576,2560,4016,7082,2843,4239,7483,3039,4444
166,199,7205,2663,4542,8550,3119,5431,9170,3307,5863,9798,3685,6113,10398,4026,6372,10979,4366,6613
166,218,1717,983,734,6750,3075,3675,11898,5209,6689,8610,3745,4865,6024,2633,3391,6767,2906,3861
166,52,0,0,0,0,0,0,0,0,0,14,5,9,27,9,18,27,9,18
166,83,15,7,8,108,45,63,202,81,121,209,82,127,216,84,132,211,76,135
166,104,630,219,411,2263,834,1429,3896,1449,2447,3913,1517,2396,3930,1586,2344,3931,1545,2386
166,163,21,9,12,46,19,27,73,29,44,101,43,58,113,50,63,125,53,72
166,182,2,2,0,19,15,4,27,21,6,27,21,6,27,21,6,26,21,5
166,188,1,1,0,1,1,0,2,1,1,6,3,3,20,8,12,26,11,15
166,193,1257,630,627,1496,751,745,2379,1214,1165,2975,1378,1597,3641,1706,1935,4189,1854,2335
166,19,45,22,23,38,19,19,29,15,14,318,127,191,698,278,420,917,367,550
166,74,18230,7568,10662,18820,7628,11192,19409,7687,11722,17773,6885,10888,19138,7350,11788,20702,7909,12793
166,80,20119,9742,10377,20781,9370,11411,21442,8998,12444,24816,9459,15357,28189,9919,18270,29161,10261,18900
166,121,49,23,26,46,22,24,44,20,24,37,18,19,32,16,16,48,24,24
166,145,4145,1767,2378,4521,1881,2640,5056,2052,3004,5899,2427,3472,6426,2633,3793,7092,2832,4260
166,200,1430,491,939,1894,732,1162,2366,979,1387,2698,1019,1679,3084,922,2162,3624,1260,2364
166,62,548,321,227,609,351,258,669,380,289,604,343,261,535,304,231,565,321,244
166,164,72,34,38,78,39,39,85,43,42,102,50,52,107,50,57,114,54,60
166,50,148,79,69,136,75,61,193,106,87,127,69,58,250,137,113,260,142,118
166,65,208,126,82,161,97,64,114,69,45,119,72,47,123,75,48,128,78,50
166,88,290,122,168,709,373,336,1127,624,503,1340,789,551,1553,955,598,1786,1108,678
166,94,53,34,19,53,33,20,52,32,20,51,31,20,49,30,19,50,31,19
166,133,128,82,46,300,166,134,487,259,228,2101,1173,928,3960,2224,1736,8376,4899,3477
166,148,20,10,10,16,8,8,34,20,14,54,33,21,57,35,22,61,38,23
166,157,96,54,42,139,79,60,191,108,83,260,152,108,343,206,137,402,240,162
166,8,10229,5059,5170,9078,4566,4512,7927,4074,3853,7497,3801,3696,7066,3528,3538,8154,4069,4085
166,24,555,290,265,564,302,262,568,311,257,502,271,231,434,230,204,505,267,238
166,42,663,349,314,856,440,416,1049,531,518,851,484,367,652,437,215,1070,618,452
166,46,143,79,64,172,98,74,201,117,84,210,124,86,256,154,102,274,166,108
166,63,270,135,135,303,151,152,336,168,168,397,203,194,557,278,279,810,402,408
166,159,5162,2620,2542,4026,2074,1952,2877,1510,1367,2740,1438,1302,2610,1367,1243,2547,1333,1214
166,160,475,261,214,415,226,189,486,266,220,569,312,257,616,339,277,665,367,298
166,225,245,142,103,242,141,101,237,138,99,249,146,103,262,153,109,277,160,117
166,37,31722,15443,16279,56171,27163,29008,81955,39535,42420,102474,48336,54138,129149,60187,68962,144332,67215,77117
166,220,568397,278026,290371,701915,344077,357838,864125,425331,438794,961931,475805,486126,1071527,520669,550858,1119578,542330,577248
166,11,23735,11674,12061,28782,13772,15010,36160,16960,19200,51160,23590,27570,84160,39740,44420,98395,46084,52311
166,147,783,384,399,11855,5913,5942,17448,8481,8967,27550,13373,14177,27818,13482,14336,27640,13366,14274
166,158,87,29,58,89,43,46,66,36,30,76,40,36,64,34,30,64,35,29
166,189,38,27,11,38,27,11,37,26,11,34,22,12,34,20,14,31,18,13
166,87,3582,2115,1467,3411,1880,1531,3240,1645,1595,2964,1516,1448,2687,1387,1300,2711,1399,1312
166,134,65,38,27,58,38,20,54,32,22,50,29,21,48,28,20,47,28,19
166,152,2422,901,1521,1938,865,1073,1573,817,756,1855,885,970,1604,710,894,1436,631,805
166,156,11,8,3,19,13,6,141,108,33,80,49,31,76,45,31,74,43,31
166,3,201,106,95,192,100,92,182,94,88,239,123,116,296,152,144,292,150,142
166,28,0,0,0,0,0,0,0,0,0,4251,2004,2247,8503,4009,4494,10239,4827,5412
166,68,0,0,0,0,0,0,0,0,0,0,0,0,19,7,12,18,7,11
167,64,48,42,6,45,40,5,46,41,5,55,49,6,59,52,7,70,61,9
167,108,13149,6620,6529,10999,5489,5510,8849,4359,4490,10088,5105,4983,11327,5851,5476,12048,6319,5729
167,112,8066,3446,4620,6653,2922,3731,5138,2354,2784,4106,1865,2241,3013,1349,1664,2660,1183,1477
167,202,2071,911,1160,1389,548,841,833,242,591,803,290,513,821,361,460,814,353,461
167,13,386,45,341,339,58,281,342,55,287,324,43,281,297,49,248,283,51,232
167,55,234,52,182,331,63,268,428,75,353,626,106,520,1004,182,822,1048,198,850
167,79,4413,1972,2441,3659,1671,1988,2904,1370,1534,2639,1245,1394,2389,1126,1263,2213,1044,1169
167,103,28570,13506,15064,26793,12457,14336,23516,10865,12651,16945,7784,9161,10580,4779,5801,10911,4899,6012
167,107,2,1,1,23,0,23,44,0,44,64,9,55,83,16,67,39,1,38
167,211,564,114,450,1366,232,1134,2173,347,1826,2239,315,1924,2307,280,2027,2341,237,2104
167,18,8826,4703,4123,8361,4474,3887,7895,4244,3651,7786,4184,3602,7676,4124,3552,7608,4089,3519
167,31,582,236,346,821,303,518,1059,369,690,1467,521,946,1814,651,1163,2100,745,1355
167,56,202,120,82,303,183,120,403,245,158,5361,3383,1978,9878,6336,3542,6421,3695,2726
167,95,56,23,33,103,41,62,150,59,91,185,75,110,220,91,129,228,101,127
167,162,467,179,288,399,149,250,341,124,217,450,189,261,575,259,316,555,254,301
167,169,52248,20865,31383,45512,19088,26424,36316,14396,21920,40681,15645,25036,42976,18883,24093,81856,39200,42656
167,170,292807,143684,149123,289707,150599,139108,276101,152104,123997,285390,154470,130920,288805,153735,135070,294314,155978,138336
167,187,8,2,6,35,16,19,73,34,39,82,39,43,92,44,48,112,55,57
167,216,180029,77142,102887,174541,77261,97280,171185,78324,92861,156418,71686,84732,149246,68511,80735,149745,68852,80893
167,59,59,20,39,63,21,42,67,22,45,188,74,114,308,125,183,426,180,246
167,68,1543,940,603,1207,709,498,870,478,392,881,480,401,884,475,409,821,441,380
167,73,0,0,0,7,4,3,13,8,5,54,26,28,95,45,50,177,68,109
167,96,0,0,0,1,1,0,1,1,0,7,3,4,13,6,7,18,6,12
167,101,113,55,58,616,290,326,1457,711,746,2814,1498,1316,3707,1870,1837,3787,1887,1900
167,114,1629,953,676,2027,1116,911,2426,1279,1147,2261,1192,1069,2039,1059,980,1710,879,831
167,120,1763,1004,759,1081,617,464,846,482,364,834,488,346,710,410,300,601,341,260
167,153,3,0,3,4,0,4,23,4,19,169,56,113,303,98,205,770,347,423
167,199,58,21,37,69,25,44,74,26,48,219,74,145,446,153,293,753,280,473
167,218,61,37,24,243,121,122,430,207,223,1668,712,956,3043,1285,1758,3417,1416,2001
167,52,0,0,0,0,0,0,0,0,0,57,7,50,113,13,100,114,13,101
167,83,9177,5083,4094,7674,3468,4206,6297,1833,4464,8283,2443,5840,10269,3053,7216,10049,2696,7353
167,104,84,29,55,3371,911,2460,6658,1794,4864,86725,28457,58268,166791,55120,111671,166819,53131,113688
167,127,6,0,6,8,1,7,20,3,17,33,5,28,32,4,28,40,7,33
167,163,887,732,155,1915,1580,335,3022,2494,528,11135,6952,4183,17400,10265,7135,19098,10935,8163
167,182,28,5,23,179,29,150,244,35,209,241,32,209,236,31,205,230,30,200
167,188,17,9,8,36,18,18,57,27,30,133,52,81,311,113,198,342,118,224
167,193,17,7,10,94,43,51,213,99,114,8519,4835,3684,17111,8777,8334,16350,7676,8674
167,12,980,374,606,1106,433,673,1231,492,739,1376,530,846,1521,569,952,1779,672,1107
167,19,173,63,110,172,62,110,167,61,106,405,154,251,908,344,564,1673,668,1005
167,74,861,465,396,889,473,416,916,481,435,3891,1721,2170,6065,3128,2937,6560,3373,3187
167,80,1218,252,966,8538,4029,4509,15857,7805,8052,19140,8859,10281,22423,9913,12510,23196,10255,12941
167,145,4,3,1,5,4,1,9,5,4,37,18,19,61,32,29,173,85,88
167,200,155,47,108,451,146,305,750,247,503,875,254,621,1017,207,810,1195,310,885
167,62,6,3,3,7,3,4,7,3,4,9,4,5,11,5,6,12,6,6
167,50,3,2,1,2,1,1,3,2,1,2,1,1,4,3,1,4,3,1
167,8,1003,425,578,979,420,559,955,416,539,705,313,392,454,210,244,456,211,245
167,24,0,0,0,1,0,1,2,1,1,5,3,2,7,5,2,8,6,2
167,42,3,2,1,6,3,3,9,4,5,8,4,4,6,4,2,8,2,6
167,37,2284,1112,1172,2294,1112,1182,2358,1138,1220,7202,3602,3600,12478,6291,6187,13945,7026,6919
167,220,10932,5348,5584,14914,7362,7552,19507,9701,9806,24665,12326,12339,30127,14796,15331,37489,18356,19133
167,11,15,9,6,316,153,163,600,290,310,820,380,440,1040,470,570,1224,558,666
168,47,957,507,450,948,500,448,938,493,445,898,475,423,857,457,400,850,455,395
168,191,1143,618,525,561,283,278,139,16,123,166,16,150,265,23,242,340,30,310
168,59,5,3,2,3,2,1,0,0,0,0,0,0,0,0,0,0,0,0
168,218,1,1,0,7,6,1,15,12,3,13,10,3,13,9,4,14,11,3
168,83,5,3,2,5,3,2,6,3,3,3,1,2,0,0,0,0,0,0
168,86,244,117,127,294,138,156,344,160,184,364,131,233,383,101,282,397,102,295
168,129,253,77,176,309,93,216,366,110,256,383,108,275,400,106,294,414,106,308
168,42,0,0,0,1,1,0,2,1,1,2,1,1,2,1,1,5,3,2
168,75,365,188,177,381,188,193,396,187,209,374,176,198,351,164,187,353,163,190
168,37,63,31,32,63,30,33,64,30,34,196,99,97,340,175,165,380,195,185
168,11,51,26,25,52,14,38,50,0,50,130,40,90,230,110,120,274,115,159
168,68,0,0,0,0,0,0,0,0,0,0,0,0,1,1,0,1,1,0
169,64,226,119,107,194,92,102,177,71,106,211,93,118,228,96,132,270,93,177
169,118,645,343,302,537,247,290,438,161,277,483,233,250,529,258,271,596,287,309
169,142,45,24,21,43,24,19,41,21,20,32,17,15,30,16,14,27,15,12
169,191,773,367,406,631,311,320,670,331,339,802,387,415,1280,611,669,1738,831,907
169,112,713,314,399,718,324,394,713,330,383,634,291,343,546,247,299,482,217,265
169,161,2,2,0,68,37,31,154,82,72,91,49,42,34,18,16,35,19,16
169,55,1345,423,922,1902,546,1356,2459,669,1790,3599,962,2637,5771,1600,4171,6024,1713,4311
169,79,390,180,210,396,185,211,402,190,212,416,197,219,432,205,227,400,190,210
169,103,128886,58736,70150,131109,58689,72420,125991,56133,69858,112577,50026,62551,100528,44398,56130,103678,45507,58171
169,107,310,22,288,320,44,276,330,68,262,476,144,332,611,209,402,286,57,229
169,211,5018,2190,2828,12145,5014,7131,19316,7843,11473,19905,7815,12090,20512,7772,12740,20822,7597,13225
169,18,10,6,4,17,8,9,23,10,13,22,9,13,20,7,13,23,10,13
169,31,143,55,88,1393,552,841,2642,1049,1593,4308,1771,2537,5792,2417,3375,5660,2351,3309
169,56,2945,1476,1469,4417,2275,2142,5889,3074,2815,5109,2865,2244,3909,2527,1382,5125,3409,1716
169,95,194128,86252,107876,170168,76685,93483,146208,67119,79089,180592,84639,95953,214976,102159,112817,204603,98072,106531
169,162,4748,2073,2675,4061,1739,2322,3475,1458,2017,2977,1243,1734,2573,1055,1518,2480,1034,1446
169,167,5142,2264,2878,3470,1528,1942,2342,1032,1310,1644,834,810,1490,573,917,1350,478,872
169,170,3936,1931,2005,4284,2027,2257,4477,2049,2428,4200,1890,2310,3837,1693,2144,3911,1715,2196
169,187,1115,515,600,2843,1580,1263,5353,3079,2274,6003,3496,2507,6731,3958,2773,8152,4886,3266
169,59,877,428,449,1435,623,812,1993,819,1174,4233,2030,2203,6472,3240,3232,13999,7704,6295
169,70,1,1,0,1,1,0,11,7,4,48,25,23,81,43,38,61,31,30
169,73,157,104,53,375,228,147,593,353,240,1164,661,503,1734,969,765,2976,1546,1430
169,96,1,1,0,34,24,10,66,46,20,137,82,55,207,118,89,320,171,149
169,101,430,211,219,2334,1108,1226,5520,2711,2809,13632,6949,6683,19499,9196,10303,19919,9264,10655
169,114,3562,1677,1885,1815,857,958,69,38,31,191,157,34,310,272,38,260,228,32
169,120,35,19,16,40,22,18,31,17,14,130,111,19,213,190,23,181,161,20
169,153,286,150,136,577,240,337,1082,431,651,1656,568,1088,4390,2225,2165,12087,6642,5445
169,199,9253,4282,4971,10980,5035,5945,11776,5359,6417,12748,5607,7141,19741,9415,10326,25223,12337,12886
169,218,3873,2045,1828,5579,2719,2860,7379,3431,3948,41778,20825,20953,79580,40117,39463,89402,44471,44931
169,26,624,107,517,524,97,427,424,88,336,323,67,256,409,88,321,367,79,288
169,52,0,0,0,166,53,113,314,102,212,405,135,270,496,168,328,499,168,331
169,83,5983,2940,3043,16015,8334,7681,26311,13726,12585,36759,17068,19691,47206,20410,26796,46193,18889,27304
169,104,40066,11674,28392,79401,31244,48157,118736,50814,67922,570087,240599,329488,1021438,430384,591054,1021613,419883,601730
169,127,76,31,45,89,37,52,224,93,131,351,147,204,631,263,368,791,351,440
169,163,818,598,220,1766,1289,477,2787,2035,752,12468,6818,5650,20079,10481,9598,22038,11056,10982
169,178,43,14,29,71,16,55,100,18,82,104,20,84,109,22,87,120,29,91
169,182,443,87,356,2815,504,2311,3828,619,3209,3776,575,3201,3691,559,3132,3607,538,3069
169,188,63,27,36,93,30,63,124,32,92,181,51,130,306,93,213,524,281,243
169,193,2145,1111,1034,4375,2336,2039,8489,4621,3868,292379,159248,133131,727521,384181,343340,658132,327559,330573
169,204,24,10,14,22,9,13,21,9,12,21,9,12,22,10,12,23,10,13
169,12,24968,9408,15560,28168,10901,17267,31368,12394,18974,45724,19423,26301,60079,26451,33628,70267,31151,39116
169,19,2261,882,1379,2326,919,1407,2324,936,1388,9234,4476,4758,26252,13672,12580,57125,30675,26450
169,74,31928,15536,16392,32961,15754,17207,33993,15972,18021,43381,19875,23506,83011,38862,44149,89793,41882,47911
169,80,176920,93373,83547,249921,131710,118211,322922,170047,152875,446724,214195,232529,570525,258342,312183,590189,267246,322943
169,119,2,0,2,5,1,4,8,1,7,13,3,10,19,4,15,31,8,23
169,121,106,45,61,203,73,130,303,101,202,717,238,479,1140,378,762,1742,594,1148
169,145,1665,691,974,2804,1124,1680,4036,1588,2448,6314,2285,4029,11094,4075,7019,14757,5493,9264
169,200,6255,2572,3683,7770,3220,4550,9315,3894,5421,10869,4221,6648,12636,4006,8630,14849,5412,9437
169,14,0,0,0,12,12,0,25,25,0,60,58,2,94,90,4,102,98,4
169,53,153,48,105,116,33,83,79,19,60,78,18,60,71,16,55,64,14,50
169,62,30,16,14,34,18,16,37,19,18,39,18,21,41,18,23,43,19,24
169,50,62,26,36,55,25,30,76,37,39,50,24,26,98,47,51,102,49,53
169,133,278,174,104,310,154,156,357,142,215,356,136,220,397,146,251,546,229,317
169,157,38,24,14,52,32,20,71,42,29,109,75,34,154,112,42,182,133,49
169,8,3713,1537,2176,2985,1264,1721,2257,992,1265,1666,747,919,1074,502,572,1078,504,574
169,24,61,23,38,31,12,19,0,0,0,31,13,18,62,26,36,72,30,42
169,28,6604,3231,3373,5069,2432,2637,3534,1633,1901,2631,1193,1438,1691,734,957,2036,884,1152
169,42,435,220,215,394,200,194,352,179,173,286,164,122,219,148,71,360,208,152
169,46,458,258,200,370,206,164,281,153,128,225,120,105,207,109,98,222,118,104
169,63,101,45,56,114,51,63,126,56,70,148,67,81,208,92,116,302,133,169
169,160,130,60,70,114,52,62,134,61,73,157,72,85,170,79,91,183,86,97
169,222,811,420,391,748,373,375,690,330,360,614,290,324,547,255,292,485,225,260
169,225,774,354,420,764,349,415,748,341,407,786,359,427,825,378,447,874,394,480
169,22,14,8,6,17,14,3,19,19,0,23,18,5,26,17,9,26,17,9
169,37,32422,15784,16638,46036,22276,23760,60745,29304,31441,69035,33167,35868,81471,39118,42353,91049,43688,47361
169,84,0,0,0,0,0,0,1,1,0,9,9,0,11,10,1,15,13,2
169,220,91106,42684,48422,111262,52598,58664,135966,64847,71119,147840,70880,76960,161526,75991,85535,167135,78371,88764
169,11,12241,6650,5591,13159,6992,6167,14220,7230,6990,15730,7870,7860,16710,8150,8560,18008,8724,9284
169,147,271,148,123,360,190,170,892,434,458,2180,1059,1121,2267,1099,1168,2319,1122,1197
169,68,0,0,0,0,0,0,0,0,0,0,0,0,64,40,24,59,37,22
169,137,0,0,0,0,0,0,0,0,0,0,0,0,101,46,55,106,49,57
170,131,34,9,25,28,10,18,38,12,26,39,14,25,43,18,25,49,22,27
170,183,79,33,46,45,19,26,11,5,6,48,18,30,86,32,54,96,38,58
170,215,305,145,160,299,137,162,322,136,186,320,135,185,318,133,185,316,132,184
170,39,163,81,82,193,102,91,207,114,93,158,87,71,156,86,70,136,74,62
170,48,790,304,486,913,325,588,1280,430,850,814,401,413,1938,814,1124,2576,1018,1558
170,2,6287,2328,3959,3545,1340,2205,802,351,451,1130,494,636,1458,638,820,1443,632,811
170,64,9311,3206,6105,7112,2479,4633,5477,1950,3527,6521,2582,3939,7038,2625,4413,8348,2428,5920
170,118,26586,9251,17335,15828,5967,9861,5331,3014,2317,5874,3777,2097,6427,4158,2269,7246,4653,2593
170,142,672,392,280,642,376,266,597,350,247,472,276,196,454,266,188,416,245,171
170,191,1193,737,456,1138,642,496,1406,709,697,1683,828,855,2686,1311,1375,3645,1782,1863
170,34,55,26,29,74,37,37,92,47,45,382,178,204,672,309,363,698,320,378
170,81,47,20,27,47,23,24,52,22,30,73,33,40,55,24,31,65,29,36
170,89,478,298,180,551,367,184,596,393,203,1085,632,453,1685,937,748,1876,1045,831
170,126,384,182,202,240,114,126,92,44,48,374,176,198,661,308,353,713,332,381
170,130,56,39,17,59,43,16,60,46,14,60,47,13,60,48,12,60,49,11
170,184,75,25,50,73,23,50,71,21,50,69,20,49,68,19,49,67,18,49
170,108,2474111,1122461,1351650,2253497,1020754,1232743,2032883,919047,1113836,2122379,988127,1134252,2211875,1057208,1154667,2352598,1144573,1208025
170,112,349174,145262,203912,284678,117891,166787,215735,88682,127053,172466,70136,102330,126580,50550,76030,111753,44251,67502
170,202,363565,159416,204149,294449,126310,168139,251899,106246,145653,238677,100991,137686,239484,103093,136391,237935,102531,135404
170,212,118024,47697,70327,86857,33444,53413,69373,26450,42923,67643,26684,40959,62857,25788,37069,62351,26151,36200
170,223,1267201,548390,718811,1161963,498572,663391,1085999,461458,624541,1010087,441299,568788,913652,412203,501449,877690,403502,474188
170,43,1080,615,465,1607,887,720,2135,1159,976,2355,1392,963,2575,1624,951,2963,1919,1044
170,44,59,13,46,66,14,52,72,15,57,79,14,65,86,12,74,88,9,79
170,57,43,23,20,58,30,28,72,36,36,102,53,49,132,70,62,145,77,68
170,106,440,224,216,2199,1055,1144,4893,2261,2632,7370,3357,4013,7814,3514,4300,7549,3367,4182
170,136,2755,1278,1477,3042,1491,1551,3362,1731,1631,2740,1273,1467,2433,1119,1314,2670,1174,1496
170,166,37,21,16,1266,250,1016,2899,623,2276,2708,753,1955,3592,1062,2530,8702,3262,5440
170,35,14,6,8,37,16,21,59,25,34,46,20,26,33,15,18,30,14,16
170,161,23,11,12,45,34,11,80,66,14,70,58,12,65,54,11,67,56,11
170,97,3445,1691,1754,2547,1244,1303,1649,797,852,1524,735,789,1398,672,726,1348,647,701
170,194,1,1,0,18,14,4,36,23,13,72,27,45,147,56,91,146,55,91
170,9,62218,20135,42083,36037,11100,24937,20363,5616,14747,13469,4032,9437,11216,3622,7594,20580,7546,13034
170,13,39234,10717,28517,34436,10920,23516,34703,10666,24037,32933,9420,23513,30151,9405,20746,28760,9398,19362
170,55,3235,1407,1828,4574,1885,2689,5913,2363,3550,8655,3426,5229,13876,5604,8272,14485,5935,8550
170,79,191090,83383,107707,156500,67643,88857,121909,51902,70007,110780,47113,63667,100314,42606,57708,92937,39522,53415
170,100,210,142,68,248,148,100,235,117,118,269,172,97,272,180,92,273,195,78
170,103,175938,80450,95488,173915,77862,96053,162154,71946,90208,135827,59557,76270,111148,47736,63412,114630,48912,65718
170,107,581,138,443,653,161,492,724,187,537,1045,363,682,1344,517,827,629,157,472
170,115,265,63,202,297,62,235,329,61,268,258,56,202,186,51,135,157,75,82
170,211,11430,6336,5094,14936,6798,8138,18497,7269,11228,19061,7229,11832,19647,7177,12470,19944,7000,12944
170,18,791522,349598,441924,749767,333116,416651,708011,316633,391378,698192,312157,386035,688372,307680,380692,682362,305167,377195
170,31,6899,1559,5340,8936,1996,6940,10972,2433,8539,14768,3578,11190,17940,4563,13377,20549,5365,15184
170,56,3282,1435,1847,4924,2231,2693,6565,3026,3539,18399,8277,10122,28721,13326,15395,31669,14226,17443
170,95,38081,16919,21162,20575,9000,11575,3069,1081,1988,3791,1379,2412,4513,1678,2835,3300,1248,2052
170,162,76953,29105,47848,65827,24273,41554,56310,20222,36088,47197,16556,30641,39565,13208,26357,38146,13041,25105
170,167,227107,100094,127013,153652,67743,85909,103131,45309,57822,72122,30355,41767,65379,25100,40279,59259,20957,38302
170,169,7224,2354,4870,7431,2644,4787,7238,2450,4788,7475,2321,5154,7333,2647,4686,5145,1599,3546
170,187,622,197,425,1073,308,765,1819,503,1316,2040,589,1451,2287,683,1604,2771,881,1890
170,216,5018098,2150244,2867854,4355392,1829955,2525437,3745842,1531998,2213844,3422713,1402646,2020067,3265811,1341012,1924799,3276758,1348176,1928582
170,59,1595,586,1009,2544,867,1677,3493,1149,2344,4232,1307,2925,4971,1466,3505,5764,1728,4036
170,68,283457,120984,162473,236214,96687,139527,188970,72390,116580,172571,65471,107100,154721,57566,97155,143677,53341,90336
170,70,2,0,2,1,0,1,9,3,6,30,11,19,39,14,25,30,8,22
170,73,10252,3218,7034,33877,13063,20814,57502,22909,34593,58429,22786,35643,59355,22663,36692,14360,5964,8396
170,96,37,15,22,273,118,155,508,221,287,406,165,241,304,109,195,381,133,248
170,101,229,112,117,1244,590,654,2943,1444,1499,5108,2565,2543,6432,2941,3491,6570,2960,3610
170,114,473207,211544,261663,354000,151461,202539,234753,91368,143385,201748,77739,124009,163606,60300,103306,137224,49549,87675
170,120,158448,73239,85209,121622,56468,65154,95271,44131,51140,88849,40804,48045,70305,29502,40803,59466,24212,35254
170,153,61,21,40,820,289,531,3114,967,2147,8913,2973,5940,13813,4762,9051,17200,5898,11302
170,199,5125,1770,3355,6082,2070,4012,6523,2192,4331,10951,3615,7336,15511,5085,10426,19457,6678,12779
170,218,4247,2632,1615,9605,4122,5483,15125,5667,9458,25439,8720,16719,37824,12644,25180,42491,13822,28669
170,26,271,54,217,228,49,179,185,44,141,141,33,108,179,44,135,161,40,121
170,52,0,0,0,0,0,0,0,0,0,652,123,529,1303,245,1058,1311,243,1068
170,83,28345,15699,12646,49780,23039,26741,72032,30273,41759,63706,25102,38604,55380,19931,35449,54192,18071,36121
170,104,7359,672,6687,11088,1281,9807,14816,1890,12926,47776,10185,37591,80736,18481,62255,80750,17371,63379
170,127,129,33,96,151,41,110,382,106,276,598,170,428,883,242,641,1107,340,767
170,163,680,404,276,1468,872,596,2317,1378,939,3993,1863,2130,5006,2042,2964,5494,2103,3391
170,178,7,4,3,16,3,13,26,1,25,27,2,25,29,2,27,46,14,32
170,182,361,109,252,2297,659,1638,3123,849,2274,3081,812,2269,3012,792,2220,2944,769,2175
170,188,171,86,85,372,119,253,574,150,424,753,215,538,1006,299,707,1785,665,1120
170,193,3120,1306,1814,4699,1990,2709,8300,3603,4697,39783,14885,24898,58461,20285,38176,73266,25718,47548
170,204,217,90,127,203,84,119,189,78,111,194,80,114,199,82,117,215,88,127
170,12,17059,7491,9568,19246,8628,10618,21433,9766,11667,23957,10605,13352,26481,11444,15037,30972,13482,17490
170,19,530,274,256,1522,630,892,2470,972,1498,7195,3222,3973,12749,5675,7074,21168,9630,11538
170,74,21377,7320,14057,22069,7313,14756,22760,7306,15454,34476,12408,22068,59160,20882,38278,63993,22453,41540
170,80,77318,37999,39319,490548,199409,291139,903777,360818,542959,974140,409756,564384,1044503,458695,585808,1080503,474504,605999
170,119,6,1,5,13,3,10,20,4,16,31,8,23,44,12,32,51,13,38
170,121,377,97,280,358,91,267,344,87,257,298,89,209,256,91,165,392,144,248
170,145,2561,998,1563,8559,3181,5378,14823,5447,9376,30788,11582,19206,35615,12585,23030,56841,20991,35850
170,200,5876,2120,3756,9048,3507,5541,12253,4923,7330,14172,5257,8915,16367,4855,11512,19234,6646,12588
170,14,4,1,3,14,6,8,25,13,12,39,12,27,52,10,42,56,10,46
170,53,4491,1728,2763,3404,1223,2181,2317,719,1598,2308,726,1582,2108,672,1436,1897,605,1292
170,62,287,115,172,319,123,196,351,132,219,405,160,245,457,188,269,482,198,284
170,50,519,182,337,390,141,249,457,160,297,299,102,197,590,203,387,614,209,405
170,65,29,13,16,23,10,13,16,7,9,17,7,10,17,7,10,18,8,10
170,94,19,11,8,19,11,8,19,11,8,19,11,8,18,10,8,19,11,8
170,133,1171,560,611,1503,602,901,1901,676,1225,1641,581,1060,1572,555,1017,1563,551,1012
170,148,387,148,239,307,116,191,235,91,144,169,66,103,180,71,109,194,78,116
170,157,408,169,239,396,166,230,409,172,237,613,347,266,848,543,305,995,635,360
170,8,5016,2125,2891,4483,1944,2539,3951,1765,2186,2915,1328,1587,1878,891,987,1884,893,991
170,24,106,41,65,54,21,33,1,0,1,142,58,84,282,116,166,328,135,193
170,28,11249,4922,6327,8882,3760,5122,6515,2599,3916,3974,1576,2398,1375,527,848,1656,635,1021
170,42,449,219,230,514,240,274,579,262,317,470,246,224,360,229,131,590,315,275
170,46,493,222,271,518,219,299,542,216,326,538,210,328,628,246,382,673,268,405
170,63,498,180,318,559,202,357,620,225,395,732,276,456,1028,371,657,1495,533,962
170,160,449,165,284,392,141,251,459,166,293,537,195,342,582,213,369,629,232,397
170,225,597,257,340,589,254,335,576,247,329,605,260,345,636,275,361,674,286,388
170,37,95333,46411,48922,71978,34927,37051,50335,24283,26052,59964,27735,32229,73194,32939,40255,81799,36784,45015
170,220,190654,93257,97397,260099,127531,132568,340177,167440,172737,360688,178411,182277,385620,167556,218064,402574,197063,205511
170,11,8365,3315,5050,12971,5234,7737,16810,6880,9930,18120,7150,10970,20770,8060,12710,24812,9448,15364
170,147,1072,529,543,2580,1323,1257,2837,1380,1457,4380,2126,2254,5070,2457,2613,5679,2747,2932
170,158,41,26,15,42,27,15,31,22,9,31,23,8,26,20,6,26,21,5
170,137,0,0,0,0,0,0,0,0,0,0,0,0,823,345,478,925,391,534
171,33,221943,108772,113171,160197,78063,82134,66415,32288,34127,57104,26926,30178,52794,23881,28913,64363,29140,35223
171,67,991,540,451,703,366,337,414,191,223,436,202,234,459,213,246,467,220,247
171,69,71,37,34,93,55,38,132,83,49,111,64,47,122,64,58,150,76,74
171,109,3874,2155,1719,3970,2157,1813,2519,1261,1258,4059,2097,1962,6201,3067,3134,6330,3142,3188
171,123,2249,821,1428,5138,2725,2413,4947,2617,2330,4714,2487,2227,4631,2440,2191,4576,2409,2167
171,215,219499,114917,104582,141160,72882,68278,78758,39739,39019,84844,42638,42206,76836,38682,38154,76861,38620,38241
171,219,68609,35018,33591,600656,294994,305662,49366,25508,23858,13231,6780,6451,5246,2277,2969,581,379,202
171,230,0,0,0,2285,1220,1065,3662,1868,1794,6873,3517,3356,7462,3859,3603,3438,1753,1685
171,5,46,22,24,115,52,63,183,81,102,527,223,304,871,365,506,1216,505,711
171,48,0,0,0,5503,2890,2613,12480,6547,5933,7936,5052,2884,18900,11054,7846,25119,14246,10873
171,58,22972,11058,11914,1132791,562103,570688,85936,42148,43788,82016,40226,41790,124070,59727,64343,97168,48364,48804
171,77,65,33,32,78,40,38,99,50,49,109,55,54,124,62,62,136,68,68
171,64,59,46,13,44,34,10,33,26,7,39,31,8,42,33,9,50,38,12
171,142,530,294,236,506,282,224,471,263,208,372,207,165,358,200,158,328,184,144
171,191,2094,814,1280,1512,679,833,1292,694,598,2341,980,1361,3426,1450,1976,4019,1704,2315
171,198,2,2,0,12,7,5,45,22,23,84,40,44,121,56,65,139,69,70
171,81,268,94,174,267,110,157,299,108,191,420,168,252,311,110,201,369,134,235
171,206,880,433,447,899,434,465,1452,653,799,1409,638,771,746,367,379,665,321,344
171,203,0,0,0,0,0,0,1,0,1,2,1,1,4,2,2,4,2,2
171,55,0,0,0,0,0,0,0,0,0,0,0,0,0,0,0,0,0,0
171,31,0,0,0,1,1,0,1,1,0,2,1,1,2,1,1,2,1,1
171,56,3,2,1,5,4,1,7,6,1,6,5,1,5,5,0,7,5,2
171,95,1,1,0,7,4,3,12,6,6,15,8,7,18,10,8,19,9,10
171,170,177,87,90,168,91,77,154,92,62,100,60,40,45,27,18,45,27,18
171,59,11,6,5,70,34,36,129,62,67,227,102,125,324,141,183,394,175,219
171,73,2,1,1,13,6,7,24,11,13,137,68,69,249,125,124,522,255,267
171,96,0,0,0,1,1,0,1,1,0,1,1,0,1,1,0,4,3,1
171,101,15,6,9,42,16,26,93,38,55,93,41,52,78,31,47,80,31,49
171,114,1,1,0,1,1,0,1,1,0,0,0,0,0,0,0,0,0,0
171,153,6,3,3,33,16,17,148,67,81,319,152,167,533,249,284,620,286,334
171,199,88,46,42,105,55,50,113,58,55,242,125,117,397,186,211,551,277,274
171,218,331,192,139,1301,601,700,2294,1019,1275,3147,1394,1753,4257,1900,2357,4781,2098,2683
171,83,174,96,78,148,94,54,125,93,32,112,85,27,99,77,22,97,75,22
171,104,126,44,82,379,159,220,631,273,358,705,317,388,778,361,417,778,353,425
171,193,23,15,8,36,23,13,444,301,143,214,144,70,254,145,109,283,154,129
171,12,117,65,52,132,74,58,146,82,64,164,90,74,181,98,83,211,115,96
171,19,716,429,287,683,374,309,630,309,321,2744,1289,1455,3329,1486,1843,5053,2287,2766
171,74,3150,1480,1670,3252,1499,1753,3354,1518,1836,4950,2319,2631,5726,2530,3196,6194,2726,3468
171,80,324,246,78,599,370,229,873,493,380,1033,536,497,1193,579,614,1234,599,635
171,121,24,9,15,22,9,13,22,9,13,19,9,10,17,9,8,25,12,13
171,145,304,170,134,447,245,202,606,328,278,1486,764,722,1145,565,580,1157,565,592
171,200,619,300,319,673,333,340,731,368,363,820,390,430,926,380,546,1088,491,597
171,50,1,0,1,1,0,1,1,0,1,1,0,1,1,0,1,1,0,1
171,24,2,0,2,2,1,1,1,1,0,1,0,1,1,0,1,1,0,1
171,42,1,0,1,3,1,2,5,2,3,4,2,2,3,2,1,5,3,2
171,37,307,149,158,1453,701,752,2634,1270,1364,3830,1753,2077,5256,2347,2909,5874,2621,3253
171,11,44,27,17,27,14,13,10,0,10,180,90,90,590,280,310,844,410,434
171,68,0,0,0,0,0,0,0,0,0,0,0,0,1,0,1,1,0,1
171,28,0,0,0,0,0,0,0,0,0,0,0,0,13,13,0,16,16,0
172,191,220,37,183,137,32,105,94,33,61,112,38,74,179,59,120,242,80,162
172,73,0,0,0,0,0,0,0,0,0,0,0,0,0,0,0,0,0,0
172,101,1,0,1,4,1,3,8,2,6,8,2,6,7,1,6,7,1,6
172,218,480,256,224,1888,765,1123,3329,1284,2045,2847,1128,1719,2597,1080,1517,2917,1191,1726
172,83,26,15,11,19,11,8,13,7,6,9,5,4,4,3,1,4,3,1
172,74,1,0,1,1,0,1,1,0,1,8,1,7,1,0,1,1,0,1
172,62,94,48,46,105,52,53,115,56,59,104,51,53,92,45,47,97,47,50
172,42,0,0,0,164,63,101,328,126,202,266,123,143,204,120,84,335,158,177
172,71,31,18,13,32,19,13,133,79,54,153,88,65,295,167,128,323,181,142
172,37,19,9,10,19,9,10,20,10,10,10,5,5,0,0,0,0,0,0
172,11,31,12,19,21,7,14,10,0,10,10,0,10,30,0,30,32,0,32
173,191,26,14,12,16,9,7,11,6,5,13,8,5,21,12,9,26,15,11
173,56,1,1,0,2,2,0,3,3,0,2,2,0,0,0,0,0,0,0
173,95,12,3,9,8,2,6,3,1,2,4,2,2,5,4,1,0,0,0
173,73,0,0,0,1,1,0,1,1,0,1,1,0,1,1,0,0,0,0
173,101,0,0,0,1,1,0,3,2,1,3,2,1,2,1,1,2,1,1
173,218,910,542,368,3575,1728,1847,6302,2940,3362,5622,2602,3020,5401,2506,2895,6067,2771,3296
173,83,6,3,3,6,3,3,6,3,3,4,2,2,2,1,1,2,1,1
173,104,2,1,1,6,1,5,9,1,8,7,1,6,4,1,3,4,1,3
173,12,1,0,1,2,0,2,2,0,2,2,0,2,2,0,2,2,0,2
173,74,5,1,4,6,2,4,6,2,4,114,40,74,3,0,3,3,0,3
173,145,21,12,9,29,15,14,41,20,21,71,29,42,73,28,45,77,26,51
173,6,426,281,145,540,351,189,654,421,233,754,486,268,822,531,291,881,570,311
173,7,469,225,244,430,204,226,391,183,208,420,196,224,448,209,239,476,222,254
173,14,13,6,7,12,5,7,12,6,6,22,9,13,31,12,19,34,13,21
173,17,0,0,0,0,0,0,0,0,0,78,35,43,104,46,58,109,49,60
173,25,2083,826,1257,1312,509,803,541,191,350,576,203,373,23,6,17,26,7,19
173,29,1555,810,745,1828,930,898,2100,1050,1050,2405,1202,1203,2709,1354,1355,3014,1507,1507
173,61,23,9,14,30,12,18,36,15,21,44,18,26,54,22,32,63,26,37
173,62,76,56,20,85,62,23,93,67,26,112,73,39,130,78,52,137,82,55
173,85,9,5,4,11,6,5,14,8,6,14,8,6,15,8,7,15,8,7
173,105,75,37,38,89,43,46,103,50,53,101,49,52,98,48,50,96,47,49
173,138,176,75,101,141,60,81,107,46,61,110,47,63,113,48,65,119,51,68
173,174,19,8,11,25,11,14,34,15,19,39,18,21,42,19,23,44,20,24
173,176,35,10,25,36,10,26,37,10,27,37,10,27,39,12,27,39,12,27
173,186,0,0,0,0,0,0,0,0,0,500,180,320,1001,361,640,1042,374,668
173,221,5828,2643,3185,6435,2919,3516,7054,3198,3856,7074,3227,3847,7096,3256,3840,7100,3257,3843
173,50,1,0,1,1,0,1,1,0,1,1,0,1,1,0,1,1,0,1
173,24,1,1,0,1,1,0,0,0,0,0,0,0,0,0,0,0,0,0
173,42,13,6,7,13,6,7,12,6,6,10,6,4,8,6,2,13,7,6
173,37,1464,713,751,1944,941,1003,2471,1192,1279,2192,942,1250,2045,753,1292,2285,840,1445
173,220,7447,3240,4207,9065,3985,5080,11054,4909,6145,13158,5879,7279,15424,6745,8679,17226,7505,9721
173,11,17,6,11,19,9,10,20,10,10,30,20,10,30,20,10,11,0,11
173,68,0,0,0,0,0,0,0,0,0,0,0,0,1,0,1,1,0,1
173,54,0,0,0,0,0,0,0,0,0,0,0,0,167,38,129,181,42,139
173,28,0,0,0,0,0,0,0,0,0,0,0,0,30,26,4,36,31,5
174,56,0,0,0,1,1,0,1,1,0,2,1,1,3,2,1,5,4,1
174,59,3,2,1,2,1,1,0,0,0,4,2,2,7,3,4,9,3,6
174,73,0,0,0,1,1,0,1,1,0,2,1,1,3,2,1,5,4,1
174,101,1,1,0,4,3,1,8,5,3,8,5,3,7,5,2,7,5,2
174,199,22,16,6,27,19,8,29,20,9,25,19,6,30,20,10,35,23,12
174,218,1153,667,486,4534,2100,2434,7993,3563,4430,8046,3616,4430,8756,4008,4748,9836,4431,5405
174,104,1,0,1,6,1,5,11,3,8,17,8,9,22,12,10,22,12,10
174,193,3,1,2,6,3,3,81,38,43,39,18,21,60,33,27,45,25,20
174,12,8,5,3,9,6,3,10,7,3,11,7,4,12,8,4,14,10,4
174,74,155,52,103,160,52,108,165,52,113,4341,1647,2694,4391,1324,3067,4750,1422,3328
174,145,20,12,8,29,17,12,41,23,18,51,27,24,53,29,24,56,33,23
174,200,54,36,18,47,30,17,42,25,17,46,27,19,51,27,24,59,33,26
174,7,392,188,204,474,214,260,556,241,315,596,258,338,636,275,361,676,292,384
174,14,25,10,15,41,18,23,57,27,30,65,32,33,72,36,36,78,39,39
174,17,3317,1222,2095,3621,1371,2250,3924,1520,2404,2991,1168,1823,2073,823,1250,2177,864,1313
174,25,1,0,1,1,0,1,2,0,2,2,0,2,0,0,0,0,0,0
174,29,274,120,154,323,137,186,371,154,217,425,176,249,479,199,280,533,222,311
174,38,3,1,2,7,3,4,12,5,7,11,5,6,10,4,6,9,4,5
174,61,102,51,51,135,67,68,161,81,80,198,99,99,241,122,119,281,142,139
174,85,92,45,47,119,59,60,147,73,74,154,77,77,162,81,81,163,81,82
174,86,273,138,135,274,132,142,274,126,148,336,154,182,398,182,216,413,187,226
174,105,257,127,130,305,150,155,353,173,180,344,169,175,335,166,169,328,163,165
174,129,989,446,543,1390,631,759,1792,817,975,1876,831,1045,1960,844,1116,2032,865,1167
174,173,46,29,17,60,39,21,82,54,28,93,58,35,102,56,46,102,57,45
174,176,208,84,124,216,88,128,224,91,133,228,93,135,233,96,137,237,96,141
174,186,0,0,0,0,0,0,0,0,0,233,106,127,467,213,254,487,222,265
174,209,1306,673,633,1185,610,575,976,479,497,1047,513,534,850,403,447,880,425,455
174,221,2533,1203,1330,2990,1420,1570,3454,1640,1814,3438,1642,1796,3423,1644,1779,3425,1645,1780
174,50,2,1,1,1,0,1,1,0,1,1,0,1,1,0,1,1,0,1
174,42,5,3,2,33,15,18,60,26,34,49,25,24,37,23,14,62,32,30
174,75,1722,920,802,1565,808,757,1408,696,712,1327,651,676,1246,606,640,1253,601,652
174,91,286,166,120,275,159,116,264,153,111,226,132,94,187,110,77,219,129,90
174,225,65,33,32,40,19,21,25,11,14,15,8,7,10,6,4,6,4,2
174,37,1713,834,879,2435,1179,1256,3214,1551,1663,4135,1679,2456,5304,1914,3390,5928,2137,3791
174,220,6959,2955,4004,10036,4314,5722,13524,5867,7657,16098,7028,9070,18871,8056,10815,21076,8962,12114
174,11,16,12,4,13,11,2,10,10,0,30,20,10,50,40,10,32,21,11
174,28,0,0,0,0,0,0,0,0,0,0,0,0,144,48,96,173,57,116
175,73,0,0,0,0,0,0,0,0,0,0,0,0,0,0,0,0,0,0
175,101,0,0,0,0,0,0,0,0,0,0,0,0,0,0,0,0,0,0
175,83,11,6,5,26,23,3,41,40,1,21,20,1,1,0,1,1,0,1
175,62,38,22,16,43,25,18,48,28,20,55,32,23,61,36,25,64,38,26
175,50,1,0,1,1,1,0,1,1,0,1,1,0,1,1,0,1,1,0
175,157,11,5,6,15,7,8,22,11,11,29,14,15,39,19,20,46,23,23
175,24,0,0,0,0,0,0,0,0,0,0,0,0,0,0,0,0,0,0
175,42,2,2,0,2,2,0,2,2,0,2,2,0,1,1,0,2,2,0
175,37,422,205,217,392,190,202,372,180,192,320,151,169,287,132,155,321,148,173
176,55,0,0,0,0,0,0,0,0,0,0,0,0,0,0,0,0,0,0
176,56,0,0,0,0,0,0,0,0,0,1,1,0,1,1,0,1,1,0
176,95,0,0,0,2,1,1,3,1,2,4,2,2,5,3,2,4,1,3
176,59,8,7,1,8,7,1,8,7,1,8,7,1,8,7,1,6,4,2
176,73,1,1,0,2,2,0,2,2,0,3,3,0,3,3,0,3,3,0
176,101,1,1,0,2,2,0,3,2,1,3,2,1,2,1,1,2,1,1
176,218,990,597,393,3889,1916,1973,6855,3263,3592,6718,3219,3499,7129,3470,3659,8008,3842,4166
176,83,92,51,41,102,73,29,114,96,18,61,49,12,7,1,6,7,1,6
176,104,0,0,0,3,1,2,6,3,3,13,5,8,20,8,12,20,8,12
176,12,6,3,3,7,4,3,7,4,3,8,4,4,9,5,4,10,6,4
176,74,93,28,65,96,27,69,99,27,72,45,18,27,27,7,20,29,7,22
176,145,20,10,10,28,13,15,40,17,23,55,20,35,58,20,38,67,25,42
176,7,478,230,248,616,340,276,754,451,303,809,483,326,863,515,348,918,548,370
176,10,225,85,140,178,63,115,131,41,90,120,33,87,107,24,83,113,26,87
176,14,20,15,5,21,14,7,22,13,9,30,20,10,37,27,10,40,29,11
176,17,3676,1528,2148,4014,1707,2307,4350,1886,2464,3648,1535,2113,2964,1192,1772,3114,1252,1862
176,25,39,18,21,80,36,44,122,54,68,130,58,72,12,9,3,13,10,3
176,29,1046,597,449,1230,689,541,1414,781,633,1619,894,725,1824,1007,817,2029,1120,909
176,38,10,8,2,21,16,5,33,24,9,31,23,8,30,22,8,29,22,7
176,61,45,25,20,60,34,26,72,41,31,88,50,38,107,60,47,125,70,55
176,85,325,161,164,333,120,213,341,78,263,357,83,274,373,87,286,377,88,289
176,105,176,87,89,209,102,107,242,118,124,236,116,120,229,113,116,224,110,114
176,138,45,30,15,35,24,11,26,18,8,28,19,9,28,19,9,29,17,12
176,173,74,36,38,97,48,49,136,69,67,152,78,74,166,86,80,168,88,80
176,174,182,79,103,245,107,138,336,148,188,391,173,218,412,183,229,435,193,242
176,186,0,0,0,0,0,0,0,0,0,33,17,16,67,35,32,70,37,33
176,209,11629,5248,6381,10556,4751,5805,8384,3720,4664,8998,3982,5016,6207,2717,3490,6430,2873,3557
176,221,432,216,216,485,243,242,539,269,270,528,265,263,518,261,257,518,261,257
176,50,1,1,0,1,1,0,1,1,0,1,1,0,1,1,0,1,1,0
176,42,0,0,0,3,1,2,5,2,3,4,2,2,3,2,1,5,3,2
176,91,103,55,48,154,83,71,205,112,93,260,143,117,314,173,141,368,203,165
176,160,16,5,11,14,4,10,17,5,12,20,6,14,21,6,15,22,6,16
176,225,107,65,42,105,64,41,103,62,41,108,65,43,114,69,45,121,73,48
176,37,4357,2122,2235,6477,3134,3343,8751,4221,4530,10317,4329,5988,12503,4713,7790,13973,5262,8711
176,220,12824,6579,6245,16075,8311,7764,19984,10407,9577,20326,10632,9694,20919,10770,10149,22808,11711,11097
176,11,22,12,10,47,37,10,70,60,10,60,50,10,20,20,0,11,11,0
176,54,0,0,0,0,0,0,0,0,0,0,0,0,268,45,223,291,50,241
176,28,0,0,0,0,0,0,0,0,0,0,0,0,29,0,29,35,0,35
177,31,1,0,1,2,0,2,3,0,3,5,1,4,6,1,5,6,1,5
177,56,0,0,0,1,0,1,1,0,1,1,0,1,0,0,0,3,1,2
177,59,6,1,5,8,1,7,10,1,9,15,4,11,19,7,12,19,8,11
177,73,1,0,1,1,0,1,0,0,0,2,1,1,3,1,2,4,1,3
177,101,3,1,2,7,3,4,15,6,9,15,6,9,13,4,9,13,4,9
177,199,13,5,8,15,5,10,17,6,11,23,7,16,26,8,18,24,10,14
177,218,38,26,12,149,87,62,264,149,115,226,129,97,207,121,86,233,136,97
177,83,2,2,0,4,3,1,6,3,3,233,109,124,459,214,245,449,199,250
177,104,13,5,8,40,15,25,67,26,41,68,29,39,68,32,36,68,31,37
177,12,3,1,2,3,1,2,3,1,2,4,1,3,4,1,3,4,1,3
177,74,27,8,19,28,8,20,29,8,21,5,4,1,17,5,12,18,5,13
177,145,7,5,2,9,6,3,14,7,7,16,7,9,19,6,13,26,14,12
177,37,63,31,32,63,30,33,64,30,34,85,47,38,112,68,44,125,76,49
177,220,11408,5581,5827,13644,6730,6914,16438,8175,8263,15622,7807,7815,14999,7367,7632,16866,8259,8607
177,11,5709,2827,2882,9696,4721,4975,13110,6360,6750,16620,8120,8500,20450,10100,10350,26142,12977,13165
177,147,42264,20165,22099,41030,19353,21677,45849,22285,23564,48436,23510,24926,50946,24688,26258,52640,25456,27184
177,72,271,144,127,267,141,126,266,140,126,267,141,126,287,154,133,296,161,135
177,134,11,5,6,14,7,7,16,9,7,17,8,9,22,10,12,21,10,11
177,3,14674,7625,7049,16157,8321,7836,17642,9015,8627,16738,8508,8230,15842,8003,7839,15614,7871,7743
177,49,5,1,4,5,1,4,5,1,4,7,1,6,9,1,8,10,1,9
177,151,37,19,18,27,14,13,16,7,9,18,9,9,20,11,9,21,11,10
177,207,114,71,43,114,68,46,98,48,50,98,47,51,165,75,90,187,85,102
177,208,170,61,109,191,72,119,215,85,130,251,101,150,293,118,175,334,137,197
177,214,21,18,3,17,15,2,15,11,4,16,13,3,18,16,2,16,11,5
178,31,1,0,1,2,0,2,2,0,2,3,0,3,4,1,3,5,1,4
178,56,1,0,1,1,0,1,1,0,1,1,0,1,1,0,1,1,0,1
178,170,31,15,16,36,16,20,41,16,25,43,16,27,46,16,30,46,16,30
178,59,1,0,1,1,0,1,0,0,0,1,0,1,1,0,1,2,1,1
178,73,0,0,0,0,0,0,0,0,0,0,0,0,0,0,0,1,0,1
178,101,0,0,0,0,0,0,0,0,0,0,0,0,0,0,0,0,0,0
178,83,9,4,5,9,4,5,9,3,6,5,1,4,1,0,1,1,0,1
178,104,1055,367,688,2080,927,1153,3105,1487,1618,2509,1118,1391,1913,750,1163,1913,729,1184
178,193,9,5,4,15,8,7,18,10,8,19,11,8,24,13,11,37,19,18
178,12,1,0,1,1,0,1,1,0,1,1,0,1,1,0,1,1,0,1
178,19,16,12,4,16,12,4,15,11,4,19,14,5,19,13,6,17,13,4
178,74,248,130,118,256,132,124,264,134,130,278,115,163,203,100,103,220,108,112
178,8,37,32,5,36,31,5,35,30,5,26,22,4,16,14,2,16,14,2
178,42,6,4,2,4,2,2,2,1,1,2,1,1,1,0,1,2,0,2
178,37,10,5,5,10,5,5,10,5,5,5,3,2,0,0,0,0,0,0
178,28,0,0,0,0,0,0,0,0,0,0,0,0,34,0,34,41,0,41
179,5,3112,1609,1503,3617,1797,1820,4121,1985,2136,5329,2495,2834,6536,3005,3531,9123,4164,4959
179,39,88,41,47,104,50,54,111,54,57,85,41,44,84,40,44,73,34,39
179,66,378,226,152,501,298,203,623,370,253,909,548,361,1194,726,468,1493,915,578
179,77,2009,938,1071,2401,1121,1280,3070,1434,1636,3361,1571,1790,3830,1793,2037,4213,1967,2246
179,34,2475,1151,1324,3111,1491,1620,3747,1832,1915,2698,1279,1419,1649,726,923,1712,750,962
179,206,19,9,10,21,10,11,23,11,12,26,13,13,37,19,18,41,21,20
179,56,0,0,0,0,0,0,0,0,0,1,1,0,2,2,0,2,2,0
179,59,0,0,0,0,0,0,0,0,0,0,0,0,0,0,0,0,0,0
179,73,0,0,0,0,0,0,0,0,0,0,0,0,0,0,0,0,0,0
179,218,11,5,6,48,14,34,87,24,63,481,176,305,915,345,570,1028,380,648
179,83,3,1,2,3,1,2,4,2,2,6,4,2,7,5,2,7,5,2
179,104,9,3,6,26,6,20,43,9,34,59,15,44,74,21,53,74,20,54
179,163,5581,2627,2954,8820,4084,4736,12417,5724,6693,15388,7018,8370,15804,7165,8639,17345,7461,9884
179,193,14,6,8,22,10,12,272,137,135,131,65,66,203,99,104,189,94,95
179,12,1,0,1,2,1,1,2,1,1,2,1,1,2,1,1,2,1,1
179,19,8,3,5,8,3,5,7,2,5,10,4,6,9,1,8,11,2,9
179,74,127,54,73,132,55,77,136,56,80,757,359,398,207,83,124,224,89,135
179,145,57,30,27,84,43,41,115,57,58,134,67,67,143,68,75,157,74,83
179,200,37,16,21,38,18,20,40,20,20,44,20,24,49,18,31,57,24,33
179,42,12,6,6,12,6,6,11,6,5,9,5,4,7,5,2,12,6,6
179,37,19,9,10,19,9,10,20,10,10,10,5,5,0,0,0,0,0,0
179,28,0,0,0,0,0,0,0,0,0,0,0,0,58,13,45,70,16,54
180,2,3068,1953,1115,3497,2212,1285,3926,2472,1454,5532,3484,2048,7137,4495,2642,7062,4448,2614
180,64,4546,2827,1719,5065,3146,1919,5987,3716,2271,7128,4591,2537,7693,4851,2842,9125,5312,3813
180,118,12976,8096,4880,19379,13182,6197,26101,18631,7470,28761,22000,6761,31464,24152,7312,35474,27117,8357
180,191,604,262,342,377,181,196,257,143,114,307,168,139,490,265,225,630,342,288
180,89,682,349,333,786,444,342,851,473,378,1549,706,843,2406,1013,1393,2679,1130,1549
180,130,273,133,140,291,156,135,300,175,125,302,181,121,304,185,119,305,187,118
180,181,1177,556,621,1230,577,653,1183,564,619,1232,590,642,1340,653,687,1377,671,706
180,98,5544,2663,2881,3668,1812,1856,1792,960,832,1858,1083,775,2045,1192,853,2201,1293,908
180,161,227,172,55,484,309,175,877,530,347,781,472,309,722,430,292,733,437,296
180,203,0,0,0,0,0,0,0,0,0,0,0,0,1,1,0,2,1,1
180,97,6058,3015,3043,5767,2950,2817,5476,2886,2590,5060,2661,2399,4643,2436,2207,4476,2346,2130
180,194,15,8,7,167,132,35,321,219,102,635,312,323,1280,641,639,1371,726,645
180,15,61,37,24,108,68,40,156,99,57,291,195,96,492,336,156,408,277,131
180,55,58,32,26,82,44,38,106,56,50,155,82,73,249,133,116,259,139,120
180,100,519,366,153,612,387,225,580,314,266,665,446,219,672,464,208,674,498,176
180,107,3495,1829,1666,4802,2964,1838,6108,4107,2001,8823,6283,2540,11346,8264,3082,5314,3555,1759
180,111,380,172,208,466,259,207,733,448,285,1087,701,386,1713,1133,580,2077,1277,800
180,115,1597,836,761,2185,1305,880,2773,1774,999,2170,1420,750,1567,1066,501,1319,634,685
180,154,215,155,60,595,428,167,808,598,210,714,516,198,736,527,209,1664,1199,465
180,165,14187,8727,5460,17817,12060,5757,18792,13626,5166,7059,4695,2364,1054,850,204,897,735,162
180,195,21258,10345,10913,20773,10055,10718,20289,9766,10523,21144,10122,11022,21993,10476,11517,21778,10347,11431
180,211,3344,1762,1582,3712,1959,1753,4094,2160,1934,4218,2180,2038,4347,2200,2147,4416,2186,2230
180,217,465,279,186,1005,652,353,1604,1058,546,2395,1638,757,5524,3912,1612,4721,3329,1392
180,31,1,1,0,8,5,3,15,9,6,24,14,10,32,19,13,36,22,14
180,56,4,3,1,6,5,1,8,7,1,36,33,3,62,57,5,192,154,38
180,95,286,210,76,253,184,69,220,159,61,273,199,74,325,238,87,388,278,110
180,162,34,20,14,29,18,11,25,15,10,101,54,47,181,94,87,175,92,83
180,170,317,156,161,278,163,115,229,164,65,223,159,64,214,152,62,219,155,64
180,187,2,2,0,10,10,0,22,22,0,25,24,1,28,27,1,35,33,2
180,59,48,25,23,120,62,58,191,98,93,220,114,106,249,130,119,266,138,128
180,73,17,15,2,93,51,42,169,87,82,212,110,102,254,133,121,383,189,194
180,96,1,0,1,2,0,2,2,0,2,3,1,2,3,1,2,8,4,4
180,101,82,42,40,229,114,115,501,257,244,502,272,230,420,213,207,429,215,214
180,114,0,0,0,0,0,0,0,0,0,1,1,0,2,2,0,1,1,0
180,153,36,20,16,69,40,29,203,107,96,239,122,117,371,187,184,602,321,281
180,199,656,341,315,779,402,377,836,429,407,1023,524,499,1658,868,790,3059,1662,1397
180,218,4198,2218,1980,6294,3380,2914,8497,4592,3905,19541,11140,8401,32177,18677,13500,36148,20778,15370
180,83,532,300,232,490,278,212,456,256,200,446,240,206,435,224,211,426,211,215
180,104,17,6,11,55,26,29,92,46,46,527,281,246,962,516,446,962,508,454
180,127,11,5,6,13,6,7,15,7,8,20,9,11,25,12,13,31,16,15
180,193,157,97,60,194,122,72,316,201,115,458,290,168,527,332,195,845,534,311
180,12,263,154,109,297,176,121,331,198,133,370,218,152,408,237,171,477,279,198
180,19,22,9,13,22,9,13,21,8,13,33,18,15,42,26,16,82,46,36
180,74,1246,693,553,1286,705,581,1326,718,608,2165,1241,924,2301,1225,1076,2489,1321,1168
180,80,1003,673,330,875,577,298,747,481,266,2184,1300,884,3621,2120,1501,3746,2193,1553
180,145,446,239,207,656,345,311,890,462,428,1080,561,519,1433,761,672,1850,1032,818
180,200,393,215,178,513,289,224,635,364,271,733,405,328,846,423,423,994,532,462
180,62,24,24,0,27,27,0,29,29,0,23,21,2,17,14,3,18,15,3
180,50,6,4,2,6,4,2,10,7,3,7,5,2,13,9,4,14,10,4
180,88,27,7,20,24,11,13,20,14,6,24,19,5,28,25,3,32,29,3
180,133,186,94,92,175,98,77,172,107,65,131,88,43,106,78,28,104,77,27
180,157,18,13,5,25,19,6,35,27,8,38,28,10,43,29,14,50,33,17
180,8,175,107,68,171,105,66,167,104,63,124,78,46,80,51,29,80,51,29
180,24,12,8,4,9,5,4,6,3,3,9,6,3,11,8,3,13,10,3
180,42,25,17,8,21,12,9,17,8,9,14,7,7,11,7,4,18,10,8
180,46,96,64,32,84,53,31,72,43,29,63,36,27,66,36,30,71,39,32
180,63,30,19,11,34,21,13,37,23,14,44,28,16,61,38,23,88,55,33
180,160,22,12,10,20,11,9,24,13,11,29,16,13,31,17,14,33,18,15
180,225,894,617,277,1045,714,331,1212,818,394,1346,920,426,1494,1033,461,1618,1112,506
180,37,1732,843,889,5718,2762,2956,9840,4747,5093,15696,8643,7053,22494,13077,9417,25139,14608,10531
180,220,12632,5530,7102,16519,7310,9209,21083,9418,11665,26886,12082,14804,33019,14525,18494,62496,27390,35106
180,11,586,302,284,1090,567,523,1530,800,730,2980,1640,1340,12600,8050,4550,15107,8995,6112
180,147,51,29,22,95,56,39,250,122,128,599,291,308,1285,623,662,1951,944,1007
180,68,0,0,0,0,0,0,0,0,0,0,0,0,1,0,1,1,0,1
180,28,0,0,0,0,0,0,0,0,0,0,0,0,325,236,89,391,284,107
181,230,115,99,16,138,119,19,166,143,23,153,132,21,142,107,35,131,66,65
181,48,3468,2583,885,4436,3300,1136,6591,4897,1694,9227,5260,3967,9981,7740,2241,13265,10159,3106
181,77,9416,7494,1922,11255,8957,2298,14389,11451,2938,15754,12540,3214,17951,14293,3658,19746,15713,4033
181,64,384,309,75,334,268,66,311,249,62,370,301,69,399,322,77,473,370,103
181,118,1096,884,212,952,780,172,824,693,131,908,790,118,994,866,128,1120,974,146
181,139,1233,652,581,1132,591,541,1193,613,580,1224,620,604,1370,691,679,1837,922,915
181,210,325,162,163,323,162,161,371,188,183,357,183,174,317,163,154,411,212,199
181,228,905,488,417,1006,549,457,1108,611,497,1311,741,570,1514,870,644,1745,1019,726
181,142,45,27,18,43,26,17,41,24,17,32,19,13,30,18,12,27,17,10
181,191,2683,2391,292,1674,1507,167,1140,1044,96,1368,1249,119,2178,1989,189,2956,2700,256
181,32,1983,1077,906,2466,1341,1125,2965,1622,1343,3417,1867,1550,3857,2099,1758,4033,2195,1838
181,34,141,77,64,384,216,168,627,356,271,1025,553,472,1423,750,673,1478,777,701
181,51,23556,16461,7095,24586,17130,7456,21563,15011,6552,19599,13647,5952,18294,12743,5551,18994,13229,5765
181,78,72943,38674,34269,89990,46025,43965,112746,56263,56483,111877,55445,56432,114333,56539,57794,118452,58468,59984
181,81,53,33,20,53,35,18,59,37,22,83,54,29,61,38,23,72,45,27
181,89,6770,4464,2306,7805,5436,2369,8455,5836,2619,15396,9551,5845,23921,14260,9661,26640,15895,10745
181,90,5053,2072,2981,16635,7743,8892,8119,3591,4528,9265,4319,4946,10455,4914,5541,11087,5158,5929
181,117,243,158,85,237,156,81,233,155,78,216,168,48,342,236,106,360,255,105
181,126,12899,6487,6412,12540,6366,6174,10719,5528,5191,8533,4375,4158,5099,2612,2487,5501,2812,2689
181,130,94138,50523,43615,36493,18499,17994,37730,21035,16695,38053,21852,16201,38381,22356,16025,38574,22618,15956
181,149,732,471,261,910,574,336,1096,682,414,1115,694,421,1134,705,429,1150,715,435
181,184,737,489,248,718,470,248,700,452,248,684,438,246,679,433,246,677,431,246
181,206,483,259,224,544,292,252,612,329,283,689,371,318,895,504,391,1008,568,440
181,55,2,1,1,3,1,2,4,2,2,6,3,3,10,5,5,10,5,5
181,211,16,11,5,39,25,14,63,39,24,64,39,25,65,39,26,65,39,26
181,31,1,0,1,3,1,2,4,2,2,7,4,3,9,5,4,11,8,3
181,56,8,7,1,12,10,2,15,12,3,34,32,2,51,50,1,59,57,2
181,95,5,4,1,11,8,3,17,12,5,21,15,6,24,18,6,30,23,7
181,162,34,33,1,29,29,0,25,24,1,57,47,10,91,71,20,88,69,19
181,169,0,0,0,0,0,0,0,0,0,0,0,0,0,0,0,36,15,21
181,170,108,53,55,105,55,50,100,56,44,86,53,33,71,49,22,73,51,22
181,59,35,24,11,58,36,22,81,48,33,107,61,46,132,73,59,156,92,64
181,73,15,13,2,25,22,3,34,30,4,81,66,15,127,102,25,204,164,40
181,96,3,2,1,5,3,2,6,4,2,10,6,4,14,9,5,21,14,7
181,101,4,2,2,12,6,6,26,13,13,26,13,13,22,10,12,22,10,12
181,153,36,24,12,44,29,15,71,45,26,98,58,40,177,111,66,250,158,92
181,199,180,108,72,214,127,87,230,136,94,328,183,145,534,324,210,767,490,277
181,218,100,66,34,396,226,170,699,389,310,1249,703,546,1902,1080,822,2135,1200,935
181,83,81,45,36,63,36,27,46,28,18,350,313,37,654,599,55,640,584,56
181,104,44973,42387,2586,47201,41818,5383,49429,41250,8179,67115,53440,13675,84801,65631,19170,84815,65299,19516
181,163,183,135,48,396,292,104,627,462,165,1341,1048,293,1833,1461,372,2012,1587,425
181,193,3334,2723,611,4574,3705,869,7783,6304,1479,26850,22332,4518,56348,47424,8924,49383,39595,9788
181,12,184,124,60,208,141,67,232,159,73,259,175,84,286,191,95,335,225,110
181,19,717,427,290,712,423,289,687,408,279,1021,622,399,1407,760,647,2930,1838,1092
181,74,73801,43251,30550,76187,44118,32069,78572,44985,33587,99224,53444,45780,108968,61465,47503,117870,66319,51551
181,80,1771,1683,88,2171,1902,269,2571,2122,449,3300,2395,905,4029,2668,1361,4168,2760,1408
181,121,29,16,13,27,15,12,26,14,12,22,13,9,20,12,8,32,19,13
181,145,303,218,85,445,317,128,604,427,177,857,571,286,919,582,337,1012,632,380
181,200,893,560,333,1223,772,451,1559,989,570,1759,1081,678,1994,1131,863,2343,1400,943
181,50,1,0,1,1,0,1,1,0,1,1,0,1,1,0,1,1,0,1
181,133,23,23,0,21,18,3,20,12,8,24,15,9,32,19,13,44,30,14
181,148,83,42,41,66,33,33,113,51,62,164,70,94,175,76,99,188,82,106
181,24,4,3,1,2,1,1,0,0,0,4,3,1,7,6,1,8,7,1
181,42,20,10,10,13,6,7,6,3,3,5,3,2,3,2,1,5,3,2
181,225,13,6,7,12,5,7,12,5,7,12,5,7,13,5,8,14,6,8
181,37,466,227,239,1119,541,578,1798,867,931,3556,1900,1656,5528,3051,2477,6178,3408,2770
181,220,2287,1576,711,6282,4352,1930,10534,7312,3222,20161,10074,10087,30037,14750,15287,38148,18677,19471
181,11,149,79,70,195,108,87,230,130,100,270,160,110,390,250,140,433,253,180
181,36,0,0,0,0,0,0,0,0,0,3172,2561,611,2524,2060,464,2423,1911,512
181,68,0,0,0,0,0,0,0,0,0,0,0,0,2,1,1,2,1,1
181,28,0,0,0,0,0,0,0,0,0,0,0,0,184,163,21,222,197,25
182,191,1964,798,1166,1550,730,820,1577,838,739,1921,993,928,3054,1569,1485,4132,2126,2006
182,55,630,303,327,891,410,481,1152,517,635,1686,751,935,2703,1223,1480,2822,1292,1530
182,107,35,5,30,54,9,45,72,13,59,103,29,74,131,41,90,61,9,52
182,18,16,12,4,27,18,9,37,24,13,36,23,13,34,21,13,35,22,13
182,31,562,267,295,895,417,478,1227,566,661,1755,830,925,2209,1058,1151,2783,1396,1387
182,56,1181,693,488,1772,1060,712,2363,1427,936,1639,1031,608,781,579,202,1402,939,463
182,95,0,0,0,8421,4114,4307,16841,8228,8613,20802,10352,10450,24763,12477,12286,38724,20482,18242
182,162,4743,2273,2470,4056,1912,2144,3470,1608,1862,2236,1123,1113,1073,666,407,1034,646,388
182,169,565,273,292,1255,626,629,1879,901,978,1973,915,1058,1968,1001,967,1563,875,688
182,187,383,227,156,709,420,289,1230,727,503,1380,825,555,1547,934,613,1874,1151,723
182,59,5700,2993,2707,5796,3043,2753,5891,3092,2799,3736,1933,1803,1581,775,806,1752,861,891
182,73,0,0,0,0,0,0,0,0,0,43,23,20,86,46,40,168,87,81
182,96,312,173,139,463,261,202,614,350,264,466,248,218,318,146,172,325,156,169
182,101,0,0,0,0,0,0,0,0,0,0,0,0,0,0,0,0,0,0
182,114,17,8,9,8,4,4,0,0,0,3,3,0,6,6,0,5,5,0
182,153,0,0,0,0,0,0,0,0,0,0,0,0,2295,1143,1152,4099,2058,2041
182,199,0,0,0,0,0,0,0,0,0,0,0,0,5324,2777,2547,9295,4847,4448
182,218,1586,1073,513,3588,1843,1745,5651,2640,3011,6567,3006,3561,8019,3652,4367,9008,4036,4972
182,26,16974,8274,8700,21815,10606,11209,26662,12937,13725,14345,6939,7406,10280,5027,5253,9223,4510,4713
182,52,0,0,0,0,0,0,0,0,0,25928,11407,14521,51856,22814,29042,52185,22874,29311
182,83,0,0,0,2508,1095,1413,5057,2183,2874,4768,1870,2898,4478,1557,2921,4382,1406,2976
182,104,17845,6203,11642,48026,22646,25380,78207,39090,39117,61890,30369,31521,45573,21648,23925,45581,21224,24357
182,127,101,61,40,119,73,46,302,186,116,472,291,181,513,316,197,643,408,235
182,163,46,41,5,99,88,11,158,139,19,111,89,22,46,23,23,50,23,27
182,188,24825,12689,12136,24679,13366,11313,24571,13974,10597,32003,18391,13612,23127,13545,9582,28334,16767,11567
182,193,0,0,0,0,0,0,0,0,0,0,0,0,3726,1900,1826,3900,1894,2006
182,204,17950,7482,10468,16803,7004,9799,15656,6526,9130,16097,6714,9383,16538,6902,9636,17930,7452,10478
182,12,107506,52702,54804,121286,60470,60816,135065,68237,66828,150971,74489,76482,166876,80741,86135,195177,94987,100190
182,19,5417,2889,2528,7572,3944,3628,9507,4897,4610,326,158,168,2225,1081,1144,7725,3955,3770
182,74,1898,1002,896,1960,1019,941,2021,1036,985,17288,8900,8388,78304,38439,39865,84701,41439,43262
182,80,428334,238137,190197,512812,278205,234607,597290,318273,279017,350205,183847,166358,103119,49420,53699,106673,51123,55550
182,119,379,379,0,461,461,0,536,536,0,335,303,32,135,69,66,148,68,80
182,121,4602,2490,2112,2288,1237,1051,0,0,0,1929,1170,759,3881,2354,1527,5932,3630,2302
182,145,14216,7481,6735,31358,16109,15249,49504,25211,24293,50508,25087,25421,51863,25170,26693,26711,8837,17874
182,200,0,0,0,41386,23220,18166,82923,46577,36346,112119,58217,53902,143493,65925,77568,168629,83805,84824
182,62,180,110,70,200,120,80,220,131,89,145,81,64,69,31,38,73,33,40
182,133,5,2,3,13,5,8,23,8,15,38,16,22,58,25,33,80,39,41
182,157,27,20,7,29,22,7,33,25,8,26,21,5,22,19,3,27,23,4
182,24,0,0,0,0,0,0,0,0,0,9,7,2,18,14,4,21,16,5
182,225,730,356,374,720,351,369,711,347,364,746,364,382,783,383,400,830,400,430
182,37,0,0,0,0,0,0,0,0,0,15576,7534,8042,32087,15541,16546,35859,17356,18503
182,220,5763,2819,2944,7862,3881,3981,10284,5114,5170,18126,9058,9068,26192,12863,13329,33605,16454,17151
182,11,44312,23142,21170,49660,25817,23843,52070,27080,24990,39280,20170,19110,36320,18270,18050,37967,18912,19055
182,147,0,0,0,0,0,0,0,0,0,0,0,0,555,269,286,1103,534,569
182,70,0,0,0,0,0,0,13,8,5,35,20,15,35,26,9,52,27,25
182,68,0,0,0,0,0,0,0,0,0,0,0,0,13,9,4,12,8,4
182,137,0,0,0,0,0,0,0,0,0,0,0,0,17454,7765,9689,17433,7812,9621
182,28,0,0,0,0,0,0,0,0,0,0,0,0,429,151,278,517,182,335
183,131,43,12,31,39,14,25,58,18,40,80,25,55,108,36,72,124,46,78
183,219,214,129,85,286,172,114,305,184,121,345,208,137,355,214,141,374,58,316
183,64,15,9,6,14,9,5,15,10,5,18,12,6,19,12,7,23,14,9
183,27,45,45,0,67,48,19,95,55,40,147,84,63,200,114,86,266,151,115
183,142,84,32,52,80,31,49,75,28,47,59,22,37,56,21,35,51,20,31
183,191,28,15,13,133,59,74,276,116,160,330,134,196,527,212,315,715,289,426
183,194,0,0,0,2,2,0,5,4,1,12,6,6,26,14,12,25,13,12
183,55,2,1,1,3,1,2,4,2,2,6,3,3,10,5,5,10,5,5
183,56,0,0,0,1,1,0,1,1,0,1,1,0,0,0,0,3,1,2
183,59,14,4,10,18,6,12,21,8,13,20,6,14,18,4,14,19,6,13
183,73,0,0,0,1,0,1,2,1,1,4,1,3,6,1,5,9,2,7
183,101,2,1,1,5,2,3,12,5,7,13,6,7,11,4,7,11,4,7
183,199,36,10,26,43,12,31,47,13,34,57,15,42,63,17,46,69,21,48
183,218,2896,1239,1657,2828,1164,1664,2808,1103,1705,3008,1186,1822,3453,1383,2070,3878,1521,2357
183,83,41,23,18,37,16,21,33,8,25,29,5,24,25,2,23,24,1,23
183,104,181,63,118,520,107,413,859,152,707,919,182,737,978,212,766,978,198,780
183,193,3,1,2,6,2,4,79,26,53,38,12,26,43,18,25,40,19,21
183,12,24,10,14,27,11,16,30,13,17,34,14,20,37,15,22,44,19,25
183,19,11,4,7,11,4,7,10,3,7,13,4,9,17,5,12,14,4,10
183,74,429,132,297,443,131,312,457,131,326,538,192,346,552,150,402,597,161,436
183,145,39,16,23,57,23,34,78,29,49,78,29,49,85,31,54,84,28,56
183,200,173,53,120,168,54,114,165,56,109,181,59,122,201,51,150,236,72,164
183,24,0,0,0,0,0,0,0,0,0,0,0,0,0,0,0,0,0,0
183,37,22486,10946,11540,11622,5655,5967,1035,500,535,936,442,494,894,413,481,999,461,538
183,11,2610,1288,1322,2797,1350,1447,2820,1340,1480,2910,1340,1570,2960,1350,1610,3144,1420,1724
183,28,0,0,0,0,0,0,0,0,0,0,0,0,29,29,0,35,35,0
184,64,41,14,27,42,17,25,46,20,26,55,26,29,59,27,32,70,27,43
184,118,117,41,76,144,72,72,175,106,69,192,131,61,211,145,66,237,162,75
184,142,242,111,131,231,107,124,216,100,116,170,78,92,163,75,88,149,69,80
184,191,384,259,125,239,168,71,164,123,41,246,163,83,377,255,122,467,317,150
184,34,19,8,11,26,11,15,32,14,18,23,10,13,14,6,8,15,7,8
184,51,620,346,274,693,384,309,652,360,292,633,349,284,635,350,285,659,363,296
184,78,1435,812,623,6835,3717,3118,2218,1191,1027,2201,1174,1027,2249,1197,1052,2330,1238,1092
184,81,119,62,57,1180,666,514,2385,1243,1142,3354,1845,1509,1939,965,974,2298,1158,1140
184,89,15985,7429,8556,273125,133832,139293,365828,177427,188401,27115,12202,14913,13557,6101,7456,15098,6806,8292
184,90,87,59,28,524,265,259,960,471,489,863,431,432,766,391,375,812,411,401
184,117,7943,4538,3405,124102,63943,60159,71154,37641,33513,26426,12158,14268,12578,6843,5735,11413,6226,5187
184,126,1227,629,598,1283,658,625,1177,607,570,4800,2401,2399,8475,4216,4259,9143,4538,4605
184,150,1553,872,681,1574,878,696,1658,919,739,2202,1216,986,3126,1721,1405,4073,2235,1838
184,181,12313,5690,6623,12876,5907,6969,11638,6047,5591,12523,6167,6356,14007,6678,7329,14398,6865,7533
184,206,49,22,27,55,25,30,62,29,33,70,33,37,93,43,50,105,49,56
184,55,1,1,0,2,2,0,2,2,0,3,3,0,5,5,0,5,5,0
184,229,0,0,0,0,0,0,0,0,0,0,0,0,0,0,0,0,0,0
184,31,0,0,0,0,0,0,0,0,0,1,1,0,1,1,0,2,2,0
184,56,1,1,0,1,0,1,1,0,1,6,4,2,11,9,2,18,16,2
184,95,6,5,1,13,12,1,20,19,1,25,24,1,30,29,1,32,31,1
184,59,72,51,21,164,94,70,255,136,119,293,152,141,331,168,163,353,173,180
184,73,21,19,2,29,25,4,36,30,6,74,57,17,112,85,27,158,117,41
184,96,5,3,2,8,5,3,10,6,4,12,7,5,13,8,5,14,9,5
184,101,38,23,15,105,61,44,229,136,93,229,141,88,192,113,79,196,114,82
184,114,2,2,0,2,2,0,3,3,0,2,2,0,1,1,0,0,0,0
184,153,143,114,29,153,107,46,195,121,74,375,208,167,468,247,221,517,266,251
184,199,170,95,75,202,112,90,217,119,98,514,269,245,687,365,322,825,441,384
184,218,6161,2896,3265,11228,5210,6018,16485,7596,8889,18732,8506,10226,22504,10206,12298,25281,11279,14002
184,83,436,242,194,344,203,141,258,166,92,219,143,76,179,119,60,175,114,61
184,104,91,32,59,455,210,245,818,388,430,1098,610,488,1377,831,546,1377,821,556
184,163,12,12,0,26,25,1,43,39,4,49,43,6,48,41,7,52,43,9
184,193,212,158,54,391,301,90,739,576,163,1691,1041,650,1204,824,380,1025,696,329
184,12,147,112,35,166,127,39,185,143,42,207,159,48,229,175,54,267,203,64
184,19,989,643,346,781,476,305,550,295,255,472,306,166,651,385,266,1079,684,395
184,74,713,350,363,736,355,381,759,360,399,975,563,412,1203,558,645,1301,601,700
184,80,1002,751,251,3113,2553,560,5223,4354,869,4186,3269,917,3148,2183,965,3256,2258,998
184,145,634,505,129,933,739,194,1265,997,268,5611,4328,1283,4539,3207,1332,4263,2844,1419
184,200,408,325,83,322,237,85,238,149,89,261,160,101,290,164,126,340,203,137
184,24,0,0,0,0,0,0,0,0,0,1,1,0,2,2,0,2,2,0
184,42,1,1,0,1,1,0,1,1,0,1,1,0,1,1,0,2,2,0
184,37,216,105,111,606,293,313,1010,488,522,1674,852,822,2438,1268,1170,2725,1417,1308
184,220,7217,3972,3245,13743,7628,6115,20831,11614,9217,26691,13336,13355,32880,14471,18409,36561,16032,20529
184,11,120,71,49,195,108,87,260,140,120,1560,770,790,3350,1700,1650,3903,1957,1946
184,28,0,0,0,0,0,0,0,0,0,0,0,0,6,6,0,7,7,0
185,64,69,39,30,84,47,37,105,59,46,125,74,51,135,78,57,160,84,76
185,118,198,114,84,342,217,125,492,326,166,542,392,150,594,431,163,669,483,186
185,191,427,177,250,352,164,188,377,190,187,451,222,229,720,351,369,927,453,474
185,44,6619,3262,3357,7388,3616,3772,8156,3970,4186,8905,4105,4800,9675,4250,5425,9879,4123,5756
185,106,1194,608,586,1575,756,819,1940,896,1044,2369,1079,1290,2512,1129,1383,2238,998,1240
185,30,1499,829,670,1472,820,652,1445,811,634,1477,833,644,1509,855,654,1541,877,664
185,35,57,37,20,150,97,53,242,157,85,189,124,65,136,92,44,123,84,39
185,98,4346,2858,1488,2875,1916,959,1405,975,430,10537,6247,4290,20346,11455,8891,21907,12438,9469
185,124,31269,14591,16678,33418,16050,17368,39077,18877,20200,53856,26758,27098,76095,39128,36967,79519,41948,37571
185,161,133,79,54,159,113,46,231,179,52,507,393,114,807,623,184,820,634,186
185,203,809,603,206,730,546,184,803,598,205,713,515,198,675,472,203,623,421,202
185,205,57,31,26,62,33,29,68,35,33,73,39,34,72,45,27,71,45,26
185,226,294,115,179,522,234,288,1046,530,516,1220,642,578,1451,727,724,1751,869,882
185,16,10556,8760,1796,9063,7591,1472,7569,6421,1148,8316,7071,1245,9063,7722,1341,9583,8179,1404
185,23,8,4,4,10,5,5,11,5,6,14,7,7,17,9,8,18,9,9
185,97,9307,3962,5345,7240,3016,4224,5173,2071,3102,4780,1907,2873,4386,1743,2643,4229,1678,2551
185,125,42,23,19,49,25,24,54,30,24,55,32,23,70,45,25,89,63,26
185,194,8,5,3,78,59,19,150,95,55,296,122,174,597,251,346,593,244,349
185,55,8,2,6,12,3,9,15,3,12,22,4,18,35,7,28,37,9,28
185,211,48,19,29,116,42,74,185,65,120,190,64,126,195,63,132,197,60,137
185,31,2,1,1,3,1,2,4,1,3,6,2,4,7,2,5,12,7,5
185,56,3,1,2,5,2,3,7,3,4,20,11,9,31,19,12,49,31,18
185,95,73,34,39,65,30,35,56,25,31,70,32,38,83,38,45,76,31,45
185,170,60,29,31,61,31,30,60,31,29,55,28,27,49,23,26,50,24,26
185,59,236,92,144,308,125,183,379,158,221,530,226,304,681,295,386,777,348,429
185,73,31,15,16,41,17,24,50,19,31,103,38,65,155,56,99,234,87,147
185,96,6,2,4,9,3,6,11,3,8,13,3,10,14,3,11,20,7,13
185,101,42,20,22,115,52,63,252,119,133,252,127,125,211,98,113,216,99,117
185,114,2,1,1,2,1,1,3,1,2,4,3,1,5,4,1,4,4,0
185,153,268,111,157,314,135,179,365,145,220,458,183,275,595,245,350,754,308,446
185,199,399,185,214,474,218,256,509,232,277,492,204,288,772,319,453,752,288,464
185,218,33320,15854,17466,35923,17079,18844,39131,18542,20589,38195,17707,20488,40369,18511,21858,45351,20465,24886
185,83,65,36,29,67,25,42,70,14,56,77,17,60,84,21,63,82,18,64
185,104,40,14,26,124,29,95,208,45,163,388,119,269,567,192,375,567,185,382
185,127,8,5,3,10,6,4,12,8,4,15,8,7,29,17,12,36,22,14
185,163,7,3,4,15,6,9,25,9,16,27,11,16,25,11,14,28,11,17
185,193,35,12,23,53,18,35,640,251,389,308,118,190,421,160,261,503,186,317
185,12,158,61,97,179,71,108,199,81,118,222,87,135,245,93,152,286,110,176
185,19,145,74,71,308,107,201,462,138,324,165,59,106,184,54,130,258,81,177
185,74,1348,592,756,1392,598,794,1436,604,832,2189,1012,1177,2111,863,1248,2283,929,1354
185,80,725,339,386,894,348,546,1062,356,706,1910,713,1197,2758,1070,1688,2853,1107,1746
185,145,2193,1083,1110,2356,1142,1214,2603,1237,1366,2902,1367,1535,3138,1432,1706,3547,1628,1919
185,200,772,327,445,1004,453,551,1241,583,658,1400,620,780,1588,596,992,1866,782,1084
185,50,17,10,7,9,6,3,6,5,1,4,3,1,8,7,1,8,7,1
185,133,12,0,12,36,13,23,63,28,35,51,22,29,47,19,28,44,17,27
185,157,10,7,3,14,11,3,20,16,4,28,19,9,39,23,16,46,26,20
185,8,4,0,4,4,0,4,4,0,4,3,0,3,2,0,2,2,0,2
185,24,6,4,2,6,3,3,6,3,3,4,2,2,1,1,0,1,1,0
185,42,24,14,10,42,28,14,59,41,18,48,35,13,36,29,7,59,44,15
185,225,16,8,8,15,7,8,15,7,8,15,7,8,17,8,9,18,8,10
185,37,6030,2936,3094,7695,3725,3970,9543,4604,4939,10381,4928,5453,11842,5563,6279,13234,6212,7022
185,220,12889,5219,7670,16488,6757,9731,20762,8603,12159,23952,9992,13960,27436,11170,16266,31302,12690,18612
185,11,27151,12916,14235,29812,14202,15610,34250,16030,18220,43080,19890,23190,53560,24170,29390,67822,31404,36418
185,147,3085,1312,1773,3382,1433,1949,3803,1850,1953,4644,2255,2389,5152,2497,2655,5579,2698,2881
185,158,71,50,21,72,48,24,53,35,18,61,44,17,51,32,19,51,33,18
185,68,0,0,0,0,0,0,0,0,0,0,0,0,3,2,1,3,2,1
185,28,0,0,0,0,0,0,0,0,0,0,0,0,114,23,91,137,27,110
186,145,13798,6998,6800,15991,7959,8032,18735,9172,9563,22039,10771,11268,21578,10621,10957,21893,10824,11069
186,7,8,4,4,14,7,7,19,10,9,21,11,10,22,12,10,23,12,11
186,10,125,66,59,313,165,148,500,264,236,589,311,278,666,352,314,701,371,330
186,25,296,204,92,289,199,90,282,194,88,300,207,93,452,296,156,514,337,177
186,176,87,32,55,90,33,57,98,39,59,100,40,60,104,43,61,111,49,62
186,24,32,17,15,39,19,20,79,40,39,39,20,19,43,21,22,48,25,23
186,46,22,10,12,21,9,12,20,9,11,19,8,11,21,9,12,22,9,13
186,54,0,0,0,0,0,0,0,0,0,0,0,0,460,198,262,499,215,284
187,64,71,31,40,56,23,33,46,18,28,55,24,31,59,24,35,70,23,47
187,191,201,146,55,164,121,43,175,129,46,209,153,56,334,244,90,429,314,115
187,136,4,1,3,4,2,2,5,2,3,3,2,1,3,3,0,4,4,0
187,55,34,14,20,48,18,30,62,23,39,91,33,58,145,54,91,151,57,94
187,107,12,4,8,20,6,14,28,9,19,40,16,24,52,23,29,25,8,17
187,211,76,38,38,184,88,96,293,138,155,301,138,163,310,139,171,314,137,177
187,18,25,11,14,26,10,16,27,9,18,26,9,17,25,9,16,27,9,18
187,31,63,12,51,107,24,83,151,36,115,219,58,161,278,78,200,315,87,228
187,56,70252,36842,33410,105379,56662,48717,140506,76483,64023,109909,59441,50468,70286,39901,30385,87584,47715,39869
187,95,316,140,176,7703,2732,4971,15089,5324,9765,18638,6790,11848,22187,8257,13930,21927,8243,13684
187,162,2149,923,1226,1838,774,1064,1572,648,924,1435,609,826,1344,584,760,1295,571,724
187,170,1020,501,519,1046,524,522,1036,530,506,1431,745,686,1798,946,852,1832,959,873
187,59,105,40,65,113,43,70,121,46,75,504,259,245,886,471,415,1348,670,678
187,73,0,0,0,7,4,3,14,8,6,68,43,25,121,78,43,214,116,98
187,96,1,0,1,2,0,2,3,1,2,120,83,37,236,165,71,200,119,81
187,101,412,203,209,2234,1065,1169,5284,2605,2679,9193,5357,3836,11589,6741,4848,11838,6824,5014
187,114,21,8,13,19,8,11,17,7,10,36,19,17,56,32,24,46,26,20
187,120,16,9,7,18,10,8,14,8,6,25,13,12,34,16,18,29,13,16
187,153,6,3,3,18,6,12,141,55,86,490,249,241,2048,1373,675,3840,2464,1376
187,199,190,67,123,226,79,147,243,84,159,536,197,339,1213,551,662,1519,699,820
187,218,1431,722,709,3236,826,2410,5097,939,4158,31435,13712,17723,60334,27774,32560,67781,30709,37072
187,26,4681,2292,2389,5736,2828,2908,6791,3365,3426,3961,1951,2010,3409,1683,1726,3058,1509,1549
187,52,0,0,0,279,58,221,529,113,416,585,130,455,640,147,493,644,146,498
187,83,699,388,311,548,252,296,407,116,291,645,140,505,882,164,718,863,131,732
187,104,223,77,146,1748,312,1436,3273,548,2725,7134,1691,5443,10994,2834,8160,10996,2689,8307
187,127,13,6,7,16,7,9,40,17,23,64,26,38,95,26,69,119,37,82
187,163,8,4,4,18,8,10,29,12,17,60,17,43,82,20,62,90,18,72
187,182,58,18,40,371,109,262,505,141,364,499,135,364,488,131,357,476,127,349
187,188,35,18,17,76,26,50,119,35,84,55,20,35,468,188,280,605,236,369
187,193,110,54,56,212,101,111,406,194,212,3279,1496,1783,7312,3438,3874,7297,3085,4212
187,204,38,16,22,35,15,20,33,14,19,33,14,19,34,14,20,36,15,21
187,12,14965,5341,9624,16884,6204,10680,18802,7066,11736,21016,7585,13431,23230,8104,15126,27170,9577,17593
187,19,619,246,373,617,245,372,598,239,359,1823,818,1005,4043,1859,2184,6471,3031,3440
187,74,2771,1182,1589,2861,1193,1668,2950,1203,1747,3290,1208,2082,4117,1631,2486,4453,1755,2698
187,80,16278,8721,7557,20363,11446,8917,24447,14171,10276,32938,15103,17835,41428,16035,25393,42856,16588,26268
187,119,18,7,11,21,8,13,24,8,16,26,7,19,30,7,23,35,7,28
187,121,69,30,39,65,29,36,63,28,35,262,116,146,464,204,260,710,317,393
187,145,14,9,5,19,11,8,27,14,13,106,60,46,219,133,86,505,280,225
187,200,3313,1351,1962,4523,1828,2695,5750,2319,3431,8102,3104,4998,10612,3479,7133,12470,4670,7800
187,50,20,13,7,15,10,5,17,11,6,11,7,4,22,14,8,23,15,8
187,133,69,23,46,50,21,29,34,19,15,64,24,40,103,33,70,143,54,89
187,157,5,4,1,5,4,1,6,4,2,17,8,9,30,12,18,36,14,22
187,24,0,0,0,6,4,2,11,7,4,14,10,4,17,13,4,20,15,5
187,42,29,15,14,40,19,21,51,24,27,42,23,19,32,21,11,53,30,23
187,63,17,8,9,19,9,10,21,10,11,24,11,13,34,16,18,49,23,26
187,225,21,7,14,20,7,13,20,7,13,20,7,13,22,7,15,24,8,16
187,37,10286,5008,5278,10329,5005,5324,10617,5122,5495,11513,5545,5968,13100,6316,6784,14640,7054,7586
187,11,2697,1557,1140,4671,2564,2107,6370,3430,2940,6080,3070,3010,6000,2800,3200,6667,3146,3521
187,68,0,0,0,0,0,0,0,0,0,0,0,0,15,4,11,14,4,10
187,137,0,0,0,0,0,0,0,0,0,0,0,0,54,49,5,56,51,5
187,28,0,0,0,0,0,0,0,0,0,0,0,0,210,101,109,253,122,131
188,39,15,8,7,42,23,19,66,37,29,50,28,22,49,27,22,43,24,19
188,55,4,2,2,6,3,3,7,3,4,10,4,6,16,6,10,17,7,10
188,211,35,18,17,85,41,44,136,64,72,140,65,75,144,65,79,146,64,82
188,31,8,4,4,14,7,7,19,10,9,27,14,13,34,18,16,78,45,33
188,56,64,34,30,96,52,44,128,70,58,182,113,69,222,150,72,315,208,107
188,95,96,53,43,189,97,92,282,142,140,348,178,170,414,214,200,422,221,201
188,162,183,78,105,156,65,91,134,55,79,143,76,67,158,99,59,153,97,56
188,170,138,68,70,127,71,56,113,72,41,230,151,79,344,227,117,350,231,119
188,187,15,8,7,95,63,32,203,135,68,228,152,76,255,171,84,310,210,100
188,59,56,24,32,60,25,35,64,27,37,152,71,81,239,115,124,338,166,172
188,73,0,0,0,2,1,1,4,3,1,16,10,6,27,17,10,53,31,22
188,96,8,5,3,10,6,4,11,7,4,21,13,8,30,18,12,33,18,15
188,101,11,5,6,38,17,21,87,41,46,160,86,74,206,106,100,210,107,103
188,114,2,0,2,3,1,2,4,1,3,7,3,4,11,6,5,9,5,4
188,153,0,0,0,10,5,5,59,25,34,110,53,57,188,90,98,377,192,185
188,199,536,292,244,636,345,291,683,368,315,821,421,400,983,517,466,1214,617,597
188,218,334,207,127,756,323,433,1192,444,748,1555,601,954,2046,817,1229,2298,899,1399
188,26,2796,1077,1719,3080,1186,1894,3363,1294,2069,2072,800,1272,1973,782,1191,1770,701,1069
188,52,29943,10682,19261,26764,9299,17465,20724,7151,13573,20094,7147,12947,19463,7142,12321,19587,7152,12435
188,83,104,57,47,105,44,61,107,29,78,120,30,90,133,31,102,130,26,104
188,104,1268,441,827,3048,1041,2007,4828,1642,3186,4763,1776,2987,4698,1911,2787,4699,1862,2837
188,127,6,4,2,8,5,3,19,11,8,32,18,14,20,10,10,25,14,11
188,163,8,4,4,18,8,10,30,13,17,43,17,26,50,19,31,54,18,36
188,182,1343,625,718,8530,3871,4659,11597,5129,6468,11440,4988,6452,11183,4871,6312,10930,4744,6186
188,193,49,23,26,109,46,63,217,91,126,451,218,233,1011,508,503,1312,610,702
188,204,258,108,150,241,101,140,225,94,131,231,97,134,237,99,138,256,107,149
188,12,12724,4904,7820,14355,5677,8678,15986,6451,9535,15649,6574,9075,15311,6697,8614,17908,7888,10020
188,19,176,95,81,175,95,80,169,92,77,367,158,209,762,317,445,1051,458,593
188,74,3354,1540,1814,3463,1559,1904,3571,1577,1994,2853,1202,1651,2397,1031,1366,2593,1111,1482
188,80,12999,7361,5638,19580,10179,9401,26160,12997,13163,32287,15084,17203,38414,17172,21242,39738,17764,21974
188,119,53,20,33,63,22,41,73,23,50,92,25,67,113,28,85,114,29,85
188,121,54,28,26,51,27,24,49,25,24,181,91,90,317,159,158,484,245,239
188,145,7,5,2,15,9,6,26,13,13,36,21,15,73,41,32,152,75,77
188,200,3460,1417,2043,3005,1292,1713,2561,1176,1385,2918,1269,1649,3333,1232,2101,3916,1619,2297
188,133,39,23,16,43,25,18,49,28,21,47,24,23,51,23,28,69,35,34
188,8,1783,830,953,1741,821,920,1699,812,887,1253,609,644,807,406,401,810,407,403
188,24,0,0,0,4,2,2,8,5,3,8,5,3,8,5,3,9,6,3
188,42,23,14,9,32,18,14,40,22,18,32,19,13,24,17,7,39,24,15
188,46,26,14,12,26,14,12,25,14,11,24,14,10,27,16,11,29,17,12
188,160,19,10,9,17,9,8,21,11,10,25,13,12,27,15,12,29,17,12
188,225,91,50,41,89,49,40,88,48,40,92,51,41,97,53,44,103,56,47
188,37,8990,4377,4613,9028,4374,4654,9280,4476,4804,8496,4044,4452,8223,3867,4356,9190,4319,4871
188,220,3347,1638,1709,4566,2255,2311,5973,2972,3001,5974,2987,2987,6049,2973,3076,8715,4271,4444
188,11,7227,3914,3313,8185,4356,3829,8660,4560,4100,8770,4520,4250,8400,4230,4170,8577,4316,4261
188,68,0,0,0,0,0,0,0,0,0,0,0,0,8,6,2,7,5,2
188,137,0,0,0,0,0,0,0,0,0,0,0,0,1438,501,937,1617,569,1048
188,28,0,0,0,0,0,0,0,0,0,0,0,0,175,96,79,211,116,95
189,56,0,0,0,0,0,0,0,0,0,0,0,0,0,0,0,0,0,0
189,59,2,2,0,2,2,0,2,2,0,3,3,0,3,3,0,2,2,0
189,73,0,0,0,0,0,0,0,0,0,2,1,1,4,2,2,6,2,4
189,96,0,0,0,0,0,0,0,0,0,1,0,1,1,0,1,1,0,1
189,101,0,0,0,1,1,0,3,2,1,3,2,1,2,1,1,2,1,1
189,218,42,25,17,170,81,89,302,138,164,301,141,160,325,156,169,364,173,191
189,83,6,3,3,12,5,7,19,8,11,10,4,6,0,0,0,0,0,0
189,104,1,0,1,3,1,2,5,3,2,5,2,3,4,0,4,4,0,4
189,12,8,4,4,9,4,5,10,5,5,11,5,6,12,6,6,14,7,7
189,74,4,3,1,4,3,1,4,3,1,6,2,4,3,2,1,3,2,1
189,24,0,0,0,0,0,0,0,0,0,1,0,1,1,0,1,1,0,1
189,42,0,0,0,0,0,0,0,0,0,0,0,0,0,0,0,0,0,0
189,37,34,17,17,34,17,17,35,17,18,17,8,9,0,0,0,0,0,0
189,11,1052,493,559,1263,582,681,1400,640,760,1690,760,930,1940,890,1050,2353,1063,1290
189,72,646,346,300,636,337,299,634,336,298,636,336,300,683,365,318,703,379,324
189,158,324,189,135,331,202,129,247,162,85,257,175,82,218,151,67,221,155,66
189,224,83,39,44,65,35,30,51,26,25,75,38,37,113,57,56,119,60,59
189,143,39,28,11,36,25,11,33,22,11,31,21,10,29,19,10,28,19,9
189,177,5,2,3,10,3,7,16,5,11,14,4,10,13,4,9,12,4,8
190,60,101216,54118,47098,82625,44204,38421,83230,44574,38656,76262,43138,33124,84118,44897,39221,93042,49768,43274
190,67,1438,741,697,1607,869,738,1775,997,778,2096,1121,975,2415,1246,1169,2457,1281,1176
190,69,616940,324269,292671,459615,231129,228486,389419,182322,207097,327545,161785,165760,361609,189516,172093,442910,225826,217084
190,109,7875,4382,3493,103743,54743,49000,159197,82223,76974,259706,138122,121584,398753,203624,195129,488470,250295,238175
190,123,211,78,133,61,35,26,59,33,26,57,32,25,56,31,25,54,31,23
190,183,11,9,2,13,10,3,15,11,4,36,24,12,58,37,21,64,41,23
190,215,392,270,122,1034,588,446,1254,645,609,1828,923,905,11168,5788,5380,28586,14721,13865
190,219,467,281,186,4247,2149,2098,3655,1916,1739,3424,2279,1145,2273,1208,1065,2967,1552,1415
190,2,926,453,473,6248,3511,2737,11570,6569,5001,16301,9256,7045,21031,11943,9088,20810,11817,8993
190,64,1372,642,730,6209,3363,2846,11540,6353,5187,17739,10465,7274,19145,10996,8149,22709,11776,10933
190,118,3917,1845,2072,40088,26153,13935,76918,51219,25699,84755,61493,23262,92720,67567,25153,104539,75791,28748
190,196,0,0,0,22,11,11,43,19,24,38,16,22,86,41,45,130,64,66
190,142,138,96,42,131,92,39,123,85,38,97,67,30,93,65,28,85,60,25
190,191,3233,1692,1541,2874,1568,1306,6209,3293,2916,9254,4390,4864,21729,10098,11631,69688,36239,33449
190,198,2,2,0,12,7,5,47,24,23,63,31,32,77,36,41,89,47,42
190,124,51,32,19,121,72,49,204,118,86,528,312,216,926,556,370,967,592,375
190,203,2,1,1,9,5,4,19,10,9,68,34,34,122,61,61,143,72,71
190,15,340,243,97,374,264,110,410,284,126,512,349,163,727,490,237,519,348,171
190,55,3,2,1,4,2,2,5,3,2,7,4,3,12,7,5,13,8,5
190,100,204,145,59,377,241,136,357,196,161,409,276,133,413,287,126,414,307,107
190,107,24,15,9,58,34,24,92,54,38,132,84,48,170,112,58,80,47,33
190,111,2111,1279,832,1691,1078,613,1929,1303,626,2083,1375,708,2758,1798,960,3168,1914,1254
190,165,109,68,41,184,127,57,233,167,66,655,486,169,1609,1290,319,1243,1013,230
190,201,200,102,98,345,175,170,443,224,219,1126,576,550,2762,1409,1353,2538,1295,1243
190,211,114,76,38,14,14,0,34,28,6,89,59,30,955,550,405,2176,1245,931
190,217,2578,1835,743,3304,2367,937,4221,3023,1198,4165,2885,1280,8173,5725,2448,6000,4184,1816
190,229,36771,21042,15729,61684,35648,26036,69012,39512,29500,92122,56367,35755,194393,106916,87477,245683,130005,115678
190,31,1,1,0,2,2,0,2,2,0,3,3,0,3,3,0,15,11,4
190,56,1,1,0,2,1,1,3,2,1,20,11,9,35,20,15,34,19,15
190,95,5,4,1,139,109,30,272,213,59,336,264,72,400,315,85,553,449,104
190,170,129,63,66,121,66,55,109,67,42,83,59,24,57,50,7,59,51,8
190,59,584,386,198,6085,3273,2812,11586,6160,5426,11017,5845,5172,10447,5530,4917,10681,5677,5004
190,73,54,41,13,1772,1009,763,3490,1977,1513,5970,3233,2737,8450,4489,3961,12490,6217,6273
190,96,0,0,0,1,0,1,1,0,1,1,0,1,1,0,1,1,0,1
190,101,102,55,47,282,146,136,618,328,290,620,347,273,520,274,246,531,277,254
190,114,0,0,0,0,0,0,0,0,0,2,2,0,5,4,1,4,4,0
190,153,1286,926,360,3293,2004,1289,6445,3603,2842,12766,7020,5746,18002,9593,8409,27042,14397,12645
190,199,10279,5473,4806,12198,6451,5747,13082,6878,6204,16045,8236,7809,37846,19014,18832,59213,29765,29448
190,218,6078,3570,2508,23882,11330,12552,42089,19249,22840,67595,29710,37885,98604,42955,55649,110775,47415,63360
190,83,44,24,20,55,31,24,66,37,29,412,310,102,758,584,174,742,565,177
190,104,11363,3625,7738,9103,2957,6146,6842,2288,4554,9198,4566,4632,11554,6845,4709,11556,6762,4794
190,127,7,5,2,9,6,3,10,7,3,14,9,5,965,731,234,1210,930,280
190,193,18,12,6,28,19,9,349,249,100,168,119,49,307,192,115,272,168,104
190,12,670,406,264,756,463,293,841,519,322,940,571,369,1039,623,416,1215,730,485
190,19,989,643,346,781,476,305,550,295,255,620,330,290,780,414,366,2260,1247,1013
190,74,1485,742,743,1533,753,780,1581,764,817,1464,696,768,1741,824,917,1883,888,995
190,80,5957,4858,1099,6853,4572,2281,7749,4287,3462,7432,4240,3192,7114,4192,2922,7359,4336,3023
190,145,1859,1070,789,11388,6401,4987,21261,11911,9350,15080,8248,6832,19863,11152,8711,27115,14351,12764
190,200,2647,1368,1279,2901,1656,1245,3167,1954,1213,3648,2183,1465,4201,2316,1885,4936,2875,2061
190,50,1,0,1,1,0,1,1,0,1,1,0,1,1,0,1,1,0,1
190,148,17,5,12,14,4,10,23,5,18,34,6,28,36,7,29,38,7,31
190,8,4,4,0,4,4,0,4,4,0,3,3,0,2,2,0,2,2,0
190,24,0,0,0,0,0,0,0,0,0,2,0,2,3,0,3,3,0,3
190,42,12,4,8,12,4,8,11,3,8,9,3,6,7,4,3,12,6,6
190,37,19517,9501,10016,19599,9496,10103,20146,9718,10428,20528,9400,11128,22144,9677,12467,24747,10806,13941
190,220,2437,1193,1244,18715,9289,9426,35760,17796,17964,74728,37368,37360,114613,56324,58289,145579,71325,74254
190,11,361,243,118,2113,1118,995,3740,1930,1810,4500,2220,2280,6210,3010,3200,7743,3735,4008
190,147,415,198,217,504,244,260,1724,839,885,1775,862,913,1472,714,758,1147,555,592
190,68,0,0,0,0,0,0,0,0,0,0,0,0,2,0,2,2,0,2
191,67,97,60,37,143,88,55,189,116,73,154,91,63,120,67,53,122,69,53
191,109,197,110,87,185,101,84,101,50,51,98,50,48,110,53,57,112,54,58
191,123,1276,395,881,9179,4136,5043,8837,3968,4869,8421,3767,4654,8272,3693,4579,8174,3645,4529
191,131,184,72,112,192,83,109,307,120,187,412,166,246,541,233,308,622,285,337
191,140,28813,14756,14057,29502,15282,14220,26952,13544,13408,17730,8729,9001,8566,4165,4401,8897,4295,4602
191,183,83,35,48,224,165,59,366,296,70,297,215,82,228,133,95,256,155,101
191,219,409,248,161,547,332,215,582,353,229,659,400,259,678,412,266,712,433,279
191,230,6328,3240,3088,2660,1368,1292,1535,790,745,2170,1117,1053,3072,1563,1509,3341,1682,1659
191,231,11426,6508,4918,15313,8736,6577,17024,9709,7315,19010,10842,8168,18910,10787,8123,18610,10609,8001
191,5,2437,1283,1154,2832,1435,1397,3226,1586,1640,4172,1996,2176,5118,2407,2711,7144,3337,3807
191,39,81,52,29,84,59,25,80,62,18,61,47,14,60,46,14,52,40,12
191,77,4,4,0,5,5,0,7,7,0,7,7,0,8,8,0,9,9,0
191,64,190,110,80,170,97,73,164,92,72,195,115,80,210,120,90,249,128,121
191,118,543,315,228,505,306,199,476,307,169,524,372,152,574,409,165,647,459,188
191,27,5780,3791,1989,9329,6090,3239,13860,9030,4830,20917,13536,7381,28048,18094,9954,37265,23906,13359
191,116,2777,1277,1500,2528,1225,1303,2441,1256,1185,2492,1282,1210,2544,1308,1236,2610,1342,1268
191,142,12536,6211,6325,11988,5978,6010,11132,5576,5556,8802,4382,4420,8481,4231,4250,7775,3898,3877
191,198,20848,9903,10945,8013,3990,4023,9545,4167,5378,10980,4418,6562,12067,4491,7576,12511,4821,7690
191,172,71,39,32,73,38,35,76,38,38,88,43,45,101,50,51,116,58,58
191,184,239,51,188,233,45,188,227,39,188,221,35,186,219,33,186,218,32,186
191,166,0,0,0,190,83,107,442,200,242,830,375,455,1548,671,877,1574,1022,552
191,161,186,102,84,455,236,219,852,432,420,807,408,399,800,396,404,813,404,409
191,194,3,2,1,33,25,8,64,40,24,127,51,76,257,106,151,255,103,152
191,55,1235,585,650,1747,791,956,2258,996,1262,3305,1446,1859,5300,2359,2941,5532,2493,3039
191,103,8519,4083,4436,9581,4501,5080,10107,4722,5385,10671,4957,5714,11365,5241,6124,11721,5374,6347
191,107,24,11,13,48,30,18,72,49,23,103,74,29,131,95,36,61,40,21
191,211,71,39,32,172,91,81,275,143,132,283,144,139,291,145,146,295,144,151
191,31,9,3,6,35,15,20,61,28,33,96,45,51,127,61,66,174,90,84
191,56,38,20,18,57,31,26,76,42,34,187,108,79,282,168,114,341,200,141
191,95,44,25,19,137,72,65,230,120,110,284,151,133,338,182,156,349,192,157
191,162,376,197,179,321,166,155,275,140,135,329,178,151,395,222,173,381,216,165
191,170,246,121,125,241,126,115,229,127,102,234,129,105,236,130,106,240,131,109
191,187,6,4,2,33,23,10,70,47,23,79,53,26,88,59,29,108,73,35
191,59,604,300,304,794,398,396,984,496,488,1312,679,633,1639,862,777,1875,1004,871
191,70,1,1,0,2,0,2,1,0,1,6,1,5,14,8,6,20,11,9
191,73,115,51,64,145,74,71,175,97,78,413,247,166,650,397,253,1005,600,405
191,96,65,23,42,64,23,41,63,23,40,65,23,42,67,24,43,81,33,48
191,101,621,306,315,2196,1047,1149,4979,2457,2522,7504,3856,3648,8794,4159,4635,8983,4190,4793
191,102,303,145,158,345,164,181,387,184,203,485,220,265,577,252,325,601,265,336
191,114,2,1,1,2,1,1,3,2,1,8,6,2,13,9,4,10,7,3
191,153,629,309,320,641,310,331,744,371,373,841,415,426,1169,623,546,1453,789,664
191,199,798,454,344,947,535,412,1016,571,445,1567,894,673,2023,1146,877,2440,1399,1041
191,218,66921,30985,35936,100971,47600,53371,136720,64877,71843,159229,75990,83239,194701,94093,100608,218732,104183,114549
191,52,0,0,0,0,0,0,0,0,0,101,47,54,202,94,108,203,94,109
191,83,1755,900,855,3596,1649,1947,5497,2390,3107,6279,2734,3545,7061,3079,3982,6910,2853,4057
191,104,409,142,267,824,273,551,1238,404,834,3447,1423,2024,5656,2443,3213,5657,2386,3271
191,127,45,20,25,53,24,29,67,32,35,80,37,43,162,79,83,203,104,99
191,163,6464,3138,3326,8622,4126,4496,11131,5298,5833,11373,5409,5964,9728,4635,5093,10677,4850,5827
191,182,3,1,2,39,11,28,90,34,56,148,68,80,145,66,79,141,64,77
191,188,5,3,2,9,4,5,15,6,9,26,9,17,37,19,18,43,20,23
191,193,740,351,389,914,453,461,1483,762,721,1880,966,914,2437,1292,1145,2829,1494,1335
191,12,1538,679,859,1736,783,953,1933,886,1047,2161,962,1199,2388,1038,1350,2792,1222,1570
191,19,652,286,366,648,284,364,625,274,351,736,338,398,796,381,415,881,397,484
191,74,2397,1016,1381,2475,1025,1450,2552,1033,1519,4182,1953,2229,4789,1883,2906,5180,2026,3154
191,80,4059,1792,2267,4560,1873,2687,5060,1954,3106,11408,5097,6311,17756,8241,9515,18368,8525,9843
191,119,0,0,0,0,0,0,1,1,0,15,7,8,30,13,17,30,11,19
191,121,45,22,23,42,21,21,41,21,20,35,19,16,30,17,13,45,26,19
191,145,6568,3155,3413,8417,3952,4465,10553,4871,5682,12263,5691,6572,12910,5987,6923,13470,6242,7228
191,200,4029,1851,2178,4606,2254,2352,5200,2671,2529,5792,2838,2954,6498,2783,3715,7636,3574,4062
191,7,19,9,10,28,13,15,37,17,20,40,18,22,42,19,23,45,21,24
191,14,21,12,9,54,34,20,88,58,30,92,54,38,96,51,45,104,55,49
191,38,12,6,6,26,13,13,41,21,20,38,19,19,36,18,18,35,18,17
191,62,242,144,98,269,157,112,296,171,125,154,88,66,10,3,7,11,4,7
191,174,4,2,2,5,3,2,8,5,3,8,5,3,9,5,4,9,5,4
191,50,47,21,26,37,17,20,44,20,24,29,12,17,57,25,32,59,26,33
191,133,87,42,45,96,44,52,110,48,62,143,74,69,193,109,84,265,161,104
191,157,12,6,6,17,9,8,24,13,11,30,15,15,39,19,20,46,23,23
191,8,278,126,152,271,124,147,264,122,142,195,92,103,126,62,64,126,62,64
191,24,11,2,9,6,1,5,0,0,0,8,4,4,15,8,7,17,9,8
191,42,134,73,61,189,101,88,244,129,115,6345,3402,2943,12446,6675,5771,20457,8268,12189
191,46,49,30,19,48,29,19,47,29,18,45,28,17,50,32,18,54,35,19
191,63,41,29,12,46,32,14,51,36,15,60,43,17,84,60,24,122,87,35
191,160,82,52,30,72,45,27,85,53,32,100,62,38,108,67,41,116,72,44
191,225,70,34,36,67,35,32,65,36,29,67,36,31,69,34,35,71,35,36
191,22,33,20,13,62,40,22,90,60,30,174,108,66,258,156,102,262,159,103
191,37,23729,11552,12177,29983,14514,15469,36949,17824,19125,38430,18800,19630,42219,20957,21262,47182,23406,23776
191,220,34707,16657,18050,48148,23326,24822,63558,31028,32530,70985,34828,36157,79282,38202,41080,88907,42705,46202
191,11,58684,29023,29661,61139,30023,31116,80640,39830,40810,114160,56810,57350,155930,77830,78100,183370,91448,91922
191,147,5555,2612,2943,11026,5363,5663,25359,12326,13033,39855,19345,20510,48514,23503,25011,56396,27272,29124
191,68,0,0,0,0,0,0,0,0,0,0,0,0,23,14,9,21,13,8
191,28,0,0,0,0,0,0,0,0,0,0,0,0,1573,1121,452,1894,1350,544
192,67,933,494,439,1109,612,497,1284,730,554,1375,841,534,1465,951,514,1490,973,517
192,69,384266,201974,182292,235512,129959,105553,131405,82820,48585,110527,63903,46624,122021,63950,58071,375202,191303,183899
192,109,5801,3332,2469,53996,28584,25412,81156,41894,39262,62546,33359,29187,53218,27160,26058,92355,47296,45059
192,39,0,0,0,0,0,0,0,0,0,0,0,0,0,0,0,0,0,0
192,58,113409,54593,58816,137306,68135,69171,118742,58238,60504,57555,28229,29326,4472,2209,2263,8749,2359,6390
192,118,4753,2605,2148,3005,1698,1307,1307,850,457,1440,1027,413,1576,1129,447,1776,1266,510
192,196,0,0,0,0,0,0,0,0,0,0,0,0,202948,104764,98184,135558,66101,69457
192,15,522,326,196,586,368,218,652,407,245,829,524,305,1190,757,433,849,536,313
192,100,360,311,49,268,222,46,254,200,54,291,246,45,294,251,43,295,259,36
192,107,233,181,52,285,199,86,336,217,119,485,334,151,624,441,183,292,188,104
192,111,0,0,0,0,0,0,0,0,0,0,0,0,0,0,0,1726,960,766
192,115,106,82,24,129,87,42,152,93,59,119,74,45,86,56,30,72,35,37
192,165,608,444,164,660,493,167,615,469,146,1155,834,321,2632,2047,585,2033,1611,422
192,217,3951,2452,1499,5187,3344,1843,6723,4407,2316,6751,4363,2388,13368,8882,4486,9817,6487,3330
192,114,1,0,1,1,0,1,2,1,1,2,2,0,2,2,0,1,1,0
192,153,0,0,0,0,0,0,0,0,0,0,0,0,0,0,0,178,111,67
192,11,0,0,0,0,0,0,0,0,0,0,0,0,0,0,0,4220,2412,1808
193,131,15,10,5,7,5,2,3,2,1,13,9,4,24,15,9,27,18,9
193,183,11,7,4,10,5,5,10,3,7,16,4,12,22,5,17,25,8,17
193,215,61,23,38,59,21,38,64,21,43,63,21,42,63,21,42,62,21,41
193,66,324,189,135,429,249,180,534,309,225,779,458,321,1023,607,416,1279,765,514
193,64,449,241,208,362,189,173,303,151,152,361,191,170,390,200,190,463,208,255
193,118,1282,691,591,900,480,420,534,287,247,588,365,223,644,402,242,726,450,276
193,139,2802,1482,1320,2571,1341,1230,2708,1391,1317,2777,1407,1370,3108,1567,1541,4167,2090,2077
193,142,508,298,210,485,286,199,452,267,185,357,210,147,344,203,141,315,187,128
193,191,488,216,272,478,240,238,604,323,281,722,378,344,1153,599,554,1565,814,751
193,34,30,14,16,40,20,20,50,26,24,94,45,49,138,65,73,143,67,76
193,89,59,27,32,68,36,32,73,38,35,132,54,78,205,77,128,228,86,142
193,117,286,157,129,279,151,128,275,145,130,124,82,42,57,27,30,51,25,26
193,130,77,38,39,82,45,37,84,50,34,84,52,32,84,53,31,84,54,30
193,44,269,144,125,300,159,141,331,175,156,362,184,178,393,192,201,401,188,213
193,106,856,436,420,1146,550,596,1338,618,720,1799,819,980,1907,857,1050,2068,922,1146
193,161,257,124,133,149,71,78,83,35,48,668,273,395,1284,515,769,1305,526,779
193,194,0,0,0,3,3,0,8,5,3,17,7,10,36,16,20,35,15,20
193,55,39,12,27,55,15,40,71,19,52,104,27,77,167,46,121,174,49,125
193,103,3129,1368,1761,3065,1320,1745,2829,1217,1612,2317,1005,1312,1833,802,1031,1890,822,1068
193,107,282,108,174,326,128,198,370,150,220,534,255,279,687,349,338,322,129,193
193,211,292,147,145,707,341,366,1126,536,590,1160,539,621,1195,541,654,1213,535,678
193,18,31,19,12,34,18,16,37,18,19,36,18,18,34,17,17,35,16,19
193,31,18,10,8,346,185,161,674,360,314,1109,605,504,1497,823,674,4276,2282,1994
193,56,42,25,17,63,38,25,84,52,32,306,205,101,503,347,156,880,621,259
193,95,54,24,30,437,218,219,819,411,408,1012,517,495,1205,623,582,1683,905,778
193,162,1577,862,715,1348,728,620,1153,614,539,3029,1564,1465,5000,2553,2447,4820,2489,2331
193,169,106,42,64,158,82,76,202,111,91,3504,1749,1755,6628,3493,3135,22914,11862,11052
193,170,840,412,428,850,432,418,831,437,394,1110,593,517,1368,737,631,1394,747,647
193,187,10,5,5,240,122,118,537,273,264,603,312,291,676,354,322,820,440,380
193,59,1525,821,704,2136,1121,1015,2747,1421,1326,3645,1887,1758,4542,2353,2189,5893,3017,2876
193,73,502,321,181,579,370,209,655,419,236,1191,742,449,1727,1066,661,3052,1775,1277
193,96,105,63,42,130,79,51,154,95,59,224,132,92,294,169,125,443,257,186
193,101,499,246,253,1765,842,923,4000,1974,2026,6314,2713,3601,7588,2548,5040,7751,2539,5212
193,114,18,8,10,17,9,8,17,11,6,107,68,39,196,123,73,164,103,61
193,120,1450,835,615,935,538,397,732,421,311,745,439,306,658,383,275,557,319,238
193,153,1321,811,510,1403,826,577,1610,910,700,1841,1022,819,2684,1476,1208,6145,3339,2806
193,199,3990,2373,1617,4736,2802,1934,5079,2991,2088,5606,3225,2381,6763,3867,2896,9709,5473,4236
193,218,37827,16147,21680,44874,18838,26036,52676,21778,30898,64301,27726,36575,81162,36284,44878,91179,40082,51097
193,4,27103,14498,12605,26972,14286,12686,26841,14066,12775,28450,15018,13432,25929,13692,12237,20446,10778,9668
193,52,0,0,0,31,9,22,59,17,42,123,48,75,187,80,107,188,80,108
193,82,2392,665,1727,2235,641,1594,2077,616,1461,2010,660,1350,1942,703,1239,2072,767,1305
193,83,2586,1113,1473,1760,695,1065,963,270,693,1085,337,748,1207,405,802,1181,364,817
193,104,26557,3629,22928,23051,3449,19602,19545,3269,16276,25685,6351,19334,31824,9433,22391,31829,9034,22795
193,127,11,5,6,14,6,8,35,15,20,56,24,32,141,68,73,176,89,87
193,163,11027,4327,6700,12207,4834,7373,13884,5566,8318,15191,6369,8822,13976,6133,7843,15339,6365,8974
193,182,19,11,8,122,69,53,167,93,74,165,91,74,162,89,73,158,87,71
193,188,128,64,64,278,113,165,429,160,269,40,18,22,114,61,53,477,205,272
193,12,2271,1042,1229,2562,1198,1364,2853,1354,1499,3189,1473,1716,3524,1592,1932,4122,1875,2247
193,19,51265,27210,24055,47385,24276,23109,42133,20726,21407,41538,20814,20724,45008,22811,22197,60598,31132,29466
193,74,433748,198881,234867,447770,201230,246540,461791,203579,258212,306067,134888,171179,281430,120952,160478,304422,130268,174154
193,80,142457,82288,60169,133808,72506,61302,125158,62724,62434,111184,53862,57322,97210,45000,52210,100560,46550,54010
193,119,191,105,86,391,205,186,585,299,286,429,226,203,274,152,122,273,151,122
193,121,1911,981,930,2142,1061,1081,2397,1154,1243,2495,1201,1294,2621,1261,1360,4005,1955,2050
193,145,17357,9176,8181,17326,9023,8303,17910,9168,8742,18379,9058,9321,19544,9409,10135,24734,11974,12760
193,200,54716,28761,25955,47536,25323,22213,40529,22041,18488,46561,24422,22139,53499,25198,28301,62870,31922,30948
193,7,5,2,3,8,4,4,10,5,5,11,5,6,11,5,6,12,6,6
193,14,32,21,11,40,28,12,49,36,13,76,59,17,102,81,21,111,88,23
193,25,15,8,7,30,15,15,46,23,23,49,25,24,15,8,7,17,10,7
193,38,9,4,5,19,8,11,30,12,18,29,12,17,28,12,16,27,12,15
193,53,10703,5394,5309,8112,3922,4190,5521,2450,3071,5499,2459,3040,5024,2266,2758,4522,2040,2482
193,62,7354,4743,2611,8168,5198,2970,8982,5653,3329,7864,4884,2980,6691,4082,2609,7062,4307,2755
193,92,1297,824,473,1526,977,549,1755,1131,624,2070,1341,729,2384,1550,834,2684,1749,935
193,164,4542,2151,2391,4168,1976,2192,3806,1807,1999,3281,1556,1725,2344,1099,1245,1816,847,969
193,50,1829,1038,791,1392,798,594,1650,932,718,1081,605,476,2130,1194,936,2216,1237,979
193,65,855,498,357,664,384,280,473,271,202,493,281,212,512,291,221,534,304,230
193,88,944,406,538,889,438,451,833,469,364,991,593,398,1148,717,431,1320,831,489
193,94,371,217,154,381,217,164,391,218,173,383,215,168,374,212,162,385,220,165
193,133,24620,13473,11147,22491,12178,10313,21334,11468,9866,19878,10577,9301,20727,10928,9799,26909,14219,12690
193,148,557,317,240,442,250,192,415,234,181,400,224,176,427,241,186,460,261,199
193,157,2506,1579,927,2432,1525,907,2512,1561,951,2766,1715,1051,3152,1966,1186,3702,2305,1397
193,8,229535,101638,127897,179945,79509,100436,130356,57382,72974,107663,46867,60796,84969,36351,48618,98050,41914,56136
193,24,1644,822,822,1651,822,829,1641,814,827,6059,3190,2869,10463,5558,4905,12181,6470,5711
193,28,59188,32204,26984,51448,27897,23551,43708,23590,20118,37357,20296,17061,30469,16690,13779,36691,20098,16593
193,42,9710,5190,4520,9179,4831,4348,8648,4472,4176,7012,4058,2954,5376,3645,1731,8834,5178,3656
193,46,5631,3108,2523,5620,3068,2552,5608,3027,2581,5428,2931,2497,6188,3379,2809,6629,3649,2980
193,63,2013,1048,965,2556,1313,1243,3099,1579,1520,3658,1902,1756,5138,2608,2530,7473,3767,3706
193,159,1114,639,475,1057,611,446,998,578,420,950,550,400,905,524,381,883,511,372
193,160,3631,1930,1701,3168,1666,1502,3702,1955,1747,4331,2297,2034,4695,2501,2194,5075,2713,2362
193,222,34478,16611,17867,29447,13758,15689,24303,11133,13170,20051,8789,11262,16053,6765,9288,13224,5494,7730
193,225,109078,59040,50038,92458,49441,43017,77650,40970,36680,75453,40372,35081,73179,39682,33497,74582,39979,34603
193,22,94,65,29,102,73,29,109,80,29,119,78,41,129,76,53,130,77,53
193,37,10713,5216,5497,10509,5093,5416,10554,5091,5463,9876,4961,4915,9792,5144,4648,10943,5745,5198
193,220,76415,22953,53462,78041,22968,55073,82858,24096,58762,83831,24663,59168,85832,24207,61625,94364,26415,67949
193,11,15097,8181,6916,15025,8114,6911,14160,7440,6720,14310,7400,6910,14910,7560,7350,18061,9126,8935
193,146,94,51,43,109,59,50,124,66,58,132,71,61,140,75,65,147,79,68
193,76,72,55,17,79,60,19,85,64,21,88,67,21,85,65,20,80,61,19
193,68,0,0,0,0,0,0,0,0,0,0,0,0,164,104,60,152,96,56
193,54,0,0,0,0,0,0,0,0,0,0,0,0,19,7,12,20,7,13
194,131,9,2,7,19,5,14,42,9,33,496,103,393,979,223,756,1126,299,827
194,183,316,179,137,391,246,145,467,314,153,500,343,157,534,372,162,600,428,172
194,64,249,151,98,199,117,82,164,91,73,195,113,82,210,118,92,249,126,123
194,118,710,432,278,486,284,202,270,144,126,297,184,113,326,203,123,367,227,140
194,27,398,211,187,480,252,228,613,321,292,1029,533,496,1449,747,702,1925,983,942
194,191,963,399,564,600,277,323,409,221,188,489,259,230,781,410,371,1059,557,502
194,81,15,8,7,15,9,6,17,9,8,24,13,11,17,9,8,20,11,9
194,43,3026,820,2206,3470,1038,2432,3915,1256,2659,4319,1695,2624,4723,2133,2590,5435,2591,2844
194,44,524,208,316,585,230,355,646,252,394,705,254,451,766,256,510,782,241,541
194,57,120,24,96,126,28,98,132,33,99,136,39,97,139,45,94,153,50,103
194,106,1206,614,592,2832,1359,1473,5655,2613,3042,8580,3909,4671,9097,4092,5005,9240,4122,5118
194,166,60,46,14,1258,936,322,2858,2145,713,7933,7381,552,16153,15508,645,25605,24472,1133
194,30,676,251,425,916,346,570,1156,442,714,1182,456,726,1208,470,738,1234,484,750
194,35,22,16,6,58,42,16,93,67,26,73,53,20,52,38,14,47,35,12
194,124,1194,777,417,1366,891,475,1682,1089,593,3758,2481,1277,6355,4253,2102,6634,4498,2136
194,161,43,28,15,85,66,19,151,122,29,156,126,30,170,137,33,172,139,33
194,185,5788,2649,3139,5078,2334,2744,4860,2196,2664,6850,3025,3825,9222,4016,5206,10730,4664,6066
194,203,3781,2029,1752,6348,3306,3042,10226,5191,5035,8375,4199,4176,7126,3596,3530,5597,2841,2756
194,226,46,24,22,114,62,52,278,159,119,151,91,60,101,60,41,79,47,32
194,23,15,8,7,18,10,8,21,12,9,26,14,12,31,16,15,33,18,15
194,97,281720,143161,138559,235785,119180,116605,189850,95199,94651,175411,87758,87653,160971,80316,80655,155195,77339,77856
194,125,4289,2359,1930,6212,3104,3108,7720,4251,3469,6929,3996,2933,7770,5068,2702,9448,6640,2808
194,144,78,44,34,98,10,88,87,20,67,76,14,62,41,17,24,46,20,26
194,155,889,464,425,413,219,194,569,308,261,384,210,174,663,346,317,578,286,292
194,15,5863,1544,4319,5119,1791,3328,4391,2002,2389,6038,3073,2965,9019,4832,4187,9841,5204,4637
194,55,2457,558,1899,3474,680,2794,4491,803,3688,6573,1141,5432,10539,1946,8593,11001,2119,8882
194,107,11062,131,10931,13104,755,12349,15147,1435,13712,21878,4476,17402,28134,7018,21116,13175,1123,12052
194,111,36364,3636,32728,23883,5147,18736,20680,8871,11809,20373,9505,10868,25148,12643,12505,36556,15875,20681
194,115,5054,60,4994,5965,45,5920,6876,31,6845,5382,242,5140,3887,452,3435,3271,1572,1699
194,154,13996,4573,9423,14591,4929,9662,11085,4952,6133,9913,4482,5431,10342,4982,5360,38377,21477,16900
194,165,932,600,332,1033,701,332,980,698,282,12231,7940,4291,33403,23938,9465,54731,40243,14488
194,180,200579,133422,67157,205566,137099,68467,211212,141163,70049,260909,179368,81541,338283,238095,100188,400734,271995,128739
194,211,18,17,1,21,18,3,36,30,6,37,31,6,67,49,18,52,40,12
194,217,44420,11353,33067,43576,16689,26887,45240,22665,22575,49194,26078,23116,101145,57885,43260,113788,64583,49205
194,31,2,2,0,4,3,1,5,4,1,7,5,2,9,6,3,9,7,2
194,56,8,6,2,12,9,3,15,11,4,58,41,17,97,70,27,130,103,27
194,95,47,28,19,42,25,17,36,21,15,44,26,18,52,31,21,62,39,23
194,162,35,24,11,30,21,9,26,18,8,56,30,26,89,43,46,86,43,43
194,170,1020,501,519,941,525,416,829,530,299,709,432,277,576,325,251,588,330,258
194,59,5014,2923,2091,6510,3490,3020,8005,4057,3948,8033,4019,4014,8060,3981,4079,8258,4082,4176
194,73,159,73,86,232,122,110,304,170,134,514,290,224,723,410,313,1158,614,544
194,96,83,26,57,93,30,63,102,34,68,134,48,86,165,61,104,167,64,103
194,101,46,27,19,127,73,54,278,163,115,278,169,109,233,135,98,238,137,101
194,114,31,13,18,21,12,9,12,11,1,26,19,7,40,27,13,33,22,11
194,153,4707,3273,1434,6122,3773,2349,7295,3966,3329,8235,4285,3950,8751,4591,4160,9275,4815,4460
194,199,4599,2040,2559,5458,2398,3060,5854,2550,3304,6228,2698,3530,6722,2948,3774,7115,3153,3962
194,218,38424,20798,17626,51624,28679,22945,65693,36983,28710,90900,49356,41544,123509,66150,57359,138752,73446,65306
194,83,1344,744,600,1069,511,558,811,275,536,860,313,547,908,350,558,889,320,569
194,104,19974,11738,8236,30976,16657,14319,41977,21576,20401,63528,35011,28517,85078,48445,36633,85093,47798,37295
194,127,9,5,4,11,6,5,13,8,5,17,9,8,16,9,7,20,12,8
194,163,3,2,1,7,5,2,12,7,5,19,12,7,23,14,9,26,15,11
194,193,45,24,21,69,38,31,838,492,346,403,234,169,565,351,214,628,389,239
194,12,540,294,246,610,337,273,679,379,300,759,416,343,839,453,386,981,533,448
194,19,124,57,67,124,57,67,120,55,65,255,133,122,623,368,255,1368,807,561
194,74,33041,18074,14967,34109,18398,15711,35177,18722,16455,34159,17759,16400,44249,22995,21254,47864,24799,23065
194,80,38618,28423,10195,43756,28020,15736,48894,27617,21277,47027,25528,21499,45160,23439,21721,46716,24246,22470
194,145,4699,2660,2039,6813,3790,3023,9156,5039,4117,10249,5307,4942,9987,5177,4810,10461,5337,5124
194,200,18837,11383,7454,20205,11874,8331,21648,12433,9215,28476,15329,13147,35858,17287,18571,42139,21831,20308
194,14,24,13,11,16,8,8,9,5,4,23,13,10,36,20,16,39,22,17
194,50,1,1,0,1,1,0,1,1,0,1,1,0,1,1,0,1,1,0
194,8,6,6,0,6,6,0,6,6,0,4,4,0,2,2,0,2,2,0
194,24,0,0,0,3,2,1,5,3,2,4,3,1,2,2,0,2,2,0
194,42,6,1,5,7,2,5,7,3,4,6,3,3,4,2,2,7,1,6
194,37,24410,11884,12526,56926,27513,29413,90795,43801,46994,107923,53033,54890,131534,65598,65936,146998,73265,73733
194,220,14022,7906,6116,19249,10926,8323,25263,14419,10844,32536,16257,16279,40208,19744,20464,48074,23535,24539
194,11,46660,23966,22694,52524,26666,25858,58220,29600,28620,70620,36040,34580,96490,49850,46640,112120,57663,54457
194,147,2298,1205,1093,3913,1990,1923,6001,2917,3084,6940,3369,3571,8516,4126,4390,9956,4815,5141
194,158,118,73,45,120,81,39,89,68,21,93,73,20,78,62,16,79,64,15
194,143,0,0,0,0,0,0,0,0,0,0,0,0,0,0,0,115,83,32
194,68,0,0,0,0,0,0,0,0,0,0,0,0,9,7,2,8,6,2
194,28,0,0,0,0,0,0,0,0,0,0,0,0,40,40,0,48,48,0
195,2,36004,19020,16984,33836,18261,15575,31667,17501,14166,44616,24664,19952,57565,31827,25738,56961,31493,25468
195,64,53328,27145,26183,52935,27402,25533,56745,29840,26905,117556,69005,48551,126871,72477,54394,150486,77511,72975
195,118,152266,77914,74352,179924,106089,73835,210540,137755,72785,231990,166106,65884,253786,182543,71243,286136,204708,81428
195,210,589,293,296,627,316,311,727,373,354,662,342,320,414,215,199,553,288,265
195,191,97,6,91,60,8,52,41,10,31,48,11,37,81,19,62,99,24,75
195,130,135,60,75,144,72,72,148,82,66,149,85,64,160,93,67,161,95,66
195,203,0,0,0,1,1,0,3,1,2,8,4,4,14,7,7,9,5,4
195,15,1531,1095,436,1684,1185,499,1843,1273,570,2795,1899,896,4364,2945,1419,4671,3130,1541
195,55,90,54,36,128,75,53,165,95,70,241,138,103,387,224,163,404,236,168
195,100,14347,9515,4832,73847,42738,31109,94124,64522,29602,29507,20228,9279,12956,9125,3831,12051,6749,5302
195,107,851880,403331,448549,1140038,540174,599864,1428251,676212,752039,1611803,774698,837105,1760396,837066,923330,2142755,1074822,1067933
195,111,9497,5750,3747,7610,4849,2761,8681,5863,2818,9376,6184,3192,12410,8087,4323,14253,8605,5648
195,115,389171,184258,204913,428088,202684,225404,467005,221110,245895,498778,240311,258467,530550,259511,271039,515550,247733,267817
195,165,7574,4875,2699,8393,5686,2707,7961,5664,2297,5408,3764,1644,7243,5805,1438,5595,4558,1037
195,201,244707,125212,119495,289464,145829,143635,294205,147335,146870,192753,97789,94964,254356,130143,124213,238809,124193,114616
195,211,768,480,288,432,361,71,748,606,142,721,595,126,793,640,153,740,609,131
195,217,11602,8260,3342,14868,10650,4218,18990,13603,5387,22830,15788,7042,48946,34277,14669,54006,37642,16364
195,229,2562,1422,1140,3353,1880,1473,2794,1503,1291,3392,1835,1557,3792,1990,1802,3757,1926,1831
195,31,3,3,0,2,2,0,1,1,0,1,1,0,0,0,0,6,6,0
195,56,19,17,2,28,25,3,37,33,4,75,66,9,106,94,12,91,73,18
195,95,93,76,17,83,67,16,72,58,14,89,72,17,105,85,20,69,48,21
195,169,7,4,3,12,8,4,18,12,6,22,15,7,25,17,8,40,38,2
195,170,1808,887,921,1556,929,627,1248,937,311,911,736,175,556,519,37,566,528,38
195,187,6,5,1,13,12,1,24,21,3,27,23,4,30,26,4,38,32,6
195,216,1828,1708,120,1768,1656,112,1731,1624,107,1581,1484,97,1508,1416,92,1513,1421,92
195,59,54,44,10,27,22,5,0,0,0,0,0,0,0,0,0,0,0,0
195,73,0,0,0,0,0,0,0,0,0,15,11,4,30,23,7,57,40,17
195,101,13,9,4,36,25,11,79,55,24,79,56,23,66,45,21,67,45,22
195,114,0,0,0,0,0,0,0,0,0,0,0,0,1,1,0,0,0,0
195,153,0,0,0,0,0,0,49,32,17,685,462,223,2668,1747,921,3342,2007,1335
195,199,799,497,302,949,587,362,1018,627,391,2145,1351,794,3444,2084,1360,5269,3100,2169
195,52,0,0,0,0,0,0,0,0,0,22,20,2,43,40,3,43,40,3
195,83,389,216,173,387,252,135,392,291,101,708,615,93,1023,939,84,1001,915,86
195,104,55,19,36,214,129,85,373,239,134,382,262,120,391,286,105,391,284,107
195,127,12,10,2,15,12,3,19,16,3,23,18,5,50,42,8,62,53,9
195,182,9,9,0,58,55,3,80,75,5,79,74,5,78,73,5,76,72,4
195,12,152,108,44,172,123,49,191,137,54,214,152,62,237,167,70,277,196,81
195,19,13,9,4,13,9,4,12,8,4,135,88,47,336,208,128,585,346,239
195,74,850,514,336,877,524,353,904,534,370,865,546,319,918,534,384,993,576,417
195,200,275,194,81,196,137,59,119,80,39,136,90,46,157,98,59,184,120,64
195,62,188,93,95,209,101,108,230,109,121,124,60,64,18,11,7,19,12,7
195,65,75,26,49,58,20,38,41,14,27,43,15,28,44,15,29,46,16,30
195,88,30,13,17,30,13,17,29,12,17,35,13,22,40,13,27,46,15,31
195,94,116,64,52,115,62,53,114,60,54,112,59,53,110,59,51,113,61,52
195,133,2,0,2,6,3,3,11,5,6,18,9,9,28,13,15,38,20,18
195,157,56,41,15,80,59,21,111,82,29,124,89,35,143,99,44,167,115,52
195,24,0,0,0,0,0,0,0,0,0,6,4,2,11,8,3,13,10,3
195,42,390,214,176,540,292,248,689,370,319,559,333,226,429,296,133,703,422,281
195,63,33,16,17,37,18,19,41,20,21,48,24,24,67,33,34,97,48,49
195,225,425,275,150,419,271,148,410,265,145,431,279,152,454,294,160,481,310,171
195,37,5397,2627,2770,5420,2626,2794,5572,2689,2883,6362,3353,3009,7534,4227,3307,8420,4722,3698
195,220,21070,10307,10763,22607,11141,11466,25070,12467,12603,27207,13596,13611,29679,14576,15103,36221,17735,18486
195,11,2753,1618,1135,3005,1732,1273,3080,1750,1330,3260,1850,1410,3070,1730,1340,3154,1790,1364
195,68,0,0,0,0,0,0,0,0,0,0,0,0,1,1,0,1,1,0
196,67,131,69,62,155,85,70,180,102,78,192,117,75,205,133,72,208,136,72
196,69,53857,28308,25549,33008,18214,14794,18417,11608,6809,15491,8957,6534,17102,8963,8139,24539,12512,12027
196,109,814,467,347,7568,4006,3562,11374,5871,5503,8766,4676,4090,7459,3808,3651,7614,3900,3714
196,192,0,0,0,0,0,0,0,0,0,0,0,0,0,0,0,552391,272127,280264
196,215,126304,62080,64224,273062,135023,138039,360660,180447,180213,360477,179868,180609,166124,82365,83759,164136,81203,82933
196,39,22094,11480,10614,27015,14332,12683,29587,15931,13656,22623,12194,10429,22388,12075,10313,19546,10480,9066
196,40,9529,5144,4385,19071,10278,8793,28613,15412,13201,247525,112293,135232,293127,131316,161811,363465,167430,196035
196,58,15895,7651,8244,15271,7553,7718,16643,8163,8480,16643,8163,8480,626,309,317,5621,691,4930
196,2,9127,5143,3984,5362,3009,2353,1597,875,722,2250,1233,1017,2903,1591,1312,2873,1575,1298
196,64,15184,8284,6900,11817,6442,5375,9388,5112,4276,24677,14906,9771,26632,15685,10947,31589,16902,14687
196,118,38599,21153,17446,24407,13791,10616,10616,6906,3710,11697,8338,3359,12797,9164,3633,14428,10276,4152
196,142,294,130,164,281,126,155,262,117,145,207,92,115,199,89,110,182,82,100
196,191,2619,1225,1394,1633,834,799,1188,694,494,1503,823,680,2348,1290,1058,3109,1710,1399
196,81,18,14,4,18,15,3,20,16,4,28,23,5,21,16,5,25,19,6
196,149,337,152,185,418,180,238,504,211,293,513,215,298,522,219,303,529,221,308
196,161,17,15,2,17,15,2,23,20,3,41,36,5,61,53,8,62,54,8
196,203,0,0,0,0,0,0,1,0,1,0,0,0,1,1,0,1,1,0
196,15,4235,2646,1589,4760,2984,1776,5299,3308,1991,6869,4337,2532,9955,6329,3626,7522,4741,2781
196,55,129,66,63,183,90,93,236,114,122,346,166,180,554,270,284,579,285,294
196,100,2924,2522,402,3447,2856,591,3267,2569,698,3745,3170,575,3782,3236,546,3792,3329,463
196,107,1891,1468,423,2309,1612,697,2727,1761,966,3939,2713,1226,5066,3579,1487,2372,1523,849
196,111,29503,14174,15329,24089,12991,11098,28031,16978,11053,30751,18635,12116,41140,25088,16052,45525,25316,20209
196,115,864,671,193,1051,713,338,1238,755,483,969,606,363,700,458,242,589,283,306
196,154,4910,2847,2063,8625,5124,3501,9917,6342,3575,7816,4856,2960,6978,4288,2690,15775,9803,5972
196,165,3178,2318,860,3452,2573,879,3213,2450,763,9065,6549,2516,22272,17319,4953,18583,14723,3860
196,180,178769,118914,59855,183214,122191,61023,188246,125814,62432,232539,159864,72675,301500,212206,89294,364304,248162,116142
196,201,0,0,0,48,24,24,91,46,45,221,113,108,539,275,264,562,287,275
196,211,63,50,13,132,100,32,212,160,52,224,167,57,353,243,110,400,267,133
196,217,32088,19917,12171,42130,27159,14971,54597,35785,18812,55931,36147,19784,111835,74302,37533,86981,57467,29514
196,229,18648,10342,8306,19777,11574,8203,20102,10796,9306,21494,11348,10146,23170,12027,11143,27082,13813,13269
196,31,12,11,1,17,15,2,21,18,3,29,24,5,35,29,6,38,32,6
196,56,16,12,4,25,19,6,33,25,8,49,40,9,61,52,9,64,55,9
196,95,72,63,9,95,77,18,117,90,27,145,112,33,173,135,38,163,128,35
196,162,88,73,15,75,63,12,64,53,11,89,73,16,117,94,23,113,92,21
196,170,588,289,299,483,303,180,361,305,56,310,270,40,254,229,25,258,233,25
196,59,74,58,16,140,102,38,206,146,60,440,276,164,673,405,268,713,422,291
196,73,0,0,0,0,0,0,0,0,0,0,0,0,0,0,0,1097,563,534
196,101,113,73,40,314,198,116,687,440,247,688,456,232,576,367,209,588,372,216
196,114,1,1,0,1,1,0,2,2,0,1,1,0,1,1,0,0,0,0
196,153,68,48,20,138,99,39,341,225,116,665,394,271,1069,619,450,3125,1881,1244
196,199,557,314,243,662,372,290,710,396,314,1041,602,439,1766,980,786,3379,1848,1531
196,218,1489,984,505,5854,3323,2531,10319,5711,4608,13407,7613,5794,17588,10191,7397,19758,11337,8421
196,52,0,0,0,0,0,0,0,0,0,33,24,9,66,49,17,66,49,17
196,83,1141,959,182,1262,839,423,1404,726,678,1650,933,717,1896,1141,755,1855,1086,769
196,104,47,17,30,430,281,149,813,545,268,1864,1407,457,2914,2268,646,2914,2256,658
196,127,8,7,1,10,8,2,12,10,2,16,12,4,218,199,19,273,251,22
196,188,4,2,2,8,4,4,14,7,7,13,8,5,14,11,3,22,16,6
196,193,36,26,10,55,39,16,665,485,180,320,232,88,396,285,111,389,271,118
196,12,350,258,92,395,293,102,440,328,112,492,363,129,543,398,145,635,466,169
196,19,110,63,47,110,63,47,106,60,46,215,132,83,405,260,145,695,433,262
196,74,1132,712,420,1169,728,441,1205,743,462,2075,1357,718,2966,1806,1160,3208,1949,1259
196,145,1725,1306,419,2540,1910,630,3441,2576,865,5811,4068,1743,4448,2955,1493,4422,2854,1568
196,200,426,271,155,554,345,209,686,421,265,812,479,333,954,515,439,1121,641,480
196,50,1,1,0,1,1,0,1,1,0,1,1,0,1,1,0,1,1,0
196,8,18,18,0,18,18,0,18,18,0,13,13,0,8,8,0,8,8,0
196,24,0,0,0,0,0,0,0,0,0,1,1,0,2,2,0,2,2,0
196,42,5,3,2,5,2,3,4,0,4,3,0,3,2,1,1,5,3,2
196,37,1324,644,680,4312,2082,2230,7403,3571,3832,10205,5262,4943,13620,7282,6338,15221,8133,7088
196,220,4423,2606,1817,11864,7046,4818,19790,11789,8001,29646,14813,14833,39867,17547,22320,42306,18552,23754
196,11,1218,638,580,2734,1438,1296,4090,2160,1930,18600,10360,8240,25460,13570,11890,23989,12283,11706
196,68,0,0,0,0,0,0,0,0,0,0,0,0,4,3,1,4,3,1
196,28,0,0,0,0,0,0,0,0,0,0,0,0,37,37,0,45,45,0
197,161,28,15,13,69,35,34,131,66,65,124,62,62,123,60,63,125,62,63
197,55,1,0,1,2,0,2,2,0,2,3,0,3,5,0,5,5,0,5
197,31,0,0,0,0,0,0,0,0,0,1,1,0,1,1,0,0,0,0
197,56,0,0,0,1,1,0,1,1,0,4,3,1,7,5,2,8,3,5
197,59,20,12,8,23,13,10,26,15,11,28,15,13,29,15,14,30,15,15
197,73,0,0,0,2,1,1,3,2,1,3,2,1,3,3,0,1,1,0
197,96,0,0,0,0,0,0,0,0,0,0,0,0,0,0,0,0,0,0
197,101,2,1,1,6,2,4,14,5,9,14,5,9,12,4,8,12,4,8
197,153,10,6,4,9,4,5,17,7,10,21,9,12,39,16,23,39,16,23
197,199,16,8,8,19,9,10,21,10,11,27,12,15,32,12,20,38,16,22
197,218,36,21,15,144,64,80,255,108,147,326,129,197,425,162,263,476,177,299
197,83,2,2,0,2,2,0,2,1,1,6,2,4,9,2,7,9,2,7
197,104,12,4,8,17,5,12,21,6,15,36,12,24,50,18,32,50,17,33
197,193,11,3,8,18,6,12,222,89,133,107,42,65,196,75,121,209,84,125
197,12,11,6,5,13,7,6,14,8,6,16,9,7,17,9,8,20,11,9
197,19,61,18,43,61,18,43,59,18,41,101,38,63,247,114,133,869,475,394
197,74,267,117,150,276,118,158,284,119,165,22274,10785,11489,22541,9185,13356,24383,9889,14494
197,145,156211,75404,80807,167083,79029,88054,183613,85195,98418,189945,86761,103184,187312,84284,103028,186783,83712,103071
197,200,67,20,47,71,27,44,76,34,42,83,34,49,92,30,62,108,41,67
197,7,9,4,5,23,10,13,37,17,20,40,18,22,42,19,23,45,21,24
197,10,721,379,342,997,498,499,1273,618,655,1285,614,671,1271,597,674,1337,628,709
197,17,0,0,0,0,0,0,0,0,0,33,8,25,45,11,34,47,12,35
197,25,2005,942,1063,2167,982,1185,2305,1018,1287,2456,1085,1371,366,141,225,416,160,256
197,61,7,4,3,9,5,4,11,6,5,13,8,5,16,10,6,19,12,7
197,62,103,37,66,115,40,75,126,42,84,76,29,47,26,16,10,27,16,11
197,86,3,2,1,14,5,9,24,8,16,30,12,18,36,17,19,37,17,20
197,174,18,7,11,24,10,14,33,14,19,38,17,21,40,17,23,42,18,24
197,186,0,0,0,0,0,0,0,0,0,250,115,135,500,229,271,521,238,283
197,50,13,7,6,11,6,5,15,8,7,10,5,5,20,11,9,21,12,9
197,8,11,1,10,11,1,10,11,1,10,8,0,8,5,0,5,5,0,5
197,24,1,1,0,1,1,0,1,1,0,1,1,0,0,0,0,0,0,0
197,28,120,51,69,177,104,73,233,156,77,253,157,96,270,157,113,325,189,136
197,42,8,2,6,5,1,4,2,1,1,2,1,1,2,1,1,5,3,2
197,75,15289,8160,7129,15381,7905,7476,15472,7650,7822,20487,9793,10694,25501,11935,13566,30785,14211,16574
197,91,1047,525,522,1681,832,849,2314,1138,1176,3117,1549,1568,3920,1960,1960,4595,2297,2298
197,225,106,49,57,80,38,42,61,29,32,54,26,28,48,23,25,46,23,23
197,37,513,249,264,664,321,343,831,401,430,835,406,429,889,437,452,994,489,505
197,220,2860,1403,1457,4134,2047,2087,5579,2782,2797,9656,4839,4817,13853,6120,7733,13338,5871,7467
197,11,68,31,37,76,32,44,80,30,50,100,70,30,100,40,60,158,73,85
197,68,0,0,0,0,0,0,0,0,0,0,0,0,1,1,0,1,1,0
197,54,0,0,0,0,0,0,0,0,0,0,0,0,1722,746,976,1871,813,1058
198,219,51,34,17,69,47,22,74,50,24,83,57,26,86,59,27,88,28,60
198,27,108,62,46,174,108,66,259,167,92,391,251,140,524,335,189,696,442,254
198,116,51,24,27,44,21,23,36,17,19,36,17,19,36,17,19,36,17,19
198,142,290,130,160,277,125,152,259,118,141,204,92,112,196,89,107,179,82,97
198,191,34114,25065,9049,28635,19006,9629,31276,17758,13518,37439,21095,16344,59752,33463,26289,91232,51142,40090
198,211,18,7,11,44,16,28,71,25,46,73,25,48,75,25,50,76,25,51
198,31,1,0,1,2,0,2,2,0,2,3,0,3,3,0,3,3,0,3
198,56,0,0,0,1,0,1,1,0,1,1,0,1,0,0,0,0,0,0
198,59,37,23,14,39,23,16,40,23,17,44,26,18,47,28,19,49,32,17
198,73,3,1,2,5,2,3,6,3,3,8,4,4,10,5,5,17,9,8
198,101,4,2,2,11,4,7,25,10,15,25,11,14,21,9,12,21,9,12
198,199,12,5,7,14,5,9,16,6,10,18,7,11,25,14,11,29,14,15
198,218,118,72,46,469,233,236,828,397,431,1080,489,591,1421,626,795,1596,692,904
198,83,6,3,3,9,3,6,13,3,10,18,10,8,22,16,6,22,16,6
198,104,1,0,1,5,1,4,8,1,7,22,7,15,36,14,22,36,14,22
198,163,48,21,27,103,46,57,164,74,90,368,206,162,511,303,208,560,323,237
198,12,13,5,8,15,6,9,17,7,10,19,7,12,20,7,13,23,8,15
198,74,8,3,5,9,3,6,9,3,6,26,10,16,19,5,14,21,6,15
198,145,36,19,17,52,26,26,72,34,38,88,38,50,76,32,44,83,34,49
198,200,44,16,28,58,23,35,74,30,44,81,31,50,90,28,62,105,38,67
198,14,0,0,0,0,0,0,0,0,0,6,3,3,11,5,6,12,5,7
198,50,1,0,1,1,1,0,1,1,0,1,1,0,1,1,0,1,1,0
198,42,2,1,1,2,1,1,2,1,1,2,1,1,2,1,1,5,3,2
198,37,101,50,51,131,64,67,164,80,84,235,90,145,321,107,214,359,120,239
198,11,117,48,69,178,86,92,230,120,110,260,120,140,350,170,180,422,200,222
199,39,10,5,5,15,8,7,18,9,9,14,7,7,14,7,7,12,6,6
199,64,358,204,154,297,166,131,259,140,119,308,175,133,332,183,149,394,194,200
199,118,1021,585,436,779,452,327,551,334,217,607,411,196,664,452,212,748,506,242
199,27,129,80,49,124,76,48,133,82,51,254,155,99,376,229,147,500,303,197
199,142,149,68,81,142,66,76,133,61,72,105,48,57,101,47,54,92,43,49
199,191,116,66,50,95,55,40,101,58,43,120,68,52,192,108,84,247,140,107
199,117,1120,588,532,1094,563,531,1075,539,536,488,315,173,225,101,124,58,28,30
199,106,586,299,287,860,413,447,1158,535,623,1465,667,798,1553,698,855,1736,774,962
199,161,99,71,28,96,67,29,121,82,39,350,238,112,596,402,194,605,409,196
199,203,249,179,70,416,295,121,670,469,201,634,424,210,645,415,230,640,397,243
199,23,11,6,5,13,8,5,14,8,6,18,10,8,22,12,10,23,13,10
199,125,11,6,5,24,12,12,36,19,17,26,15,11,24,16,8,29,20,9
199,194,29,18,11,39,26,13,51,34,17,76,46,30,127,78,49,126,77,49
199,55,227,84,143,321,110,211,415,137,278,607,197,410,973,325,648,1016,346,670
199,103,1178,488,690,1149,466,683,1056,426,630,856,345,511,667,267,400,688,273,415
199,107,82,39,43,96,43,53,109,46,63,158,79,79,203,107,96,95,40,55
199,211,1291,638,653,3124,1476,1648,4969,2317,2652,5120,2326,2794,5276,2332,2944,5355,2299,3056
199,18,190,122,68,271,152,119,352,183,169,338,176,162,324,169,155,340,177,163
199,31,15,9,6,37,22,15,58,34,24,89,53,36,117,71,46,230,121,109
199,56,52,34,18,78,52,26,104,70,34,236,173,63,348,264,84,459,325,134
199,95,262,116,146,653,309,344,1043,502,541,1289,633,656,1534,763,771,1619,837,782
199,162,998,527,471,853,445,408,729,375,354,1025,575,450,1355,791,564,1307,770,537
199,169,177,71,106,134,64,70,85,49,36,118,62,56,146,78,68,81,42,39
199,170,340,167,173,338,176,162,324,177,147,399,213,186,467,245,222,475,247,228
199,187,8,3,5,76,41,35,167,92,75,188,105,83,211,119,92,256,147,109
199,59,15641,6260,9381,17707,7301,10406,19772,8341,11431,20693,8746,11947,21613,9151,12462,22609,9726,12883
199,68,90,51,39,139,79,60,188,108,80,321,208,113,451,305,146,419,283,136
199,70,56,33,23,39,23,16,59,33,26,58,33,25,68,41,27,76,45,31
199,73,26043,12932,13111,24814,12802,12012,23584,12672,10912,28099,14827,13272,32614,16982,15632,41265,20282,20983
199,96,1012,463,549,1280,600,680,1547,736,811,1716,821,895,1885,906,979,1939,945,994
199,101,145,71,74,515,245,270,1168,575,593,1633,684,949,1829,560,1269,1868,556,1312
199,114,128,89,39,167,113,54,206,137,69,331,223,108,449,302,147,376,252,124
199,120,478,314,164,308,202,106,241,158,83,293,178,115,307,168,139,260,139,121
199,153,20429,9183,11246,23219,10416,12803,33401,15658,17743,33148,15891,17257,41781,20867,20914,49216,24952,24264
199,218,10818,3652,7166,16159,5543,10616,21773,7501,14272,25452,9274,16178,31204,11958,19246,35055,13143,21912
199,4,54,29,25,52,28,24,49,26,23,55,29,26,53,28,25,46,46,0
199,52,279,101,178,276,102,174,244,95,149,434,195,239,624,295,329,628,296,332
199,83,3364,1202,2162,4336,1746,2590,5380,2272,3108,5459,2268,3191,5538,2264,3274,5419,2083,3336
199,104,5968,1213,4755,5003,1118,3885,4038,1023,3015,5224,1562,3662,6410,2101,4309,6411,2024,4387
199,127,28,15,13,33,17,16,83,44,39,131,68,63,433,247,186,543,321,222
199,163,216,98,118,466,211,255,736,333,403,787,358,429,709,325,384,778,338,440
199,182,146,77,69,929,481,448,1264,642,622,1247,626,621,1219,611,608,1191,596,595
199,188,248,134,114,225,115,110,203,95,108,362,179,183,421,206,215,353,188,165
199,193,5755,2382,3373,7207,3095,4112,11761,5252,6509,14768,6636,8132,18133,8101,10032,19056,8893,10163
199,12,1956,814,1142,2207,940,1267,2457,1065,1392,2747,1154,1593,3036,1242,1794,3551,1465,2086
199,19,1812,961,851,3084,1521,1563,4267,2043,2224,4194,1969,2225,4404,2026,2378,4746,2187,2559
199,74,10606,3496,7110,10949,3486,7463,11292,3476,7816,9125,3132,5993,9301,2735,6566,10061,2935,7126
199,80,13195,5443,7752,15721,6585,9136,18246,7726,10520,18785,7942,10843,19324,8158,11166,19990,8439,11551
199,119,22,11,11,23,11,12,24,11,13,23,10,13,24,9,15,26,9,17
199,121,456,224,232,707,329,378,967,439,528,1152,523,629,1350,612,738,2064,952,1112
199,145,2144,930,1214,2770,1170,1600,3492,1444,2048,3683,1483,2200,4088,1686,2402,4447,1820,2627
199,200,6101,2621,3480,6515,3036,3479,6953,3472,3481,7741,3657,4084,8681,3531,5150,10201,4570,5631
199,14,11,4,7,21,8,13,32,14,18,30,14,16,27,13,14,29,14,15
199,62,369,85,284,410,87,323,451,89,362,261,65,196,70,41,29,74,43,31
199,50,97,59,38,80,47,33,104,58,46,68,37,31,135,75,60,140,77,63
199,65,33,17,16,29,16,13,25,15,10,30,19,11,34,22,12,35,23,12
199,88,27,8,19,29,13,16,30,17,13,36,23,13,41,29,12,47,33,14
199,94,23,12,11,23,12,11,23,12,11,23,12,11,22,12,10,23,13,10
199,133,324,162,162,466,221,245,629,290,339,493,243,250,415,224,191,412,222,190
199,148,55,23,32,44,18,26,36,18,18,29,17,12,31,19,12,33,21,12
199,157,27,18,9,37,25,12,51,34,17,113,82,31,181,133,48,212,155,57
199,8,566,321,245,497,266,231,428,211,217,316,158,158,203,105,98,204,106,98
199,24,200,90,110,177,83,94,152,75,77,202,101,101,252,128,124,293,149,144
199,28,457,331,126,587,390,197,716,449,267,677,440,237,629,425,204,757,511,246
199,42,731,367,364,980,487,493,1229,608,621,997,558,439,764,507,257,1257,712,545
199,46,175,82,93,168,81,87,161,81,80,152,78,74,170,91,79,182,98,84
199,63,117,62,55,131,69,62,145,77,68,171,93,78,240,127,113,349,184,165
199,160,201,107,94,176,93,83,206,109,97,241,127,114,261,138,123,282,150,132
199,225,231,119,112,180,97,83,140,78,62,127,69,58,116,60,56,114,59,55
199,37,7489,3645,3844,7391,3581,3810,7468,3603,3865,7150,3326,3824,7262,3260,4002,8116,3641,4475
199,84,144,121,23,66,40,26,110,67,43,84,54,30,93,62,31,87,57,30
199,220,53676,21747,31929,50664,20710,29954,49724,20615,29109,47536,19841,27695,45931,18710,27221,46919,19031,27888
199,11,5694,3019,2675,6612,3413,3199,7140,3620,3520,8580,4100,4480,10060,4490,5570,12585,5532,7053
199,147,522,285,237,644,339,305,933,454,479,1124,546,578,1273,617,656,1402,678,724
199,137,0,0,0,0,0,0,0,0,0,0,0,0,144,55,89,151,58,93
200,131,66,44,22,30,21,9,13,9,4,51,37,14,92,66,26,105,77,28
200,39,150,68,82,193,90,103,220,104,116,168,79,89,166,78,88,145,68,77
200,64,1775,936,839,1334,694,640,998,507,491,1188,640,548,1282,668,614,1521,697,824
200,118,5069,2686,2383,2854,1483,1371,686,335,351,755,438,317,827,484,343,932,540,392
200,142,634,266,368,606,257,349,564,240,324,445,188,257,428,181,247,392,167,225
200,191,4268,1914,2354,2225,1030,1195,814,392,422,974,457,517,1555,722,833,2111,982,1129
200,34,18,9,9,24,13,11,29,16,13,21,11,10,13,6,7,13,6,7
200,81,104,58,46,104,62,42,116,65,51,163,96,67,121,68,53,143,81,62
200,117,148,83,65,144,79,65,142,76,66,64,43,21,30,15,15,25,15,10
200,202,81,36,45,66,34,32,57,35,22,54,29,25,56,26,30,54,24,30
200,44,487,350,137,544,390,154,600,429,171,655,458,197,711,488,223,726,489,237
200,106,980,499,481,955,458,497,907,419,488,1027,468,559,1089,490,599,971,433,538
200,136,4,2,2,4,3,1,5,3,2,10,5,5,17,7,10,19,7,12
200,161,250,171,79,271,181,90,369,240,129,677,438,239,1017,651,366,1033,662,371
200,203,370,306,64,619,509,110,997,814,183,901,720,181,870,680,190,821,628,193
200,23,11,9,2,13,10,3,15,12,3,19,15,4,23,18,5,24,19,5
200,125,102,56,46,100,50,50,92,50,42,84,49,35,97,64,33,117,84,33
200,194,6,4,2,39,31,8,73,51,22,142,75,67,284,151,133,282,148,134
200,55,94,36,58,133,47,86,172,59,113,251,84,167,403,139,264,421,149,272
200,103,2662,1137,1525,3030,1268,1762,3228,1346,1882,3461,1440,2021,3736,1548,2188,3853,1585,2268
200,107,53,23,30,148,72,76,243,122,121,350,197,153,449,263,186,210,104,106
200,211,8109,4018,4091,8867,4312,4555,9659,4615,5044,9953,4638,5315,10256,4656,5600,10411,4598,5813
200,18,22,13,9,26,13,13,29,13,16,28,12,16,27,11,16,29,13,16
200,31,15,7,8,46,25,21,76,43,33,119,70,49,156,93,63,291,169,122
200,56,95,56,39,142,85,57,189,114,75,332,224,108,448,321,127,512,367,145
200,95,145,64,81,829,431,398,1512,797,715,1868,1001,867,2224,1205,1019,2520,1372,1148
200,162,718,344,374,613,289,324,525,244,281,776,398,378,1053,562,491,1015,548,467
200,169,106,52,54,85,43,42,60,28,32,73,32,41,83,39,44,49,29,20
200,170,407,200,207,418,209,209,415,211,204,497,252,245,569,287,282,580,291,289
200,187,18,10,8,186,101,85,407,221,186,457,252,205,512,286,226,621,354,267
200,59,1388,673,715,1655,830,825,1922,988,934,2218,1145,1073,2513,1302,1211,2689,1401,1288
200,73,434,240,194,476,275,201,517,310,207,736,441,295,955,573,382,1309,750,559
200,96,53,28,25,63,33,30,73,39,34,111,55,56,148,70,78,142,66,76
200,101,106,43,63,294,112,182,644,258,386,646,282,364,541,212,329,553,213,340
200,114,11,7,4,17,11,6,24,15,9,58,36,22,91,56,35,76,47,29
200,120,23,14,9,26,15,11,20,12,8,37,27,10,50,37,13,43,31,12
200,153,1151,539,612,1237,579,658,1501,720,781,1555,748,807,1879,925,954,2198,1070,1128
200,199,1877,1024,853,2227,1207,1020,2389,1288,1101,2620,1402,1218,3061,1647,1414,3492,1875,1617
200,218,12338,4214,8124,13797,5044,8753,15488,5936,9552,16618,6624,9994,19101,7947,11154,21458,8760,12698
200,4,64,34,30,69,36,33,74,39,35,86,45,41,87,46,41,75,75,0
200,52,465,217,248,622,277,345,712,312,400,1851,915,936,2990,1518,1472,3009,1523,1486
200,83,2747,1448,1299,3115,1461,1654,3535,1469,2066,3657,1521,2136,3779,1574,2205,3698,1451,2247
200,104,43544,13618,29926,32837,10570,22267,22130,7523,14607,110133,50147,59986,198136,92772,105364,198170,90903,107267
200,127,17,10,7,20,11,9,50,29,21,80,45,35,97,49,48,121,64,57
200,163,3766,1902,1864,8128,4097,4031,12821,6473,6348,14775,7488,7287,14276,7276,7000,15668,7659,8009
200,182,350,189,161,2228,1182,1046,3030,1578,1452,2989,1540,1449,2922,1504,1418,2856,1467,1389
200,188,798,402,396,744,378,366,692,351,341,1316,672,644,1503,750,753,1054,563,491
200,193,32884,16307,16577,38443,19202,19241,58838,29903,28935,56682,28169,28513,63693,31754,31939,61401,30179,31222
200,12,8704,4006,4698,9820,4606,5214,10935,5206,5729,12223,5666,6557,13511,6127,7384,15802,7214,8588
200,19,2347,1280,1067,2205,1166,1039,1999,1022,977,1948,977,971,2084,1050,1034,2326,1163,1163
200,74,60882,26559,34323,62850,26821,36029,64818,27084,37734,84249,38020,46229,88072,35785,52287,95267,38524,56743
200,80,33253,15052,18201,34981,15208,19773,36709,15365,21344,59098,25941,33157,81486,36516,44970,84294,37774,46520
200,119,4128,2169,1959,4531,2306,2225,4823,2365,2458,8532,4302,4230,12215,6210,6005,12862,6562,6300
200,121,646,297,349,554,247,307,468,200,268,406,188,218,349,177,172,533,273,260
200,145,4279,1858,2421,4863,2059,2804,5618,2324,3294,5955,2493,3462,6373,2710,3663,6889,3011,3878
200,14,85,53,32,120,70,50,156,88,68,220,88,132,283,88,195,307,94,213
200,38,25,19,6,54,41,13,83,63,20,79,60,19,75,57,18,74,57,17
200,62,2140,1382,758,2377,1514,863,2614,1647,967,1808,1154,654,990,654,336,1045,690,355
200,86,89,43,46,119,56,63,148,69,79,182,84,98,215,98,117,223,100,123
200,92,377,240,137,444,285,159,511,330,181,603,391,212,694,452,242,781,510,271
200,50,388,224,164,360,207,153,512,288,224,336,187,149,662,370,292,689,384,305
200,65,87,54,33,69,40,29,51,26,25,54,25,29,57,24,33,59,25,34
200,88,151,66,85,124,62,62,96,57,39,115,73,42,134,90,44,154,104,50
200,94,47,34,13,47,33,14,46,32,14,45,31,14,44,31,13,45,32,13
200,133,1195,710,485,1657,933,724,2192,1200,992,1725,947,778,1460,807,653,1450,801,649
200,148,95,65,30,76,52,24,73,52,21,73,53,20,78,57,21,84,62,22
200,157,84,52,32,121,77,44,166,106,60,233,154,79,313,211,102,367,247,120
200,8,2175,1180,995,1919,1009,910,1663,838,825,1227,628,599,791,419,372,794,421,373
200,24,325,186,139,442,237,205,555,286,269,561,292,269,566,298,268,659,347,312
200,28,2886,1596,1290,2919,1761,1158,2951,1925,1026,2976,1975,1001,2959,1996,963,3563,2403,1160
200,42,696,374,322,854,455,399,1012,536,476,821,484,337,630,433,197,1035,619,416
200,46,663,413,250,634,396,238,605,379,226,570,359,211,634,405,229,679,436,243
200,63,654,432,222,734,485,249,814,538,276,961,642,319,1349,890,459,1962,1290,672
200,160,557,301,256,486,260,226,569,306,263,666,359,307,722,391,331,780,424,356
200,225,854,521,333,749,464,285,652,410,242,647,402,245,642,393,249,661,402,259
200,22,117,76,41,118,71,47,119,67,52,122,67,55,124,67,57,125,67,58
200,37,15674,7631,8043,17934,8684,9250,20621,9947,10674,19811,9996,9815,20192,10673,9519,22566,11921,10645
200,220,39130,16263,22867,40294,16906,23388,43106,18315,24791,41304,17663,23641,40009,16714,23295,41218,17149,24069
200,11,9905,5495,4410,10758,5923,4835,12070,6490,5580,13100,6960,6140,14080,7330,6750,15750,8242,7508
200,147,1505,821,684,1854,974,880,2688,1308,1380,2880,1398,1482,3057,1482,1575,3185,1541,1644
200,76,107,94,13,117,103,14,126,110,16,131,115,16,127,112,15,120,106,14
200,68,0,0,0,0,0,0,0,0,0,0,0,0,42,33,9,39,31,8
200,137,0,0,0,0,0,0,0,0,0,0,0,0,202,30,172,212,33,179
201,77,9,5,4,11,6,5,14,7,7,15,8,7,17,9,8,19,10,9
201,2,3550,1966,1584,3312,1822,1490,3073,1677,1396,4329,2362,1967,5585,3048,2537,5526,3016,2510
201,64,5259,2818,2441,5198,2783,2415,5549,2968,2581,6606,3723,2883,7129,3899,3230,146837,91304,55533
201,118,15014,8079,6935,17576,10496,7080,20428,13253,7175,22509,16015,6494,24624,17602,7022,27762,19737,8025
201,139,1399,740,659,1284,670,614,1353,695,658,1388,704,684,1553,783,770,2082,1045,1037
201,210,375,187,188,377,190,187,434,221,213,418,215,203,829,427,402,1232,648,584
201,191,113,41,72,70,29,41,49,25,24,58,29,29,93,46,47,129,64,65
201,81,37,20,17,37,22,15,41,22,19,58,33,25,43,23,20,51,28,23
201,89,30,23,7,34,27,7,36,29,7,65,50,15,100,76,24,111,85,26
201,130,125,48,77,133,59,74,137,69,68,138,73,65,139,75,64,180,101,79
201,98,3465,1664,1801,2292,1132,1160,1120,600,520,1533,901,632,2045,1192,853,2201,1293,908
201,161,19,19,0,19,19,0,26,25,1,42,41,1,61,58,3,62,59,3
201,194,0,0,0,8,7,1,17,12,5,35,17,18,73,36,37,72,35,37
201,9,3225,1300,1925,3422,1458,1964,3743,1645,2098,2476,1134,1342,2062,982,1080,2828,1336,1492
201,15,1777,1271,506,1955,1376,579,2139,1478,661,2743,1865,878,3954,2667,1287,3044,2039,1005
201,55,810,622,188,1146,869,277,1481,1116,365,2168,1630,538,3476,2625,851,3628,2749,879
201,100,4778,2952,1826,5633,2941,2692,5338,2159,3179,6119,3498,2621,6180,3691,2489,246556,138072,108484
201,103,10963,5212,5751,11277,5257,6020,10960,5073,5887,10017,4598,5419,9195,4168,5027,9483,4273,5210
201,107,51557,28760,22797,54585,30463,24122,57624,32278,25346,104791,64877,39914,149685,95148,54537,700266,325066,375200
201,111,11021,6673,4348,8831,5627,3204,10073,6803,3270,10880,7176,3704,14401,9383,5018,21340,12880,8460
201,115,23553,13138,10415,24856,13322,11534,26159,13507,12652,23419,12657,10762,20679,11807,8872,1255494,603291,652203
201,165,526,384,142,571,426,145,531,405,126,3279,2465,814,8688,6963,1725,7148,5823,1325
201,180,305838,172718,133120,313441,177724,135717,322050,183199,138851,397826,236194,161632,515803,317211,198592,623247,362957,260290
201,195,5224,2381,2843,5105,2313,2792,4986,2244,2742,4852,2204,2648,4719,2164,2555,4672,2137,2535
201,211,5247,2742,2505,5106,2557,2549,4995,2388,2607,5158,2406,2752,5311,2414,2897,1568494,890458,678036
201,217,13462,9584,3878,17252,12357,4895,22036,15784,6252,22332,15463,6869,44418,31106,13312,35196,24532,10664
201,229,2238,1242,996,2318,1287,1031,2411,1295,1116,2578,1362,1216,2822,1467,1355,2943,1503,1440
201,18,40,40,0,63,63,0,86,86,0,83,83,0,79,79,0,83,83,0
201,31,473,388,85,606,496,110,738,604,134,989,814,175,1198,990,208,1365,1094,271
201,56,108,94,14,162,142,20,215,189,26,396,310,86,545,411,134,856,604,252
201,95,482,214,268,664,424,240,846,634,212,1045,788,257,1244,942,302,1433,1059,374
201,162,785,680,105,671,580,91,574,495,79,582,496,86,610,513,97,588,496,92
201,169,2087,1226,861,4579,2771,1808,6825,4038,2787,7254,4165,3089,7272,4419,2853,2499,1982,517
201,170,5464,2681,2783,4479,2806,1673,3332,2830,502,3301,2796,505,3203,2704,499,3265,2754,511
201,187,37,33,4,81,67,14,148,118,30,167,133,34,187,150,37,228,183,45
201,216,4494,4307,187,4347,4172,175,4255,4088,167,3887,3735,152,3708,3564,144,3720,3576,144
201,59,538,282,256,921,423,498,1304,565,739,1714,794,920,2124,1023,1101,4322,2422,1900
201,73,49,38,11,105,70,35,161,103,58,298,189,109,434,274,160,1039,644,395
201,96,8,6,2,11,8,3,14,11,3,17,12,5,19,13,6,35,27,8
201,101,22,15,7,61,41,20,133,91,42,133,94,39,112,77,35,114,78,36
201,114,5,4,1,7,6,1,10,9,1,15,15,0,20,20,0,16,16,0
201,153,194,132,62,420,253,167,582,333,249,978,543,435,1428,778,650,5473,3475,1998
201,199,11128,5572,5556,13205,6562,6643,14162,6991,7171,16772,8325,8447,20758,10544,10214,69199,39853,29346
201,218,2761,1647,1114,3366,2009,1357,4028,2400,1628,6191,3765,2426,8858,5458,3400,9950,6080,3870
201,52,0,0,0,0,0,0,0,0,0,90,78,12,179,156,23,180,157,23
201,83,6547,5066,1481,6220,4893,1327,5996,4777,1219,6597,5063,1534,7198,5349,1849,7044,5160,1884
201,104,527,183,344,1963,1099,864,3399,2016,1383,4728,2978,1750,6057,3940,2117,6058,3903,2155
201,127,101,81,20,119,95,24,151,122,29,179,144,35,245,206,39,307,261,46
201,163,10,6,4,21,12,9,34,19,15,31,18,13,23,14,9,26,15,11
201,182,14,12,2,94,76,18,129,104,25,128,103,25,126,101,25,123,99,24
201,188,1,1,0,1,1,0,2,1,1,27,5,22,37,28,9,52,41,11
201,193,1927,1463,464,2245,1688,557,3531,2656,875,4433,3158,1275,4880,3483,1397,5910,3904,2006
201,12,1828,1146,682,2063,1306,757,2297,1465,832,2568,1616,952,2838,1766,1072,3320,2074,1246
201,19,699,415,284,695,412,283,671,398,273,1170,696,474,1800,1071,729,4406,2889,1517
201,74,13644,8157,5487,14085,8325,5760,14526,8494,6032,15414,9010,6404,15492,8932,6560,16758,9639,7119
201,80,15330,10588,4742,20223,12480,7743,25116,14373,10743,38223,22178,16045,51330,29983,21347,53099,31016,22083
201,145,2035,1168,867,2996,1690,1306,4060,2267,1793,6684,3748,2936,6964,3818,3146,9714,5482,4232
201,200,1309,792,517,1718,1070,648,2134,1354,780,2613,1610,1003,3144,1803,1341,3694,2228,1466
201,7,142,68,74,171,82,89,200,97,103,215,104,111,229,111,118,244,118,126
201,61,6,4,2,8,5,3,10,6,4,12,8,4,14,10,4,16,11,5
201,62,76,44,32,85,48,37,93,52,41,59,34,25,24,15,9,25,15,10
201,86,117,56,61,157,74,83,196,91,105,241,111,130,285,130,155,296,134,162
201,129,68,33,35,102,47,55,137,62,75,143,63,80,150,65,85,155,67,88
201,174,12,9,3,16,13,3,22,17,5,25,20,5,27,22,5,28,23,5
201,50,9,8,1,7,6,1,8,7,1,5,4,1,11,10,1,11,10,1
201,88,52,28,24,51,30,21,49,31,18,59,39,20,68,46,22,78,53,25
201,133,510,348,162,480,300,180,472,267,205,313,186,127,191,127,64,189,126,63
201,157,83,53,30,119,77,42,164,106,58,190,117,73,226,135,91,265,158,107
201,8,4931,2529,2402,3607,1857,1750,2284,1187,1097,1703,889,814,1121,590,531,1125,592,533
201,24,23,11,12,12,6,6,0,0,0,1,0,1,2,1,1,2,1,1
201,28,4434,2271,2163,3864,2061,1803,3293,1851,1442,2688,1525,1163,2044,1175,869,2461,1415,1046
201,42,358,195,163,329,182,147,300,169,131,243,150,93,186,132,54,306,192,114
201,46,1238,778,460,870,545,325,502,313,189,289,178,111,127,77,50,136,83,53
201,63,22,16,6,25,18,7,27,19,8,32,23,9,44,31,13,64,45,19
201,225,13833,8451,5382,13662,8347,5315,13367,8159,5208,14055,8587,5468,14754,9026,5728,15632,9480,6152
201,37,10560,5141,5419,13038,6311,6727,15827,7634,8193,18396,9223,9173,22071,11392,10679,24666,12724,11942
201,220,36782,21141,15641,44756,25875,18881,54561,31728,22833,55931,27946,27985,57987,28473,29514,69459,34003,35456
201,11,5351,2743,2608,6538,3296,3242,7340,3670,3670,8280,4100,4180,9330,4590,4740,10866,5272,5594
201,68,0,0,0,0,0,0,0,0,0,0,0,0,6,6,0,6,6,0
202,64,47,40,7,68,51,17,95,67,28,113,82,31,122,87,35,145,98,47
202,118,133,112,21,313,237,76,499,368,131,550,432,118,602,474,128,678,532,146
202,108,5085,2584,2501,8351,4305,4046,11617,6027,5590,13244,7040,6204,14870,8052,6818,15816,8683,7133
202,112,6041,2539,3502,4893,2193,2700,3669,1813,1856,3107,1525,1582,2498,1213,1285,2205,1065,1140
202,223,4971,2443,2528,8292,4119,4173,12002,5966,6036,12216,6211,6005,11945,6208,5737,11496,6060,5436
202,0,40537,22879,17658,36733,20733,16000,32929,18586,14343,28460,16064,12396,23991,13541,10450,15031,6364,8667
202,13,340,123,217,298,119,179,300,117,183,285,106,179,261,103,158,249,101,148
202,55,2,1,1,3,1,2,4,2,2,6,3,3,10,5,5,10,5,5
202,79,3306,1457,1849,2690,1254,1436,2074,1052,1022,2021,1025,996,1980,1005,975,1834,932,902
202,103,4484,2251,2233,4238,2089,2149,3754,1833,1921,2774,1334,1440,1828,848,980,1885,869,1016
202,211,64,50,14,155,119,36,248,188,60,255,192,63,263,197,66,277,204,73
202,18,6587,3336,3251,6240,3175,3065,5892,3013,2879,5811,2971,2840,5729,2928,2801,5679,2905,2774
202,31,5,1,4,29,12,17,53,23,30,86,40,46,115,54,61,137,60,77
202,56,16,7,9,24,10,14,32,14,18,170,112,58,294,204,90,229,138,91
202,95,16,9,7,14,7,7,12,6,6,15,8,7,18,10,8,16,8,8
202,162,85,30,55,72,25,47,62,21,41,60,18,42,60,15,45,59,17,42
202,170,424727,208419,216308,410349,218409,191940,381090,220551,160539,423794,248341,175453,457775,271125,186650,466508,275345,191163
202,216,34861,14938,19923,34009,15678,18331,33574,16611,16963,30677,15199,15478,29270,14523,14747,29367,14592,14775
202,59,6,2,4,7,3,4,7,3,4,16,5,11,25,7,18,27,8,19
202,68,853,431,422,604,299,305,355,168,187,381,185,196,403,199,204,374,184,190
202,73,0,0,0,2,1,1,3,1,2,20,10,10,37,20,17,56,31,25
202,96,97,30,67,50,15,35,3,1,2,4,1,3,4,0,4,2,0,2
202,101,4,2,2,11,4,7,25,10,15,25,11,14,21,9,12,21,9,12
202,114,47,20,27,434,214,220,821,408,413,754,376,378,669,330,339,561,274,287
202,120,1481,823,658,659,367,292,516,287,229,487,266,221,392,196,196,332,162,170
202,153,0,0,0,0,0,0,10,3,7,52,23,29,92,40,52,103,45,58
202,199,51,19,32,60,22,38,65,23,42,121,52,69,213,91,122,308,142,166
202,218,13,9,4,54,27,27,97,45,52,241,108,133,405,180,225,455,200,255
202,83,15,7,8,40,15,25,66,24,42,83,28,55,99,31,68,97,28,69
202,104,7,2,5,19,8,11,30,13,17,108,30,78,186,47,139,186,44,142
202,193,1,0,1,3,1,2,41,19,22,20,9,11,55,23,32,84,44,40
202,12,157,69,88,177,79,98,197,90,107,220,97,123,243,105,138,284,124,160
202,19,13,8,5,13,8,5,12,7,5,30,15,15,62,30,32,117,67,50
202,74,30,14,16,31,14,17,32,14,18,146,51,95,226,96,130,244,103,141
202,80,236,137,99,4140,1888,2252,8044,3640,4404,18032,8501,9531,28019,13361,14658,28985,13822,15163
202,145,61,10,51,89,12,77,122,14,108,28,17,11,27,13,14,53,29,24
202,200,26,11,15,73,32,41,121,53,68,129,54,75,140,48,92,164,64,100
202,24,0,0,0,2,1,1,3,1,2,2,0,2,1,0,1,1,0,1
202,42,2,1,1,2,1,1,2,1,1,2,1,1,1,1,0,2,2,0
202,37,111,54,57,111,54,57,114,55,59,574,283,291,1069,530,539,1195,592,603
202,220,1693,829,864,2135,1055,1080,2665,1327,1338,3129,1566,1563,3633,1787,1846,4331,2124,2207
202,11,41,19,22,26,10,16,10,0,10,60,20,40,110,40,70,137,52,85
202,28,0,0,0,0,0,0,0,0,0,0,0,0,7,7,0,8,8,0
203,183,5,1,4,237,46,191,469,91,378,341,96,245,214,101,113,239,107,132
203,64,967,812,155,844,695,149,787,632,155,937,764,173,1011,817,194,1199,939,260
203,118,2762,2323,439,2410,1985,425,2098,1689,409,2311,1942,369,2528,2129,399,2850,2394,456
203,142,109,45,64,104,44,60,98,41,57,77,32,45,74,31,43,67,28,39
203,191,151,35,116,225,60,165,363,94,269,434,105,329,693,163,530,940,222,718
203,43,5839,2345,3494,8390,3685,4705,10942,5026,5916,12071,6231,5840,13201,7437,5764,15192,8862,6330
203,44,12860,2498,10362,14353,2711,11642,15845,2924,12921,17299,2484,14815,18795,2050,16745,19192,1425,17767
203,45,1923,293,1630,1546,239,1307,1142,184,958,1016,203,813,894,194,700,961,201,760
203,57,232,80,152,300,114,186,368,148,220,440,181,259,511,214,297,563,238,325
203,106,6726,3427,3299,16255,7803,8452,29291,13531,15760,38934,17734,21200,41279,18566,22713,41422,18475,22947
203,166,43,29,14,1588,1048,540,3640,2436,1204,12220,9258,2962,25642,19565,6077,26225,19528,6697
203,30,6612,6057,555,10047,7783,2264,13482,9510,3972,13782,9746,4036,14083,9983,4100,14384,10220,4164
203,35,14149,6937,7212,37488,18319,19169,60844,29705,31139,47494,23855,23639,34143,18004,16139,30806,16541,14265
203,98,1458,953,505,964,639,325,471,325,146,10085,5925,4160,20346,11455,8891,21907,12438,9469
203,113,2277,1326,951,2060,1204,856,1648,979,669,1538,930,608,1608,975,633,1688,1024,664
203,124,31127,14856,16271,29090,12511,16579,30108,11176,18932,17786,6592,11194,7928,3244,4684,8283,3523,4760
203,161,180,97,83,131,71,60,120,64,56,222,118,104,335,176,159,340,179,161
203,185,1438,329,1109,3032,670,2362,4921,1034,3887,10010,1717,8293,15658,2485,13173,19269,3018,16251
203,205,119,49,70,130,53,77,143,58,85,152,61,91,148,71,77,145,70,75
203,226,1218,629,589,2995,1623,1372,7145,4119,3026,8148,4896,3252,9570,5596,3974,11552,6708,4844
203,16,15503,12882,2621,11945,9840,2105,8386,6797,1589,9181,7460,1721,9975,8123,1852,10548,8609,1939
203,23,28,15,13,33,18,15,38,21,17,48,26,22,58,31,27,61,33,28
203,125,67,37,30,78,39,39,84,46,38,87,52,35,111,74,37,139,98,41
203,194,3,2,1,34,28,6,67,48,19,134,73,61,271,150,121,269,147,122
203,15,294,210,84,323,228,95,353,244,109,591,402,189,960,648,312,1159,777,382
203,55,65,13,52,92,15,77,119,18,101,174,25,149,279,44,235,291,48,243
203,107,73,36,37,100,57,43,126,77,49,181,119,62,233,157,76,109,66,43
203,111,1823,1104,719,1460,930,530,1666,1125,541,1800,1188,612,2383,1553,830,3755,2267,1488
203,165,1377,599,778,2329,1224,1105,2935,1672,1263,1725,1002,723,1916,1536,380,2291,1867,424
203,211,35,19,16,85,45,40,136,70,66,140,71,69,144,72,72,146,72,74
203,217,2228,1586,642,2855,2045,810,3647,2612,1035,4842,3347,1495,10763,7538,3225,13395,9337,4058
203,31,3,0,3,5,0,5,7,0,7,10,0,10,12,0,12,18,0,18
203,56,8,3,5,12,4,8,16,5,11,279,21,258,520,49,471,624,67,557
203,95,631,76,555,559,59,500,487,43,444,602,63,539,717,83,634,762,101,661
203,162,53,24,29,44,19,25,38,16,22,68,33,35,102,51,51,98,49,49
203,170,75,37,38,78,38,40,80,39,41,148,71,77,213,100,113,217,102,115
203,187,1,0,1,18,2,16,40,3,37,45,4,41,50,5,45,62,8,54
203,59,1958,450,1508,3777,818,2959,5596,1186,4410,8184,1708,6476,10771,2230,8541,12384,2533,9851
203,70,5,3,2,10,1,9,17,2,15,47,6,41,72,12,60,114,19,95
203,73,411,92,319,960,255,705,1509,419,1090,4286,976,3310,7062,1533,5529,11296,1884,9412
203,96,83,17,66,322,74,248,560,130,430,822,215,607,1084,301,783,1198,313,885
203,101,103,32,71,285,80,205,624,188,436,626,215,411,524,154,370,535,152,383
203,114,1,0,1,1,0,1,2,0,2,7,0,7,13,1,12,10,0,10
203,153,1291,285,1006,2238,466,1772,3584,688,2896,7275,1301,5974,13089,2477,10612,18049,3342,14707
203,199,8135,2164,5971,9653,2513,7140,10353,2646,7707,18277,4249,14028,31378,6908,24470,38990,8653,30337
203,218,7189,2130,5059,11357,3243,8114,15716,4388,11328,27817,7079,20738,42184,10547,31637,47389,11370,36019
203,83,326,13,313,321,43,278,322,70,252,354,56,298,386,43,343,378,28,350
203,104,568,198,370,2205,156,2049,3842,114,3728,6853,784,6069,9864,1455,8409,9866,1305,8561
203,127,42,5,37,50,7,43,63,10,53,75,13,62,100,14,86,125,23,102
203,163,18,4,14,39,9,30,63,14,49,165,74,91,241,122,119,264,128,136
203,188,5,3,2,10,4,6,17,5,12,71,13,58,213,20,193,225,29,196
203,193,271,84,187,346,108,238,572,185,387,953,238,715,1630,434,1196,2084,520,1564
203,12,3088,512,2576,3484,625,2859,3879,738,3141,4336,741,3595,4792,744,4048,5604,896,4708
203,19,1723,369,1354,1712,363,1349,1651,352,1299,2491,430,2061,3140,504,2636,3784,606,3178
203,74,12071,4580,7491,12461,4598,7863,12851,4616,8235,14139,4882,9257,16780,5814,10966,18151,6251,11900
203,80,16629,3815,12814,26601,3998,22603,36573,4182,32391,55022,7447,47575,73470,10712,62758,76002,11081,64921
203,119,0,0,0,1,0,1,2,0,2,40,9,31,79,18,61,84,17,67
203,121,168,17,151,159,15,144,153,14,139,132,19,113,114,25,89,174,39,135
203,145,2502,701,1801,4141,1090,3051,5917,1506,4411,9763,2155,7608,12062,2645,9417,13990,3105,10885
203,200,8699,1833,6866,11088,2711,8377,13518,3624,9894,15117,3497,11620,17011,2348,14663,19990,3956,16034
203,38,17,15,2,37,33,4,57,50,7,54,48,6,51,45,6,50,45,5
203,164,35,17,18,36,18,18,39,19,20,30,15,15,18,8,10,18,9,9
203,50,4,0,4,4,0,4,5,0,5,3,0,3,7,0,7,7,0,7
203,133,35,35,0,48,29,19,64,24,40,85,31,54,117,42,75,160,67,93
203,157,3,2,1,3,2,1,4,2,2,61,54,7,122,109,13,144,129,15
203,8,133,66,67,130,65,65,127,65,62,94,49,45,60,33,27,60,33,27
203,24,2,0,2,6,0,6,10,1,9,9,1,8,8,2,6,9,2,7
203,42,22,10,12,29,13,16,36,16,20,29,14,15,22,13,9,36,19,17
203,160,14,3,11,13,3,10,16,4,12,19,5,14,20,5,15,21,5,16
203,225,62,33,29,61,33,28,60,32,28,62,33,29,66,35,31,70,36,34
203,37,5585,2719,2866,7052,3414,3638,8687,4191,4496,11281,4885,6396,14552,5888,8664,16263,6574,9689
203,84,4,0,4,13,3,10,36,15,21,64,20,44,129,50,79,157,60,97
203,220,106919,39426,67493,135588,49145,86443,169801,61148,108653,189930,68978,120952,212387,74800,137587,236180,82731,153449
203,11,15834,6237,9597,18920,7257,11663,23090,8550,14540,31530,11090,20440,51600,17740,33860,60712,19853,40859
203,147,2671,1223,1448,4372,2026,2346,5014,2438,2576,5890,2859,3031,7012,3397,3615,8023,3880,4143
203,68,0,0,0,0,0,0,0,0,0,0,0,0,15,1,14,14,1,13
203,28,0,0,0,0,0,0,0,0,0,0,0,0,456,245,211,549,295,254
204,64,147,89,58,113,67,46,88,51,37,105,64,41,113,67,46,134,72,62
204,191,59,46,13,48,38,10,51,39,12,60,46,14,97,74,23,123,94,29
204,136,12,10,2,13,12,1,15,13,2,8,8,0,3,3,0,4,4,0
204,55,5,2,3,7,2,5,9,3,6,13,4,9,21,7,14,22,7,15
204,107,208,52,156,158,41,117,107,29,78,155,57,98,199,80,119,93,25,68
204,211,37647,19251,18396,84307,41060,43247,134372,64668,69704,138175,64857,73318,142389,65127,77262,144544,64339,80205
204,31,1018,569,449,1247,679,568,1476,789,687,1942,1052,890,2325,1269,1056,2508,1368,1140
204,56,131,105,26,197,158,39,263,212,51,1155,919,236,1952,1562,390,1882,1433,449
204,95,46027,20451,25576,23063,10257,12806,98,62,36,121,77,44,144,92,52,0,0,0
204,162,291,191,100,248,162,86,212,137,75,239,149,90,275,165,110,264,159,105
204,170,359,176,183,301,184,117,234,186,48,245,199,46,251,206,45,255,208,47
204,187,54,41,13,231,153,78,473,308,165,531,349,182,595,394,201,722,484,238
204,59,1151,586,565,1237,631,606,1322,675,647,1976,1041,935,2630,1407,1223,2990,1604,1386
204,73,0,0,0,10,3,7,19,6,13,62,27,35,104,48,56,8763,4672,4091
204,96,7,4,3,9,5,4,10,6,4,21,12,9,32,19,13,41,23,18
204,101,126,73,53,349,197,152,763,440,323,765,461,304,641,367,274,655,372,283
204,153,0,0,0,26,14,12,537,289,248,1848,1009,839,2137,1136,1001,2477,1329,1148
204,199,1856,981,875,2202,1156,1046,2362,1232,1130,3391,1742,1649,4752,2446,2306,6216,3257,2959
204,218,347,214,133,787,335,452,1241,460,781,1952,813,1139,2823,1243,1580,3170,1372,1798
204,1,678,301,377,732,327,405,787,354,433,664,326,338,542,266,276,591,290,301
204,26,2468,1184,1284,3126,1498,1628,3783,1811,1972,2671,1262,1409,3097,1458,1639,2779,1308,1471
204,52,12962,6891,6071,11990,6247,5743,9737,5011,4726,9865,4954,4911,9992,4896,5096,10055,4912,5143
204,83,4152,2300,1852,2519,1404,1115,928,512,416,1573,735,838,2217,958,1259,2169,886,1283
204,104,72688,32775,39913,58600,29294,29306,44512,25814,18698,58767,33207,25560,73021,40599,32422,73033,40025,33008
204,127,14,6,8,17,7,10,43,17,26,70,28,42,28,19,9,35,25,10
204,163,3,2,1,6,3,3,11,5,6,137,69,68,241,122,119,264,128,136
204,182,6395,2752,3643,40287,16800,23487,52051,20837,31214,48899,19248,29651,47797,18789,29008,46737,18274,28463
204,188,6720,3435,3285,6599,3831,2768,6651,4293,2358,8038,5118,2920,15547,9765,5782,16510,9928,6582
204,193,39,20,19,81,45,36,159,91,68,376,225,151,549,286,263,627,318,309
204,12,12075,6624,5451,13623,7574,6049,15170,8523,6647,16957,9350,7607,18743,10176,8567,21921,11956,9965
204,19,545,296,249,806,436,370,1044,565,479,2120,1106,1014,3274,1674,1600,7682,4016,3666
204,74,74534,38118,36416,76894,38714,38180,79353,39318,40035,3711,1852,1859,4149,2015,2134,4488,2172,2316
204,80,35938,20280,15658,44914,23328,21586,53889,26376,27513,26945,13188,13757,0,0,0,0,0,0
204,119,436,247,189,529,291,238,614,327,287,344,183,161,75,38,37,87,39,48
204,121,1957,1118,839,1124,637,487,304,164,140,264,150,114,227,137,90,346,209,137
204,145,5,3,2,6,3,3,10,4,6,58,34,24,82,43,39,161,85,76
204,200,36819,20583,16236,37897,21267,16630,39114,22077,17037,44147,23940,20207,50039,24372,25667,58804,30736,28068
204,62,6,6,0,7,7,0,7,7,0,16,11,5,25,15,10,26,15,11
204,50,26,17,9,18,11,7,20,11,9,13,7,6,26,14,12,27,14,13
204,8,13164,6446,6718,8143,3903,4240,3123,1361,1762,2304,1025,1279,1484,688,796,1489,690,799
204,24,0,0,0,0,0,0,0,0,0,5,4,1,10,8,2,12,10,2
204,42,226,107,119,313,145,168,399,183,216,323,170,153,247,158,89,406,216,190
204,63,29,19,10,15,9,6,1,0,1,1,0,1,1,0,1,1,0,1
204,37,7038,3426,3612,7067,3423,3644,7265,3504,3761,8115,3988,4127,9452,4722,4730,10563,5274,5289
204,220,10469,5121,5348,14282,7049,7233,18680,9289,9391,20606,10297,10309,22785,11190,11595,25316,12396,12920
204,11,40724,21072,19652,46518,23997,22521,49560,25610,23950,51330,26350,24980,51490,26060,25430,53665,26976,26689
204,68,0,0,0,0,0,0,0,0,0,0,0,0,4,2,2,4,2,2
204,137,0,0,0,0,0,0,0,0,0,0,0,0,2949,1210,1739,3317,1372,1945
204,28,0,0,0,0,0,0,0,0,0,0,0,0,38,24,14,46,29,17
205,34,11,6,5,14,8,6,17,10,7,13,8,5,8,5,3,8,5,3
205,98,729,476,253,71378,35745,35633,142028,71014,71014,78666,41882,36784,20346,11455,8891,21907,12438,9469
205,161,7,3,4,757,350,407,1717,787,930,907,420,487,139,63,76,141,64,77
205,56,0,0,0,1,1,0,1,1,0,1,1,0,0,0,0,0,0,0
205,101,1,1,0,2,1,1,5,2,3,4,1,3,3,1,2,3,1,2
205,218,330,248,82,1300,884,416,2293,1534,759,1960,1322,638,1788,1225,563,2008,1367,641
205,83,0,0,0,3,2,1,6,3,3,114,50,64,222,97,125,217,90,127
205,104,10,3,7,27,7,20,44,12,32,62,25,37,79,38,41,79,37,42
205,163,654,315,339,1411,678,733,2227,1072,1155,2040,966,1074,1516,702,814,1663,731,932
205,74,1,1,0,1,1,0,1,1,0,6,6,0,11,11,0,12,12,0
205,37,38,19,19,39,19,20,40,19,21,19,9,10,0,0,0,0,0,0
205,11,9518,4868,4650,4904,2503,2401,0,0,0,10740,5370,5370,10600,5250,5350,11214,5589,5625
205,28,0,0,0,0,0,0,0,0,0,0,0,0,49,0,49,59,0,59
206,39,5,3,2,9,5,4,13,7,6,10,5,5,10,5,5,9,5,4
206,48,747,338,409,863,368,495,1211,496,715,770,423,347,1834,889,945,2437,1127,1310
206,77,7105,3520,3585,8493,4207,4286,10858,5379,5479,11888,5894,5994,13546,6723,6823,14900,7378,7522
206,21,17244,6183,11061,21733,7748,13985,26222,9314,16908,33628,12497,21131,41033,15679,25354,48118,18786,29332
206,32,6131,1803,4328,7625,2252,5373,10415,3541,6874,13040,4720,8320,14721,5285,9436,15393,5526,9867
206,51,25298,14096,11202,33605,18605,15000,36374,20123,16251,41721,23094,18627,48472,26848,21624,50328,27872,22456
206,81,61553,27448,34105,144121,64743,79378,72060,32371,39689,86196,38722,47474,73815,33161,40654,87494,39892,47602
206,89,1468,954,514,1692,1164,528,1833,1250,583,3337,2036,1301,5184,3034,2150,5773,3382,2391
206,117,250,147,103,244,141,103,240,136,104,227,167,60,365,238,127,364,239,125
206,126,893,526,367,934,551,383,856,506,350,3493,2021,1472,6167,3553,2614,6653,3827,2826
206,130,104,27,77,111,37,74,114,46,68,139,64,75,162,79,83,144,69,75
206,149,5521,2000,3521,7356,2448,4908,9253,2916,6337,9419,2962,6457,9572,3002,6570,9702,3039,6663
206,150,46886,26304,20582,52442,29233,23209,60095,33284,26811,79819,44066,35753,113334,62371,50963,147698,81034,66664
206,181,1380,914,466,1443,953,490,1308,844,464,1405,924,481,1570,1055,515,1613,1084,529
206,184,43,29,14,41,27,14,39,25,14,38,25,13,37,24,13,36,23,13
206,203,0,0,0,0,0,0,0,0,0,0,0,0,2,1,1,3,2,1
206,56,4,3,1,6,4,2,8,5,3,11,7,4,13,8,5,16,11,5
206,95,2,2,0,4,3,1,6,4,2,7,5,2,8,7,1,10,6,4
206,59,32,25,7,66,50,16,99,74,25,121,82,39,142,90,52,148,93,55
206,73,3,3,0,8,7,1,12,11,1,33,27,6,54,43,11,87,68,19
206,96,0,0,0,1,1,0,1,1,0,2,1,1,2,1,1,6,5,1
206,101,22,13,9,61,35,26,133,79,54,133,83,50,112,67,45,114,67,47
206,114,1,1,0,1,1,0,1,1,0,0,0,0,0,0,0,0,0,0
206,153,53,48,5,39,31,8,63,39,24,67,38,29,95,51,44,113,62,51
206,199,182,112,70,216,132,84,232,141,91,253,146,107,309,184,125,359,206,153
206,218,76,54,22,300,186,114,530,320,210,1000,571,429,1552,873,679,1743,971,772
206,83,11,6,5,12,5,7,14,4,10,14,7,7,14,11,3,14,11,3
206,104,87,30,57,741,374,367,1395,719,676,3273,2032,1241,5151,3345,1806,5152,3313,1839
206,163,8,7,1,18,15,3,29,23,6,51,38,13,66,47,19,72,50,22
206,193,41,32,9,65,48,17,119,87,32,343,261,82,486,355,131,508,345,163
206,12,120,75,45,136,86,50,151,96,55,169,106,63,187,116,71,219,137,82
206,19,989,643,346,781,476,305,550,295,255,1194,700,494,2289,1301,988,3548,2138,1410
206,74,14522,7919,6603,14992,8061,6931,15461,8202,7259,19915,10307,9608,21968,11451,10517,23763,12350,11413
206,80,1693,1334,359,6485,4557,1928,11277,7780,3497,12527,8040,4487,13776,8300,5476,14251,8586,5665
206,145,305,228,77,449,333,116,609,448,161,1283,903,380,1183,771,412,1180,727,453
206,200,454,265,189,840,499,341,1230,735,495,1395,804,591,1588,832,756,1866,1040,826
206,24,1,0,1,2,0,2,2,0,2,2,1,1,1,1,0,1,1,0
206,42,3,1,2,11,4,7,19,8,11,16,8,8,12,8,4,20,12,8
206,37,120,58,62,426,205,221,743,358,385,1563,885,678,2477,1467,1010,2768,1639,1129
206,11,12,9,3,6,5,1,0,0,0,20,20,0,300,160,140,348,179,169
206,28,0,0,0,0,0,0,0,0,0,0,0,0,9,9,0,11,11,0
207,31,0,0,0,0,0,0,0,0,0,1,0,1,1,0,1,0,0,0
207,83,3,1,2,2,0,2,2,0,2,1,0,1,0,0,0,0,0,0
207,11,53,25,28,181,90,91,300,150,150,400,220,180,560,320,240,738,400,338
207,147,1467,729,738,1465,729,736,1617,787,830,1517,737,780,1465,711,754,1390,673,717
207,3,30,15,15,29,14,15,27,13,14,24,12,12,21,11,10,21,11,10
207,177,131,66,65,133,67,66,135,67,68,127,63,64,111,54,57,106,50,56
208,31,0,0,0,1,1,0,1,1,0,2,1,1,2,1,1,1,0,1
208,56,2,1,1,3,1,2,4,1,3,2,0,2,0,0,0,0,0,0
208,59,4,2,2,6,4,2,7,5,2,9,5,4,11,5,6,17,9,8
208,73,0,0,0,1,1,0,1,1,0,1,1,0,1,1,0,3,3,0
208,96,0,0,0,1,1,0,1,1,0,1,1,0,1,1,0,1,1,0
208,101,0,0,0,1,1,0,2,2,0,2,2,0,1,1,0,1,1,0
208,199,15,4,11,18,5,13,20,5,15,24,6,18,27,6,21,34,9,25
208,218,19,13,6,77,42,35,137,72,65,194,115,79,267,167,100,298,185,113
208,104,5,2,3,11,2,9,16,1,15,19,4,15,21,7,14,21,7,14
208,12,4,1,3,5,1,4,5,1,4,6,1,5,6,1,5,7,2,5
208,74,164,75,89,170,76,94,175,77,98,50,27,23,89,38,51,96,41,55
208,24,0,0,0,1,0,1,1,0,1,1,0,1,0,0,0,0,0,0
208,42,1,1,0,136,44,92,270,87,183,219,89,130,168,92,76,276,115,161
208,37,96,47,49,99,48,51,104,50,54,95,41,54,92,34,58,103,38,65
208,220,10668,5110,5558,13688,6616,7072,17269,8415,8854,16412,8038,8374,15757,7579,8178,17717,8495,9222
208,11,6163,3077,3086,7354,3694,3660,8110,4110,4000,8720,4460,4260,10070,5230,4840,11784,6127,5657
208,147,12834,6413,6421,13656,6669,6987,17564,8538,9026,19623,9525,10098,21630,10481,11149,23291,11263,12028
208,72,1221,651,570,1203,636,567,1199,633,566,1204,636,568,1293,692,601,1332,720,612
208,158,40,21,19,40,20,20,29,13,16,33,18,15,27,16,11,27,17,10
208,224,24,14,10,25,14,11,27,14,13,27,14,13,29,15,14,29,15,14
208,134,7,4,3,8,3,5,9,4,5,14,7,7,15,8,7,18,9,9
208,3,1304,706,598,1223,657,566,1142,609,533,1217,645,572,1291,681,610,1272,669,603
208,151,48,29,19,79,45,34,106,56,50,112,59,53,116,61,55,119,63,56
208,177,47,26,21,72,39,33,97,51,46,91,48,43,80,41,39,76,38,38
208,68,0,0,0,0,0,0,0,0,0,0,0,0,1,1,0,1,1,0
209,191,26,15,11,16,9,7,11,5,6,13,6,7,21,10,11,26,13,13
209,55,4,1,3,6,1,5,7,1,6,10,1,9,16,2,14,17,2,15
209,56,0,0,0,1,1,0,1,1,0,3,2,1,4,3,1,8,4,4
209,95,0,0,0,5,2,3,9,3,6,12,5,7,14,6,8,12,5,7
209,59,100,49,51,126,58,68,151,66,85,157,69,88,162,71,91,167,68,99
209,73,7,2,5,10,4,6,13,7,6,20,10,10,27,13,14,45,23,22
209,96,1,0,1,2,0,2,3,1,2,3,1,2,3,1,2,3,1,2
209,101,22,9,13,60,22,38,131,49,82,131,54,77,109,39,70,111,39,72
209,114,0,0,0,0,0,0,0,0,0,1,1,0,2,2,0,1,1,0
209,153,221,109,112,223,107,116,265,126,139,299,135,164,335,153,182,349,152,197
209,199,183,80,103,218,95,123,234,101,133,252,113,139,293,135,158,299,140,159
209,218,17191,6975,10216,18728,7410,11318,20581,7941,12640,20735,7947,12788,22579,8724,13855,25364,9589,15775
209,83,9,4,5,9,3,6,10,3,7,14,3,11,18,4,14,18,4,14
209,104,21,7,14,52,12,40,82,16,66,125,31,94,167,45,122,167,43,124
209,127,9,2,7,11,2,9,13,3,10,17,3,14,12,5,7,15,7,8
209,193,13,5,8,21,8,13,253,104,149,122,49,73,182,70,112,206,74,132
209,12,38,15,23,43,17,26,48,19,29,54,21,33,59,23,36,70,27,43
209,74,269,83,186,278,83,195,286,82,204,417,144,273,380,103,277,411,110,301
209,80,354,154,200,404,160,244,454,167,287,670,245,425,886,324,562,917,336,581
209,145,225,93,132,331,132,199,450,176,274,517,190,327,524,194,330,534,204,330
209,200,191,85,106,210,97,113,231,109,122,257,115,142,290,111,179,340,145,195
209,7,356,171,185,474,229,245,591,286,305,634,306,328,677,327,350,720,348,372
209,14,278,133,145,299,144,155,321,156,165,341,162,179,360,167,193,390,179,211
209,17,1750,673,1077,1910,753,1157,2070,834,1236,1740,675,1065,1419,519,900,1490,545,945
209,25,23,10,13,48,22,26,74,34,40,78,36,42,6,6,0,6,6,0
209,29,206,133,73,243,155,88,279,176,103,320,202,118,360,227,133,401,253,148
209,38,113,59,54,239,126,113,365,192,173,327,165,162,289,137,152,285,135,150
209,61,111,65,46,147,86,61,175,103,72,215,127,88,262,156,106,306,183,123
209,62,100,54,46,111,58,53,122,63,59,72,38,34,22,13,9,23,13,10
209,85,1647,813,834,1813,731,1082,1980,649,1331,2075,685,1390,2170,720,1450,2196,728,1468
209,105,1775,863,912,2126,1035,1091,2476,1207,1269,2413,1184,1229,2349,1161,1188,2299,1137,1162
209,138,66,39,27,52,31,21,39,23,16,40,24,16,42,26,16,44,28,16
209,164,337,160,177,357,170,187,378,179,199,295,140,155,176,83,93,174,81,93
209,173,115,69,46,152,88,64,210,119,91,239,136,103,259,148,111,266,153,113
209,174,325,153,172,438,208,230,602,289,313,700,337,363,738,357,381,780,377,403
209,176,837,411,426,871,428,443,907,447,460,925,457,468,943,466,477,964,475,489
209,186,0,0,0,0,0,0,0,0,0,100,36,64,200,71,129,208,74,134
209,221,2475,1167,1308,2300,1085,1215,2130,1004,1126,1943,922,1021,1758,840,918,1759,841,918
209,50,26,11,15,21,8,13,27,9,18,17,5,12,34,10,24,35,10,25
209,133,32,20,12,35,22,13,41,25,16,32,19,13,27,14,13,26,15,11
209,157,64,35,29,53,30,23,46,26,20,71,39,32,101,55,46,119,65,54
209,8,75,48,27,73,47,26,71,46,25,53,35,18,34,23,11,34,23,11
209,24,4,2,2,9,3,6,14,4,10,9,3,6,4,2,2,5,3,2
209,42,6,1,5,8,3,5,10,6,4,9,6,3,7,5,2,12,6,6
209,46,52,21,31,46,20,26,39,19,20,34,17,17,35,19,16,37,20,17
209,63,15,6,9,17,7,10,19,8,11,22,9,13,31,13,18,45,19,26
209,91,189,103,86,310,169,141,430,235,195,591,326,265,751,417,334,880,488,392
209,225,3611,1710,1901,3174,1504,1670,2765,1309,1456,2746,1302,1444,2724,1294,1430,2808,1314,1494
209,22,34,18,16,41,21,20,47,24,23,57,30,27,67,36,31,68,37,31
209,37,47386,23069,24317,55297,26776,28521,64523,31126,33397,63760,29694,34066,66826,30136,36690,74682,33653,41029
209,220,115710,49452,66258,153418,64672,88746,197398,82818,114580,211656,89387,122269,228508,94226,134282,240948,98941,142007
209,11,920,446,474,1205,594,611,1420,710,710,1540,780,760,1690,850,840,1920,979,941
209,68,0,0,0,0,0,0,0,0,0,0,0,0,2,0,2,2,0,2
209,54,0,0,0,0,0,0,0,0,0,0,0,0,89,39,50,96,42,54
209,28,0,0,0,0,0,0,0,0,0,0,0,0,186,84,102,224,101,123
210,77,69,38,31,83,46,37,106,59,47,116,64,52,132,73,59,145,80,65
210,64,495,242,253,513,236,277,572,249,323,681,320,361,735,331,404,872,330,542
210,118,1414,695,719,1826,945,881,2270,1233,1037,2501,1562,939,2736,1720,1016,3084,1923,1161
210,139,1763,933,830,1618,844,774,1704,876,828,1748,886,862,1956,986,970,2622,1315,1307
210,191,111,45,66,69,32,37,48,26,22,57,31,26,91,48,43,117,62,55
210,130,221,92,129,236,112,124,243,128,115,245,134,111,247,138,109,248,140,108
210,161,17,9,8,113,55,58,242,116,126,392,187,205,560,261,299,568,265,303
210,15,155,111,44,170,120,50,186,129,57,281,191,90,440,297,143,468,314,154
210,55,9,6,3,13,8,5,16,10,6,24,15,9,38,24,14,39,24,15
210,100,241,205,36,284,231,53,269,206,63,308,256,52,311,262,49,312,270,42
210,103,40293,19268,21025,39320,18522,20798,36146,16963,19183,29309,13751,15558,22828,10674,12154,23543,10947,12596
210,107,221,105,116,269,133,136,316,161,155,455,257,198,585,344,241,274,137,137
210,111,961,582,379,769,490,279,878,593,285,948,625,323,1256,818,438,1784,1077,707
210,165,277,203,74,300,225,75,280,214,66,423,315,108,910,730,180,978,798,180
210,195,850,378,472,830,367,463,811,356,455,708,319,389,606,282,324,600,279,321
210,211,132,87,45,297,183,114,475,290,185,489,295,194,505,300,205,517,303,214
210,217,1175,837,338,1505,1079,426,1922,1377,545,2303,1594,709,4932,3455,1477,5416,3777,1639
210,31,18,17,1,30,24,6,41,31,10,60,45,15,76,56,20,95,69,26
210,56,39,33,6,58,49,9,77,65,12,330,301,29,555,512,43,752,705,47
210,95,34,29,5,82,69,13,129,108,21,159,134,25,189,160,29,238,192,46
210,162,187,149,38,160,127,33,137,108,29,276,237,39,425,373,52,409,359,50
210,169,2,1,1,3,3,0,4,3,1,4,3,1,5,3,2,1078,746,332
210,170,607,298,309,526,312,214,426,314,112,381,289,92,329,258,71,335,262,73
210,187,6,5,1,43,40,3,94,87,7,106,98,8,118,109,9,144,133,11
210,59,410,334,76,567,432,135,723,529,194,805,566,239,886,603,283,926,618,308
210,70,9,8,1,2,2,0,3,3,0,7,6,1,6,4,2,13,10,3
210,73,163,149,14,208,185,23,252,221,31,417,347,70,582,473,109,810,646,164
210,96,6,5,1,9,7,2,12,10,2,14,11,3,16,12,4,26,19,7
210,101,19,15,4,53,42,11,116,94,22,117,96,21,98,78,20,100,79,21
210,114,0,0,0,0,0,0,0,0,0,1,1,0,2,2,0,1,1,0
210,153,375,322,53,447,381,66,530,429,101,650,486,164,859,597,262,1007,688,319
210,199,2143,1491,652,2543,1763,780,2728,1886,842,3207,2163,1044,4065,2670,1395,4943,3234,1709
210,218,2367,1440,927,2644,1664,980,2967,1913,1054,4251,2881,1370,5882,4097,1785,6606,4575,2031
210,83,529,290,239,407,237,170,291,184,107,471,346,125,650,508,142,636,491,145
210,104,70813,52414,18399,73188,49825,23363,75563,47236,28327,91608,57593,34015,107653,67950,39703,107671,67251,40420
210,127,161,90,71,188,106,82,239,137,102,281,162,119,300,167,133,376,217,159
210,163,15,10,5,32,21,11,52,33,19,94,70,24,121,96,25,133,104,29
210,182,4,3,1,30,23,7,41,30,11,41,30,11,41,30,11,40,30,10
210,188,2,1,1,4,3,1,7,4,3,13,9,4,40,33,7,50,43,7
210,193,574,367,207,718,471,247,1172,785,387,1931,1355,576,2644,1810,834,2734,1844,890
210,12,2033,1420,613,2294,1614,680,2554,1807,747,2855,2000,855,3155,2192,963,3690,2570,1120
210,19,6112,3991,2121,4883,3121,1762,3513,2167,1346,3272,2057,1215,3945,2431,1514,5730,3611,2119
210,74,276216,160364,115852,285233,163623,121610,294250,166882,127368,362087,196405,165682,359248,200666,158582,388598,216502,172096
210,80,27234,17230,10004,25283,16173,9110,23332,15116,8216,31644,20949,10695,39955,26781,13174,41332,27704,13628
210,119,0,0,0,0,0,0,0,0,0,8,6,2,18,13,5,22,13,9
210,121,114,84,30,115,80,35,118,77,41,102,69,33,88,62,26,136,97,39
210,145,2632,1847,785,3118,2170,948,3712,2565,1147,4241,2807,1434,4332,2803,1529,4568,2936,1632
210,200,5067,3520,1547,6249,4333,1916,7454,5167,2287,8391,5679,2712,9491,6046,3445,11153,7386,3767
210,50,3,1,2,2,0,2,3,1,2,2,1,1,4,1,3,4,1,3
210,8,99,65,34,97,64,33,95,63,32,70,47,23,45,31,14,45,31,14
210,24,0,0,0,1,1,0,1,1,0,1,1,0,1,1,0,1,1,0
210,42,27,11,16,22,10,12,16,8,8,13,7,6,10,7,3,15,9,6
210,225,13,6,7,12,5,7,12,5,7,12,5,7,13,5,8,14,6,8
210,37,2438,1187,1251,3882,1878,2004,5418,2614,2804,8320,4882,3438,11721,7452,4269,13099,8325,4774
210,220,4101,2283,1818,5111,2864,2247,6330,3569,2761,7166,3581,3585,8091,3974,4117,10295,5042,5253
210,11,411,235,176,469,270,199,500,290,210,500,310,190,590,350,240,675,411,264
210,146,546,308,238,633,353,280,720,398,322,767,425,342,814,452,362,855,476,379
210,68,0,0,0,0,0,0,0,0,0,0,0,0,7,6,1,7,6,1
210,28,0,0,0,0,0,0,0,0,0,0,0,0,79,67,12,95,81,14
211,39,6,1,5,8,1,7,10,2,8,8,2,6,8,2,6,7,2,5
211,64,770,596,174,685,508,177,654,460,194,779,562,217,841,598,243,998,672,326
211,118,2197,1705,492,2014,1483,531,1865,1298,567,2055,1542,513,2249,1694,555,2535,1901,634
211,142,52,31,21,49,30,19,48,28,20,37,22,15,35,21,14,32,20,12
211,191,792,484,308,551,350,201,468,309,159,560,366,194,894,581,313,1213,789,424
211,108,19692,9567,10125,27068,13414,13654,34443,17261,17182,39266,20197,19069,44089,23134,20955,46894,24971,21923
211,112,833,368,465,928,429,499,1009,482,527,1108,529,579,1191,567,624,1051,497,554
211,202,1175,516,659,955,495,460,822,522,300,792,424,368,810,356,454,803,347,456
211,136,109,62,47,120,72,48,133,82,51,148,85,63,180,104,76,198,111,87
211,161,202,111,91,493,256,237,922,468,454,874,443,431,866,430,436,879,436,443
211,203,0,0,0,0,0,0,1,0,1,0,0,0,1,1,0,1,1,0
211,97,343,163,180,236,112,124,129,61,68,119,56,63,109,51,58,105,49,56
211,99,277,158,119,304,174,130,683,404,279,1024,606,418,2472,1514,958,2447,1489,958
211,194,0,0,0,4,4,0,10,7,3,22,12,10,45,24,21,44,23,21
211,9,1956,505,1451,2075,595,1480,2270,689,1581,1502,490,1012,1250,436,814,581,238,343
211,13,2894,2094,800,2540,1881,659,2560,1886,674,2429,1770,659,2224,1642,582,2121,1578,543
211,15,1291,923,368,1420,1000,420,1553,1073,480,1984,1349,635,2853,1924,929,2170,1453,717
211,55,152,75,77,215,101,114,278,128,150,407,186,221,653,303,350,682,320,362
211,79,455,210,245,513,245,268,570,280,290,755,374,381,944,469,475,875,435,440
211,100,938,631,307,17439,10300,7139,13885,8201,5684,17331,10237,7094,17502,10766,6736,17515,9809,7706
211,103,31449,15362,16087,32492,15618,16874,31716,15181,16535,29236,13955,15281,27111,12867,14244,27960,13198,14762
211,107,957,599,358,1101,764,337,1245,931,314,1798,1399,399,2312,1827,485,1083,806,277
211,111,8007,4848,3159,6416,4088,2328,7319,4943,2376,7905,5214,2691,10463,6818,3645,12297,7423,4874
211,115,437,273,164,501,340,161,565,408,157,442,324,118,319,240,79,268,129,139
211,165,2308,1683,625,2508,1870,638,2335,1781,554,3053,2264,789,6249,5009,1240,5046,4111,935
211,217,9781,6963,2818,12534,8978,3556,16010,11468,4542,16152,11185,4967,32055,22449,9606,25089,17488,7601
211,18,11,11,0,18,17,1,25,24,1,24,23,1,23,22,1,25,24,1
211,31,743,469,274,1377,943,434,2010,1417,593,2963,2137,826,3791,2767,1024,6551,4630,1921
211,56,55,41,14,82,61,21,109,81,28,539,424,115,924,737,187,1580,1160,420
211,95,385,171,214,919,588,331,1452,1005,447,1793,1251,542,2134,1497,637,2154,1512,642
211,162,641,414,227,548,351,197,469,298,171,676,488,188,906,692,214,874,670,204
211,167,87,59,28,79,53,26,160,108,52,225,151,74,203,78,125,184,65,119
211,169,878,695,183,1810,1486,324,2645,2174,471,2927,2340,587,3060,2452,608,5555,4438,1117
211,170,13032,6395,6637,11200,6696,4504,8962,6756,2206,9602,7418,2184,10045,7928,2117,10237,8068,2169
211,187,10,9,1,92,76,16,201,165,36,226,186,40,253,209,44,308,255,53
211,216,1637,1390,247,1583,1351,232,1550,1329,221,1416,1215,201,1351,1160,191,1355,1164,191
211,59,19476,10525,8951,24783,13189,11594,30089,15852,14237,31925,16741,15184,33760,17630,16130,34379,17910,16469
211,73,457,385,72,1133,909,224,1808,1433,375,3594,2696,898,5379,3958,1421,7860,5450,2410
211,96,18,11,7,27,17,10,35,22,13,49,31,18,62,39,23,70,43,27
211,101,94,72,22,260,196,64,570,434,136,572,444,128,479,363,116,489,369,120
211,114,12,9,3,18,14,4,25,20,5,66,50,16,106,78,28,88,65,23
211,120,40,31,9,45,34,11,35,27,8,59,46,13,75,57,18,64,48,16
211,153,4977,3076,1901,5974,3381,2593,7300,4115,3185,9124,5178,3946,10475,5924,4551,11192,6279,4913
211,199,25061,13287,11774,29740,15662,14078,31894,16698,15196,35853,19033,16820,42527,23305,19222,47188,26142,21046
211,218,25947,14729,11218,38795,21671,17124,52296,28932,23364,68300,37617,30683,89865,49661,40204,100956,55181,45775
211,1,2489,1633,856,2690,1771,919,2892,1909,983,2441,1674,767,1990,1365,625,2172,1490,682
211,52,0,0,0,0,0,0,0,0,0,43,26,17,85,51,34,86,52,34
211,83,34502,17362,17140,54741,24365,30376,75879,31218,44661,55051,23162,31889,34223,15106,19117,33489,14010,19479
211,104,7575,4083,3492,8597,4609,3988,9618,5134,4484,15053,8490,6563,20487,11845,8642,20491,11693,8798
211,127,79,52,27,93,62,31,117,79,38,139,94,45,214,143,71,268,184,84
211,163,31,22,9,66,46,20,105,73,32,200,127,73,262,159,103,287,170,117
211,182,47,33,14,302,207,95,411,278,133,406,273,133,397,266,131,388,260,128
211,188,5,3,2,10,8,2,17,13,4,39,26,13,98,69,29,108,78,30
211,193,454,290,164,590,387,203,981,657,324,1871,1271,600,3276,2152,1124,3969,2467,1502
211,204,11417,4760,6657,13247,5556,7691,18717,7802,10915,19250,8026,11224,19770,9250,10520,19922,8700,11222
211,12,88108,46640,41468,99359,53389,45970,110695,60129,50566,134325,72226,62099,158045,84319,73726,184847,99090,85757
211,19,80005,41719,38286,68285,34878,33407,54587,27151,27436,39669,19677,19992,39354,19776,19578,43686,22730,20956
211,74,241148,129178,111970,248944,131409,117535,256739,133639,123100,229714,123372,106342,274965,144901,130064,297429,156281,141148
211,80,1586121,807841,778280,1617880,833541,784339,1649639,859242,790397,1625231,835704,789527,1600822,812166,788656,1655996,840158,815838
211,119,820,438,382,997,515,482,1158,577,581,870,439,431,585,300,285,623,326,297
211,121,194,104,90,184,95,89,177,87,90,153,80,73,132,75,57,201,114,87
211,145,140494,75989,64505,155845,82963,72882,176615,92625,83990,195774,101972,93802,197219,101779,95440,199551,102695,96856
211,200,51936,28935,23001,54615,31011,23604,57493,33268,24225,64071,35695,28376,71894,36151,35743,84488,45402,39086
211,10,115,110,5,63,59,4,11,8,3,11,8,3,0,0,0,0,0,0
211,62,73,39,34,81,42,39,89,46,43,59,33,26,29,20,9,31,21,10
211,164,42,20,22,44,22,22,47,23,24,36,17,19,22,10,12,21,10,11
211,50,6,4,2,5,3,2,6,3,3,4,2,2,8,4,4,8,4,4
211,88,16,3,13,16,4,12,15,5,10,19,7,12,22,9,13,25,10,15
211,133,290,128,162,317,142,175,359,163,196,297,160,137,270,176,94,267,175,92
211,157,33,21,12,35,22,13,40,25,15,66,49,17,96,76,20,112,89,23
211,8,2498,1108,1390,1914,875,1039,1331,643,688,982,482,500,633,322,311,635,323,312
211,24,2,0,2,8,4,4,13,8,5,23,14,9,32,20,12,37,23,14
211,28,1031,551,480,862,409,453,693,268,425,530,258,272,359,243,116,432,292,140
211,42,178,90,88,215,111,104,252,132,120,205,120,85,157,107,50,258,152,106
211,46,73,30,43,62,28,34,51,26,25,44,25,19,44,28,16,47,30,17
211,160,37,24,13,33,21,12,39,25,14,46,29,17,49,31,18,52,33,19
211,225,115,68,47,113,67,46,111,65,46,116,68,48,123,73,50,132,78,54
211,22,26,15,11,43,37,6,60,60,0,102,73,29,143,85,58,144,85,59
211,37,11692,5692,6000,14476,7008,7468,17605,8493,9112,21346,10969,10377,26370,14132,12238,29470,15785,13685
211,220,55087,23987,31100,65395,28762,36633,78378,34831,43547,87208,38987,48221,97108,42487,54621,107627,46912,60715
211,11,33246,17541,15705,32718,17046,15672,34070,17510,16560,37460,19310,18150,39830,20720,19110,43000,22243,20757
211,68,0,0,0,0,0,0,0,0,0,0,0,0,87,75,12,81,70,11
211,137,0,0,0,0,0,0,0,0,0,0,0,0,79,4,75,88,5,83
212,64,21,19,2,27,21,6,35,25,10,42,31,11,45,33,12,53,37,16
212,118,58,53,5,115,89,26,175,127,48,192,150,42,211,166,45,237,186,51
212,108,338,195,143,555,323,232,771,450,321,879,523,356,987,596,391,1050,641,409
212,112,2941,1265,1676,2427,1047,1380,1876,813,1063,1516,652,864,1134,481,653,1001,422,579
212,202,1084,476,608,744,347,397,473,253,220,456,222,234,466,205,261,462,200,262
212,223,330,186,144,551,312,239,796,450,346,810,466,344,792,463,329,763,452,311
212,99,216,124,92,237,136,101,248,147,101,297,176,121,4950,3030,1920,4901,2981,1920
212,9,820,236,584,871,275,596,953,317,636,630,223,407,525,197,328,875,353,522
212,13,2352,934,1418,2065,896,1169,2081,886,1195,1975,806,1169,1808,777,1031,1724,761,963
212,55,3,1,2,4,1,3,5,1,4,7,1,6,12,2,10,13,3,10
212,79,1609,724,885,1335,599,736,1060,474,586,977,438,539,899,404,495,833,375,458
212,103,507,236,271,871,404,467,1187,556,631,1699,801,898,2231,1053,1178,2301,1080,1221
212,211,492,362,130,1190,862,328,1894,1366,528,1953,1397,556,2012,1427,585,2040,1433,607
212,18,6339,3062,3277,6005,2915,3090,5670,2768,2902,5592,2729,2863,5513,2690,2823,5464,2667,2797
212,31,7,0,7,61,19,42,115,39,76,187,67,120,252,93,159,283,107,176
212,56,12,5,7,18,8,10,23,10,13,91,39,52,152,68,84,160,64,96
212,162,62,13,49,53,11,42,46,9,37,50,7,43,56,4,52,54,4,50
212,170,165923,81420,84503,173279,85376,87903,174352,86268,88084,180124,87695,92429,182189,87373,94816,185664,88556,97108
212,216,31201,13370,17831,28347,12632,15715,25840,12048,13792,23610,11026,12584,22527,10537,11990,22602,10589,12013
212,59,4,1,3,4,1,3,4,2,2,10,2,8,15,1,14,16,3,13
212,68,996,477,519,684,315,369,371,152,219,366,143,223,358,132,226,332,122,210
212,73,0,0,0,2,1,1,4,2,2,12,5,7,20,9,11,27,9,18
212,96,0,0,0,0,0,0,0,0,0,1,0,1,1,0,1,1,0,1
212,101,1,0,1,3,1,2,6,3,3,5,2,3,4,1,3,4,1,3
212,114,23,10,13,475,229,246,928,448,480,831,401,430,714,337,377,598,279,319
212,120,3341,1504,1837,479,217,262,375,170,205,356,158,198,289,113,176,245,92,153
212,153,0,0,0,0,0,0,9,5,4,42,23,19,57,31,26,75,38,37
212,199,44,14,30,52,16,36,56,17,39,158,60,98,215,80,135,238,88,150
212,218,12,7,5,51,19,32,91,30,61,379,146,233,699,276,423,784,303,481
212,83,40196,22262,17934,19982,11140,8842,97,42,55,108,45,63,119,48,71,116,44,72
212,104,7,3,4,26,3,23,44,2,42,125,19,106,206,36,170,206,33,173
212,182,3,1,2,22,5,17,30,6,24,30,6,24,30,6,24,29,6,23
212,193,1,0,1,2,0,2,27,5,22,13,2,11,27,7,20,60,20,40
212,12,77,26,51,87,30,57,97,35,62,109,38,71,120,40,80,140,47,93
212,19,5,3,2,5,3,2,4,2,2,11,4,7,13,6,7,27,11,16
212,74,217,99,118,224,100,124,230,100,130,156,41,115,195,83,112,211,89,122
212,80,28,16,12,1774,759,1015,3519,1501,2018,4961,2176,2785,6403,2852,3551,6624,2951,3673
212,200,18,4,14,33,11,22,49,17,32,64,21,43,82,23,59,96,32,64
212,24,0,0,0,1,0,1,1,0,1,1,0,1,0,0,0,0,0,0
212,42,3,0,3,3,1,2,2,1,1,2,1,1,2,1,1,5,3,2
212,37,106,52,54,106,51,55,109,52,57,256,108,148,418,170,248,467,190,277
212,220,569,279,290,717,355,362,896,447,449,1312,658,654,1745,772,973,2079,917,1162
212,11,25,9,16,18,5,13,10,0,10,30,0,30,60,0,60,63,0,63
212,28,0,0,0,0,0,0,0,0,0,0,0,0,21,6,15,25,7,18
213,31,1,1,0,2,2,0,2,2,0,3,3,0,3,3,0,3,3,0
213,101,0,0,0,1,1,0,2,2,0,2,2,0,1,1,0,1,1,0
213,218,17,11,6,70,34,36,126,59,67,108,52,56,99,49,50,110,54,56
213,74,7,3,4,7,3,4,7,3,4,1,0,1,7,4,3,8,5,3
213,7,4,2,2,5,2,3,5,2,3,6,3,3,6,3,3,6,3,3
213,14,2080,892,1188,1284,558,726,488,224,264,957,402,555,1426,580,846,1545,622,923
213,62,3,3,0,4,4,0,4,4,0,19,9,10,33,14,19,35,15,20
213,42,3,2,1,3,2,1,2,1,1,2,1,1,2,2,0,5,5,0
213,22,158,73,85,136,63,73,113,53,60,98,30,68,82,7,75,83,7,76
213,37,38,19,19,24,12,12,10,5,5,40,28,12,73,54,19,82,61,21
214,31,4,3,1,6,4,2,8,6,2,11,8,3,14,10,4,2,1,1
214,56,1,1,0,1,1,0,1,1,0,1,1,0,0,0,0,0,0,0
214,170,29,14,15,31,15,16,33,15,18,305,129,176,571,239,332,582,242,340
214,73,0,0,0,0,0,0,0,0,0,1,0,1,2,1,1,3,2,1
214,83,20,11,9,48,23,25,77,35,42,44,20,24,11,6,5,11,6,5
214,104,0,0,0,1,1,0,1,1,0,4,2,2,6,3,3,6,3,3
214,193,12,6,6,19,10,9,232,128,104,112,61,51,48,28,20,34,20,14
214,12,7,2,5,8,2,6,9,3,6,10,3,7,11,3,8,12,3,9
214,74,1,0,1,1,0,1,1,0,1,6,6,0,1,0,1,1,0,1
214,8,8,4,4,8,4,4,8,4,4,6,3,3,4,2,2,4,2,2
214,37,10,5,5,10,5,5,10,5,5,5,3,2,0,0,0,0,0,0
214,11,71,35,36,88,44,44,100,50,50,150,70,80,160,60,100,190,95,95
214,147,1026,478,548,1381,648,733,989,481,508,1173,570,603,1334,647,687,1474,713,761
214,72,378,201,177,372,196,176,371,196,175,372,196,176,399,213,186,411,222,189
214,110,377,203,174,339,177,162,302,152,150,295,157,138,288,162,126,316,178,138
214,143,316,183,133,292,170,122,268,156,112,252,147,105,236,137,99,229,132,97
214,151,40,27,13,57,35,22,73,47,26,74,47,27,76,47,29,78,48,30
214,177,39,21,18,66,36,30,93,50,43,87,47,40,76,40,36,74,39,35
214,207,21,14,7,20,14,6,25,20,5,24,17,7,39,24,15,45,28,17
215,33,1833,898,935,1546,753,793,949,461,488,805,425,380,731,426,305,891,520,371
215,67,175,109,66,682,427,255,1190,746,444,1345,862,483,1498,977,521,1524,1000,524
215,69,103,54,49,135,80,55,192,121,71,161,93,68,178,93,85,218,111,107
215,109,83355,42091,41264,237964,117617,120347,299871,143504,156367,291776,144595,147181,326978,153956,173022,333789,157796,175993
215,171,34106,17682,16424,51986,26945,25041,79241,41063,38178,93430,48405,45025,92808,48077,44731,92195,47755,44440
215,183,5,5,0,5,3,2,6,1,5,15,6,9,25,11,14,28,13,15
215,192,0,0,0,0,0,0,0,0,0,0,0,0,144466,70495,73971,140607,74679,65928
215,219,19706,10298,9408,15546,8116,7430,12286,6381,5905,9484,4962,4522,6938,3576,3362,4857,2542,2315
215,230,349,214,135,359,221,138,370,227,143,355,218,137,456,279,177,382,193,189
215,58,18418,8866,9552,19780,9780,10000,24177,11858,12319,30111,14769,15342,33,17,16,6224,1135,5089
215,64,91,81,10,75,65,10,64,53,11,76,64,12,82,69,13,97,80,17
215,196,74433,37302,37131,57771,29182,28589,44409,22698,21711,26103,13408,12695,2079,1047,1032,1250,640,610
215,27,295,158,137,411,227,184,570,319,251,902,500,402,1238,683,555,1645,900,745
215,116,185,102,83,160,88,72,130,72,58,132,73,59,134,74,60,137,76,61
215,142,712,360,352,680,346,334,633,323,310,500,254,246,481,245,236,440,225,215
215,191,4621,2345,2276,2882,1578,1304,1962,1207,755,2403,1441,962,3916,2316,1600,12837,7599,5238
215,198,1,1,0,8,5,3,30,15,15,39,19,20,48,23,25,55,27,28
215,203,0,0,0,0,0,0,0,0,0,0,0,0,0,0,0,0,0,0
215,97,2058,935,1123,1465,680,785,872,426,446,806,393,413,739,359,380,712,345,367
215,55,5,4,1,7,5,2,9,7,2,13,10,3,21,16,5,22,17,5
215,31,1,1,0,2,2,0,3,3,0,4,3,1,5,4,1,6,5,1
215,56,4,2,2,6,3,3,8,4,4,16,8,8,23,12,11,31,16,15
215,95,6,6,0,14,10,4,22,14,8,27,16,11,32,19,13,36,22,14
215,162,61,34,27,52,29,23,45,24,21,54,25,29,65,25,40,63,25,38
215,170,100,49,51,93,51,42,84,52,32,82,49,33,80,46,34,82,47,35
215,59,269,118,151,605,238,367,941,359,582,1159,442,717,1377,526,851,1483,565,918
215,73,10,8,2,16,11,5,22,14,8,80,44,36,137,73,64,226,108,118
215,96,3,0,3,5,0,5,6,0,6,14,2,12,22,5,17,39,10,29
215,101,29,13,16,80,35,45,175,79,96,175,85,90,146,65,81,149,65,84
215,114,1,0,1,1,0,1,2,1,1,2,2,0,2,2,0,1,1,0
215,153,242,146,96,325,188,137,459,246,213,635,308,327,839,402,437,1124,521,603
215,199,1880,945,935,2231,1113,1118,2393,1186,1207,2516,1232,1284,3013,1464,1549,4067,2014,2053
215,218,49648,26028,23620,51083,26338,24745,53378,27028,26350,53634,26325,27309,58257,28029,30228,65447,31031,34416
215,83,107,59,48,99,47,52,93,36,57,118,45,73,143,55,88,140,50,90
215,104,53,18,35,208,78,130,363,139,224,665,281,384,967,424,543,967,414,553
215,163,17,7,10,36,14,22,58,23,35,44,18,26,24,10,14,27,10,17
215,193,11,5,6,17,8,9,214,108,106,103,51,52,195,104,91,211,110,101
215,12,150,79,71,170,91,79,189,102,87,212,112,100,234,122,112,274,144,130
215,19,96,53,43,96,53,43,93,52,41,141,75,66,240,120,120,362,183,179
215,74,421,181,240,435,183,252,448,184,264,343,147,196,537,215,322,581,232,349
215,80,1013,659,354,1151,669,482,1288,679,609,1897,876,1021,2506,1073,1433,2592,1110,1482
215,145,321,179,142,472,258,214,640,345,295,872,457,415,1175,605,570,1508,719,789
215,200,367,163,204,451,211,240,537,259,278,600,274,326,676,265,411,794,345,449
215,14,0,0,0,0,0,0,0,0,0,6,2,4,11,3,8,12,3,9
215,50,8,6,2,6,4,2,7,5,2,5,4,1,9,6,3,9,6,3
215,8,1,0,1,1,0,1,1,0,1,1,0,1,1,0,1,1,0,1
215,24,2,0,2,1,0,1,0,0,0,0,0,0,0,0,0,0,0,0
215,42,11,5,6,7,3,4,2,1,1,2,1,1,2,2,0,5,5,0
215,37,8598,4186,4412,9646,4672,4974,10924,5270,5654,11032,5236,5796,11803,5533,6270,13191,6180,7011
215,220,6684,2845,3839,9027,3887,5140,11741,5105,6636,22197,9712,12485,32926,14087,18839,41203,17560,23643
215,11,925,508,417,1218,657,561,1440,770,670,1910,990,920,2890,1460,1430,3397,1726,1671
215,68,0,0,0,0,0,0,0,0,0,0,0,0,2,2,0,2,2,0
215,28,0,0,0,0,0,0,0,0,0,0,0,0,64,36,28,77,43,34
216,64,67,35,32,92,36,56,125,40,85,149,54,95,161,55,106,191,49,142
216,118,189,98,91,413,183,230,644,275,369,709,376,333,776,416,360,874,463,411
216,142,380,328,52,363,314,49,338,291,47,267,230,37,257,222,35,235,204,31
216,191,1822,832,990,1488,706,782,1577,750,827,1887,873,1014,3012,1380,1632,4090,1877,2213
216,34,28,14,14,37,19,18,46,24,22,34,18,16,21,11,10,22,12,10
216,89,84,39,45,96,50,46,104,54,50,189,78,111,293,110,183,326,123,203
216,108,356063,163654,192409,302168,138997,163171,248273,114341,133932,283038,134400,148638,317803,154460,163343,338022,167131,170891
216,112,85115,35522,49593,69408,28631,40777,52617,21294,31323,41787,16730,25057,30323,11918,18405,26771,10431,16340
216,202,3990,1752,2238,2520,1310,1210,1279,999,280,1233,752,481,1261,554,707,1250,540,710
216,212,12576,5938,6638,6714,3150,3564,5367,2496,2871,5233,2494,2739,4862,2384,2478,4822,2403,2419
216,223,180213,79596,100617,153360,67353,86007,131027,57167,73860,132963,59693,73270,129604,59826,69778,124602,58553,66049
216,9,10066,3708,6358,5665,1807,3858,3008,622,2386,1990,464,1526,1657,429,1228,2645,797,1848
216,13,3842,817,3025,3372,878,2494,3399,850,2549,3225,731,2494,2953,753,2200,2817,763,2054
216,55,815,287,528,1153,376,777,1490,465,1025,2181,671,1510,3496,1108,2388,3650,1182,2468
216,79,46581,20387,26194,38158,16431,21727,29734,12475,17259,26802,11234,15568,24030,10060,13970,22263,9332,12931
216,103,168081,77361,90720,170963,77252,93711,164271,73822,90449,146749,65661,81088,131007,58132,72875,135112,59587,75525
216,107,45,6,39,263,36,227,480,67,413,694,170,524,892,257,635,418,55,363
216,115,21,3,18,120,8,112,218,12,206,171,16,155,123,20,103,104,50,54
216,211,1011,342,669,2447,760,1687,3893,1177,2716,4011,1149,2862,4133,1118,3015,4195,1066,3129
216,18,261845,125347,136498,248032,119339,128693,234219,113332,120887,230971,111734,119237,227722,110136,117586,225734,109228,116506
216,31,1671,446,1225,2451,592,1859,3230,738,2492,4526,1095,3431,5631,1404,4227,6400,1590,4810
216,56,8198,3958,4240,12298,6115,6183,16397,8271,8126,73905,42073,31832,125343,73923,51420,97474,53244,44230
216,95,3040,1351,1689,11454,4544,6910,19867,7736,12131,24540,9821,14719,29212,11906,17306,34369,14577,19792
216,162,438692,181106,257586,375267,151564,223703,321013,126735,194278,263473,100752,162721,214193,76854,137339,206518,75706,130812
216,167,245741,108329,137412,165990,72882,93108,112007,49281,62726,77919,34361,43558,70622,27117,43505,64009,22640,41369
216,169,15695,6575,9120,14717,6397,8320,12944,5279,7665,13131,5006,8125,12611,5379,7232,9641,4249,5392
216,170,3301922,1620293,1681629,3485074,1694890,1790184,3541839,1708694,1833145,3293929,1557903,1736026,2978217,1376105,1602112,3269992,1518786,1751206
216,187,2619,1012,1607,4039,1358,2681,6568,2076,4492,7365,2414,4951,8258,2782,5476,10001,3552,6449
216,59,605,231,374,650,249,401,695,267,428,3602,1958,1644,6508,3649,2859,6870,3444,3426
216,68,43063,23002,20061,33755,17538,16217,24457,12068,12389,24004,11681,12323,23350,11147,12203,21683,10337,11346
216,73,0,0,0,92,39,53,183,77,106,593,257,336,1003,437,566,1822,764,1058
216,96,11,3,8,17,5,12,22,7,15,118,41,77,214,75,139,272,90,182
216,101,170,83,87,925,438,487,2189,1072,1117,3627,1978,1649,4468,2349,2119,4564,2373,2191
216,114,46572,23774,22798,49867,24807,25060,53157,25837,27320,47145,22647,24498,39933,18518,21415,33493,15319,18174
216,120,43228,22776,20452,25598,13532,12066,20051,10581,9470,18521,9695,8826,14475,7043,7432,12248,5821,6427
216,153,6,3,3,77,31,46,314,75,239,1120,267,853,2463,582,1881,4236,1103,3133
216,199,1146,358,788,1360,417,943,1459,441,1018,2777,808,1969,4741,1446,3295,6982,2265,4717
216,218,3233,2398,835,7311,4476,2835,11512,6621,4891,15544,7147,8397,20842,8336,12506,23414,9177,14237
216,52,0,0,0,0,0,0,0,0,0,377,81,296,753,162,591,758,162,596
216,83,189,105,84,8282,2162,6120,16512,4144,12368,18198,4315,13883,19883,4486,15397,19457,3768,15689
216,104,206,72,134,6959,1124,5835,13711,2175,11536,117957,25160,92797,222203,48145,174058,222241,45039,177202
216,127,30,6,24,36,8,28,92,23,69,145,36,109,268,62,206,336,90,246
216,163,3196,2594,602,6899,5597,1302,10882,8831,2051,28315,17856,10459,41047,23939,17108,45051,25476,19575
216,178,4,3,1,25,2,23,48,1,47,50,2,48,53,3,50,60,6,54
216,182,156,29,127,994,170,824,1352,208,1144,1334,192,1142,1304,186,1118,1274,179,1095
216,188,89,45,44,193,62,131,299,79,220,884,247,637,1499,384,1115,1764,505,1259
216,193,408,169,239,1038,456,582,2115,955,1160,61162,30759,30403,79843,36759,43084,77420,32338,45082
216,204,65,27,38,61,26,35,57,24,33,58,25,33,60,26,34,64,28,36
216,12,4534,1337,3197,5115,1567,3548,5696,1797,3899,6367,1905,4462,7038,2013,5025,8232,2387,5845
216,19,2298,790,1508,2283,781,1502,2202,756,1446,1848,638,1210,2999,1045,1954,4981,1881,3100
216,74,7869,2753,5116,8124,2754,5370,8378,2754,5624,12020,3929,8091,14681,4631,10050,15880,4974,10906
216,80,16108,7429,8679,85683,34982,50701,155257,62534,92723,203852,80745,123107,252446,98955,153491,261147,102366,158781
216,119,3,1,2,6,1,5,9,1,8,14,2,12,20,3,17,37,7,30
216,121,169,21,148,160,20,140,154,19,135,133,23,110,115,28,87,175,44,131
216,145,46,28,18,67,40,27,92,53,39,427,217,210,681,340,341,1208,587,621
216,200,1593,464,1129,3109,949,2160,4638,1444,3194,5401,1491,3910,6269,1199,5070,7367,1823,5544
216,14,0,0,0,0,0,0,0,0,0,9,2,7,17,4,13,18,4,14
216,53,1367,460,907,1036,320,716,705,180,525,702,183,519,641,170,471,577,153,424
216,62,121,49,72,135,53,82,148,56,92,110,40,70,72,24,48,76,25,51
216,50,135,48,87,102,38,64,119,43,76,78,28,50,153,54,99,159,55,104
216,133,250,116,134,279,123,156,322,137,185,307,119,188,329,115,214,452,183,269
216,148,80,28,52,64,22,42,65,25,40,69,29,40,73,31,42,78,33,45
216,157,66,40,26,94,57,37,128,77,51,271,211,60,428,356,72,502,417,85
216,8,3583,1535,2048,5809,2635,3174,8036,3737,4299,5928,2807,3121,3820,1877,1943,4408,2165,2243
216,24,0,0,0,57,17,40,114,35,79,106,30,76,98,26,72,114,30,84
216,42,35,18,17,96,50,46,157,83,74,128,75,53,98,67,31,163,98,65
216,46,208,79,129,203,78,125,197,76,121,188,74,114,211,86,125,226,93,133
216,63,134,58,76,151,66,85,167,73,94,197,89,108,276,120,156,401,173,228
216,160,171,59,112,150,51,99,176,60,116,206,70,136,223,77,146,241,84,157
216,225,187,77,110,184,76,108,180,73,107,189,77,112,199,82,117,211,85,126
216,37,50845,24753,26092,51057,24738,26319,52484,25318,27166,57232,26461,30771,65417,29275,36142,73108,32692,40416
216,220,154211,75431,78780,210382,103154,107228,275153,135434,139719,290263,143576,146687,308931,150116,158815,345783,167502,178281
216,11,12428,6330,6098,16704,8047,8657,17030,7760,9270,16810,7230,9580,16380,6680,9700,17227,7055,10172
216,147,247,134,113,330,174,156,817,398,419,1104,536,568,1263,612,651,1402,678,724
216,137,0,0,0,0,0,0,0,0,0,0,0,0,135,88,47,141,92,49
216,28,0,0,0,0,0,0,0,0,0,0,0,0,727,311,416,875,374,501
217,64,464,302,162,475,290,185,523,301,222,623,375,248,672,394,278,797,424,373
217,118,1322,863,459,1669,1063,606,2044,1294,750,2251,1573,678,2462,1728,734,2775,1937,838
217,191,175,67,108,109,48,61,75,39,36,89,45,44,143,72,71,184,93,91
217,130,62,24,38,66,30,36,68,35,33,68,36,32,68,37,31,68,38,30
217,161,99,54,45,242,126,116,453,230,223,429,217,212,425,210,215,431,213,218
217,97,9940,4881,5059,12301,6147,6154,14662,7413,7249,13547,6834,6713,12432,6255,6177,11986,6023,5963
217,194,19,10,9,215,170,45,413,283,130,816,406,410,1645,833,812,1634,814,820
217,15,771,313,458,1359,590,769,1952,859,1093,3429,1716,1713,5663,2955,2708,4041,2080,1961
217,55,38,23,15,54,32,22,69,40,29,101,59,42,162,95,67,169,100,69
217,100,222,168,54,262,183,79,248,155,93,284,207,77,287,214,73,288,226,62
217,107,156,64,92,205,105,100,254,147,107,366,230,136,471,306,165,221,127,94
217,111,4778,846,3932,5852,1924,3928,9199,3792,5407,13635,6304,7331,21472,10477,10995,24662,10294,14368
217,154,2702,1562,1140,7470,4299,3171,10139,6173,3966,7711,4514,3197,6529,3729,2800,14759,8542,6217
217,165,39178,25344,13834,41796,28726,13070,38184,27896,10288,18041,11902,6139,12533,8875,3658,9682,7042,2640
217,195,10629,5173,5456,10387,5029,5358,10145,4884,5261,10570,5061,5509,10996,5238,5758,10888,5173,5715
217,211,3344,1762,1582,1689,893,796,41,26,15,42,27,15,43,28,15,43,28,15
217,18,15,9,6,19,10,9,23,11,12,22,10,12,20,9,11,23,11,12
217,31,1,1,0,14,8,6,26,15,11,43,25,18,58,34,24,94,51,43
217,56,8,7,1,12,10,2,15,12,3,25,20,5,33,26,7,53,43,10
217,95,0,0,0,62,34,28,123,67,56,152,84,68,181,101,80,241,130,111
217,162,118,61,57,100,51,49,86,43,43,106,54,52,130,67,63,124,63,61
217,170,283,139,144,261,146,115,230,147,83,292,176,116,349,202,147,355,205,150
217,187,4,3,1,20,13,7,43,26,17,49,30,19,55,34,21,67,41,26
217,59,56,38,18,124,72,52,192,106,86,258,137,121,324,168,156,372,192,180
217,73,14,11,3,22,17,5,30,23,7,56,39,17,82,55,27,156,90,66
217,96,0,0,0,1,1,0,1,1,0,2,1,1,2,1,1,4,3,1
217,101,39,20,19,107,53,54,235,121,114,235,128,107,197,101,96,201,102,99
217,114,1,1,0,1,1,0,2,2,0,5,4,1,9,6,3,7,5,2
217,120,17,10,7,19,12,7,14,9,5,21,12,9,27,14,13,23,11,12
217,153,27,16,11,34,16,18,82,41,41,132,68,64,244,119,125,407,217,190
217,199,275,140,135,327,165,162,351,176,175,484,252,232,742,400,342,1430,787,643
217,218,754,506,248,2965,1721,1244,5226,2960,2266,7777,4397,3380,10962,6225,4737,12314,6922,5392
217,83,17,9,8,47,29,18,77,49,28,83,49,34,88,49,39,86,46,40
217,104,2,1,1,11,4,7,19,7,12,195,102,93,370,197,173,370,194,176
217,127,6,3,3,8,4,4,9,5,4,13,7,6,24,16,8,30,21,9
217,182,2,1,1,18,9,9,25,12,13,25,12,13,25,12,13,24,12,12
217,193,14,7,7,22,11,11,266,144,122,128,68,60,225,127,98,326,186,140
217,12,97,46,51,109,52,57,121,59,62,136,64,72,150,69,81,176,82,94
217,74,266,153,113,275,156,119,283,159,124,641,322,319,725,401,324,784,432,352
217,145,20,15,5,29,22,7,41,30,11,426,231,195,520,272,248,742,395,347
217,200,124,75,49,192,114,78,262,154,108,313,173,140,371,182,189,435,229,206
217,24,0,0,0,1,1,0,2,2,0,1,1,0,0,0,0,0,0,0
217,42,8,4,4,7,5,2,5,5,0,4,4,0,3,3,0,5,5,0
217,46,38,24,14,37,23,14,36,23,13,34,22,12,38,25,13,41,27,14
217,37,1218,593,625,3822,1846,1976,6517,3144,3373,10402,5444,4958,14912,8084,6828,16665,9030,7635
217,220,1656,1040,616,4115,2602,1513,6744,4276,2468,8018,4007,4011,9392,4613,4779,11197,5483,5714
217,11,561,305,256,1005,538,467,1390,740,650,2790,1590,1200,5230,3040,2190,7131,3885,3246
217,68,0,0,0,0,0,0,0,0,0,0,0,0,7,5,2,7,5,2
217,28,0,0,0,0,0,0,0,0,0,0,0,0,32,32,0,39,39,0
218,67,34,14,20,38,14,24,43,14,29,49,17,32,56,21,35,56,21,35
218,123,769,399,370,1639,853,786,1578,819,759,1504,778,726,1478,763,715,1460,753,707
218,131,694,304,390,450,213,237,458,196,262,415,182,233,395,189,206,454,229,225
218,183,274,127,147,223,115,108,173,103,70,216,118,98,259,132,127,291,157,134
218,215,1071,565,506,1052,538,514,1264,685,579,1256,678,578,1249,672,577,1241,667,574
218,219,682,390,292,866,495,371,912,522,390,1015,593,422,1040,610,430,1061,448,613
218,230,1987,1090,897,1434,787,647,1036,569,467,1154,634,520,1286,680,606,1432,721,711
218,231,19136,10918,8218,18132,10344,7788,23747,13543,10204,19394,11061,8333,12174,6944,5230,7560,4310,3250
218,2,2060,1195,865,1430,774,656,800,353,447,1128,498,630,1455,642,813,1440,636,804
218,64,3051,1718,1333,2573,1400,1173,2299,1193,1106,2737,1502,1235,2954,1570,1384,3504,1647,1857
218,118,8712,4926,3786,6959,3905,3054,5321,3021,2300,5863,3782,2081,6415,4165,2250,7232,4661,2571
218,139,828,438,390,760,397,363,801,412,389,822,417,405,920,464,456,1233,619,614
218,27,3289,1848,1441,2034,922,1112,993,93,900,3600,284,3316,6220,478,5742,8264,558,7706
218,142,2540,1062,1478,2429,1025,1404,2256,958,1298,1783,751,1032,1718,726,992,1575,670,905
218,191,117362,47415,69947,105771,48929,56842,124002,61581,62421,148510,73053,75457,236904,114696,122208,318536,154419,164117
218,34,14,7,7,22,12,10,29,16,13,40,21,19,50,25,25,52,26,26
218,81,972,469,503,969,516,453,1084,530,554,1524,792,732,1130,550,580,1339,660,679
218,117,1146,608,538,1119,582,537,1099,557,542,499,324,175,230,105,125,58,28,30
218,172,274,161,113,282,159,123,291,157,134,332,183,149,374,210,164,384,214,170
218,184,611,345,266,595,329,266,580,314,266,567,304,263,563,300,263,561,298,263
218,202,477,210,267,387,246,141,333,306,27,321,237,84,328,182,146,325,142,183
218,43,4737,2935,1802,5649,3459,2190,6561,3982,2579,7238,4693,2545,7915,5403,2512,9108,6350,2758
218,44,11838,7658,4180,13212,8516,4696,14585,9373,5212,15924,9948,5976,17301,10546,6755,17666,10499,7167
218,57,188,110,78,205,118,87,221,125,96,249,142,107,276,159,117,304,176,128
218,106,10209,5201,5008,12657,6075,6582,16526,7635,8891,15133,6893,8240,16044,7216,8828,14959,6672,8287
218,136,65,28,37,71,33,38,79,39,40,75,46,29,80,61,19,87,66,21
218,166,559,324,235,855,568,287,1425,1011,414,2197,1634,563,3840,2869,971,3906,3294,612
218,30,1996,1144,852,1961,1131,830,1926,1119,807,1969,1149,820,2012,1179,833,2055,1209,846
218,35,43,30,13,113,79,34,182,127,55,142,100,42,102,73,29,92,66,26
218,98,20883,11363,9520,13817,7683,6134,6751,4003,2748,16969,9565,7404,28276,14939,13337,30446,16241,14205
218,124,3433,2154,1279,3930,2471,1459,4841,3020,1821,6672,4229,2443,9428,6095,3333,9852,6466,3386
218,161,6028,3305,2723,17403,8584,8819,33603,16101,17502,18487,8918,9569,4217,1968,2249,4282,2001,2281
218,203,21,13,8,36,23,13,59,36,23,951,644,307,1913,1305,608,2767,1895,872
218,226,256,140,116,1230,641,589,3613,1996,1617,2803,1610,1193,927,504,423,1119,603,516
218,16,9090,7975,1115,16056,13929,2127,23021,19882,3139,27337,23664,3673,31653,27447,4206,33470,29066,4404
218,23,17,8,9,19,8,11,22,9,13,28,12,16,34,15,19,36,15,21
218,97,5063,2394,2669,5508,2614,2894,5952,2833,3119,5500,2611,2889,5047,2389,2658,4866,2300,2566
218,125,94,52,42,94,47,47,89,49,40,101,60,41,138,90,48,190,135,55
218,194,48,31,17,182,136,46,317,213,104,594,299,295,1163,590,573,1155,576,579
218,15,1614,940,674,1493,890,603,1378,835,543,1602,1009,593,2181,1408,773,1657,1061,596
218,55,9055,4361,4694,12804,5899,6905,16552,7437,9115,24227,10800,13427,38844,17603,21241,40547,18593,21954
218,103,14958,7092,7866,17066,7937,9129,18218,8436,9782,19593,9037,10556,21205,9726,11479,21869,9973,11896
218,107,465,251,214,724,404,320,981,557,424,1417,880,537,1822,1171,651,853,481,372
218,111,10010,4226,5784,6908,3347,3561,6491,3809,2682,6443,3886,2557,8002,4963,3039,9394,5335,4059
218,115,212,114,98,329,174,155,445,233,212,349,190,159,252,146,106,212,102,110
218,154,4260,2866,1394,5188,3436,1752,4658,3231,1427,4061,2760,1301,4120,2792,1328,9314,6365,2949
218,165,2886,1742,1144,2677,1718,959,2070,1444,626,2433,1704,729,4771,3739,1032,3841,3065,776
218,211,6483,3140,3343,12029,5683,6346,17619,8234,9385,18156,8267,9889,18709,8288,10421,18992,8175,10817
218,217,12229,7070,5159,12845,7875,4970,14201,9074,5127,13007,8397,4610,24505,16500,8005,19164,12835,6329
218,18,340,178,162,409,178,231,478,178,300,460,171,289,441,164,277,461,171,290
218,31,59,45,14,692,393,299,1324,741,583,2165,1227,938,2914,1660,1254,5329,2961,2368
218,56,351,241,110,526,366,160,701,491,210,2383,1844,539,3869,3070,799,4795,3826,969
218,95,521,231,290,2091,1161,930,3661,2092,1569,4522,2619,1903,5383,3146,2237,6980,3960,3020
218,162,3732,2139,1593,3192,1809,1383,2731,1530,1201,18982,9987,8995,35829,18698,17131,34545,18228,16317
218,169,273,148,125,354,220,134,416,269,147,701,396,305,951,537,414,3124,1712,1412
218,170,899,441,458,865,463,402,800,467,333,1267,720,547,1708,958,750,1741,973,768
218,187,34,22,12,1426,744,682,3211,1671,1540,3601,1903,1698,4037,2159,1878,4890,2678,2212
218,41,54519,25643,28876,53511,25170,28341,56856,26733,30123,56412,26708,29704,55971,26678,29293,59380,28378,31002
218,59,9126,5155,3971,11553,6807,4746,14074,8453,5621,15496,9443,6053,17012,10428,6584,18556,11371,7185
218,68,31,20,11,48,30,18,64,40,24,295,203,92,524,365,159,487,339,148
218,70,139,76,63,92,41,51,88,40,48,86,37,49,92,42,50,100,48,52
218,73,1738,1119,619,2018,1383,635,2297,1646,651,3528,2547,981,4759,3449,1310,6898,4879,2019
218,96,647,355,292,684,381,303,721,407,314,918,542,376,1115,677,438,1271,770,501
218,101,184671,90869,93802,124169,59132,65037,131924,65087,66837,207764,107625,100139,249392,119746,129646,254761,120686,134075
218,102,30510,14427,16083,32475,15546,16929,34442,16664,17778,36200,17945,18255,37521,18922,18599,39052,19829,19223
218,114,117,85,32,167,118,49,218,152,66,803,479,324,1369,789,580,1148,656,492
218,120,281,136,145,315,154,161,246,120,126,2224,1179,1045,3901,2025,1876,3301,1678,1623
218,153,14586,7901,6685,13692,7392,6300,14347,8065,6282,14601,8333,6268,16868,10002,6866,19339,11869,7470
218,199,11473,7379,4094,13616,8720,4896,14602,9317,5285,17175,11260,5915,20839,13836,7003,24950,16520,8430
218,4,1043,557,486,975,516,459,907,476,431,1085,573,512,1125,594,531,988,529,459
218,52,182,53,129,186,70,116,171,81,90,419,219,200,666,357,309,670,358,312
218,82,3025,1587,1438,3316,1733,1583,3607,1880,1727,4462,2335,2127,5317,2790,2527,5673,3012,2661
218,83,34223,14115,20108,23503,9463,14040,13169,4712,8457,15618,6021,9597,18067,7331,10736,17679,6740,10939
218,104,59492,18059,41433,45568,14551,31017,31644,11043,20601,48310,19101,29209,64975,27158,37817,64986,26486,38500
218,127,5333,2289,3044,6258,2731,3527,7313,3299,4014,8005,3746,4259,9684,4705,4979,12046,6048,5998
218,163,6866,3302,3564,8269,4048,4221,10009,4974,5035,14299,7202,7097,16215,8249,7966,17798,8683,9115
218,182,79,44,35,504,274,230,686,366,320,677,357,320,662,348,314,647,340,307
218,188,75,36,39,106,56,50,139,77,62,201,104,97,568,318,250,578,338,240
218,193,61463,28231,33232,74249,34940,39309,118972,57736,61236,222431,110840,111591,319144,160319,158825,308821,152499,156322
218,12,6067,3247,2820,6845,3715,3130,7622,4183,3439,8519,4583,3936,9416,4983,4433,11013,5857,5156
218,19,21480,11571,9909,24013,13090,10923,25850,14271,11579,24478,13467,11011,24915,13886,11029,27335,15356,11979
218,74,102335,48902,53433,105643,49554,56089,108951,50207,58744,143491,70912,72579,171346,83958,87388,185344,90509,94835
218,80,103961,60202,43759,107736,62417,45319,111510,64632,46878,105710,61913,43797,99909,59194,40715,103352,61234,42118
218,119,27,18,9,37,25,12,47,32,15,51,31,20,57,31,26,70,37,33
218,121,2355,1231,1124,3041,1626,1415,3760,2040,1720,4047,2193,1854,4329,2349,1980,6559,3624,2935
218,145,36211,20267,15944,39070,21556,17514,43294,23549,19745,47459,26154,21305,47297,26182,21115,49549,27466,22083
218,200,22512,11425,11087,26763,14613,12150,31112,17890,13222,35657,19764,15893,40895,20529,20366,48058,25787,22271
218,6,197,70,127,259,87,172,320,104,216,369,120,249,402,132,270,431,142,289
218,7,623,299,324,720,350,370,817,402,415,876,430,446,935,459,476,994,487,507
218,14,1964,1043,921,1834,1005,829,1705,968,737,1772,1017,755,1839,1066,773,1993,1149,844
218,17,2988,1347,1641,3262,1500,1762,3535,1652,1883,2955,1343,1612,2389,1040,1349,2509,1092,1417
218,25,50,28,22,104,58,46,158,87,71,168,93,75,49,39,10,55,44,11
218,29,440,250,190,517,288,229,594,327,267,680,374,306,766,422,344,852,469,383
218,38,1049,576,473,1596,880,716,2143,1184,959,2058,1114,944,1969,1042,927,1944,1027,917
218,53,110,66,44,84,49,35,57,31,26,57,31,26,52,29,23,47,26,21
218,61,230,118,112,304,156,148,362,188,174,446,230,216,543,282,261,633,329,304
218,62,581,380,201,646,417,229,710,454,256,586,350,236,457,243,214,482,256,226
218,86,166,80,86,222,105,117,277,129,148,340,156,184,402,183,219,417,188,229
218,105,5469,2617,2852,5286,2539,2747,5103,2461,2642,4973,2415,2558,4843,2370,2473,4739,2319,2420
218,129,67,33,34,101,41,60,135,48,87,141,48,93,148,49,99,153,50,103
218,138,156,81,75,129,65,64,94,49,45,97,50,47,100,51,49,105,54,51
218,164,336,159,177,356,169,187,377,179,198,295,141,154,176,83,93,173,81,92
218,174,405,189,216,547,257,290,751,357,394,874,418,456,920,441,479,972,465,507
218,176,682,352,330,719,372,347,748,383,365,763,391,372,781,398,383,795,407,388
218,186,0,0,0,0,0,0,0,0,0,25,13,12,50,26,24,53,28,25
218,209,2157,1077,1080,1958,976,982,2090,1089,1001,2243,1167,1076,2286,1211,1075,2368,1273,1095
218,213,246,128,118,316,167,149,386,211,175,398,219,179,410,227,183,416,232,184
218,20,306,195,111,297,186,111,288,177,111,318,195,123,347,212,135,403,245,158
218,50,451,268,183,339,203,136,397,235,162,260,152,108,512,300,212,533,311,222
218,65,135,86,49,106,66,40,77,47,30,82,49,33,86,51,35,90,54,36
218,88,125,47,78,134,63,71,142,79,63,168,102,66,194,125,69,223,145,78
218,94,78,55,23,77,53,24,76,52,24,75,52,23,73,51,22,75,53,22
218,133,2273,1199,1074,3058,1528,1530,3976,1932,2044,3475,1829,1646,3379,1942,1437,3360,1930,1430
218,148,46,29,17,37,23,14,48,31,17,62,40,22,66,43,23,71,47,24
218,157,319,205,114,314,203,111,329,213,116,999,647,352,1717,1116,601,2017,1309,708
218,8,2391,969,1422,2184,952,1232,1978,937,1041,1459,703,756,940,470,470,943,471,472
218,24,580,307,273,619,333,286,651,354,297,714,383,331,776,411,365,903,478,425
218,28,3849,2086,1763,3947,2306,1641,4044,2526,1518,4506,2790,1716,4904,3013,1891,5905,3628,2277
218,42,1428,745,683,1537,817,720,1646,890,756,6328,3467,2861,11049,6040,5009,18161,7573,10588
218,46,991,541,450,1009,551,458,1026,560,466,1004,551,453,1155,644,511,1237,695,542
218,63,719,381,338,807,428,379,895,475,420,1056,571,485,1484,785,699,2158,1134,1024
218,71,664,382,282,640,373,267,704,418,286,650,374,276,798,450,348,872,486,386
218,91,131,71,60,211,115,96,290,158,132,390,214,176,490,271,219,574,317,257
218,159,140,73,67,169,91,78,198,108,90,188,103,85,179,98,81,174,95,79
218,160,1185,622,563,1034,537,497,1209,631,578,1415,742,673,1534,808,726,1658,877,781
218,222,535,263,272,523,240,283,513,218,295,355,170,185,246,129,117,130,92,38
218,225,1881,989,892,1761,951,810,1635,905,730,1679,908,771,1722,908,814,1803,939,864
218,22,4590,2565,2025,4726,2682,2044,4883,2805,2078,4436,2067,2369,4008,1333,2675,4061,1355,2706
218,37,688691,335273,353418,641095,310738,330357,608742,293662,315080,559313,269496,289817,543482,262298,281184,607377,292941,314436
218,84,32,22,10,22,12,10,24,15,9,16,10,6,19,15,4,15,12,3
218,220,640145,313120,327025,645750,316368,329382,677751,333595,344156,677129,334931,342198,684806,332755,352051,714999,349998,365001
218,11,1111203,561186,550017,1100221,554569,545652,1130210,570170,560040,1118810,566140,552670,1187150,604010,583140,1289396,657480,631916
218,147,227889,114932,112957,217660,109231,108429,211532,102813,108719,232954,113070,119884,250997,121621,129376,265014,128154,136860
218,72,759,432,327,646,365,281,528,293,235,308,163,145,331,177,154,341,184,157
218,158,2192,1155,1037,2245,1132,1113,1680,822,858,1880,1044,836,1594,908,686,1616,931,685
218,189,85,60,25,85,60,25,81,57,24,59,39,20,42,24,18,39,23,16
218,224,239,138,101,152,80,72,95,48,47,100,47,53,107,54,53,108,54,54
218,110,23,19,4,18,14,4,13,9,4,11,7,4,9,4,5,9,4,5
218,49,49,39,10,51,40,11,53,42,11,70,52,18,86,61,25,95,67,28
218,76,76,42,34,83,64,19,89,85,4,92,89,3,89,86,3,84,82,2
218,177,47,32,15,41,28,13,35,23,12,33,22,11,29,19,10,27,18,9
218,36,0,0,0,0,0,0,0,0,0,256,149,107,204,123,81,196,106,90
218,137,0,0,0,0,0,0,0,0,0,0,0,0,98,15,83,103,17,86
218,54,0,0,0,0,0,0,0,0,0,0,0,0,23,9,14,24,9,15
219,33,11912,5838,6074,9780,4763,5017,5692,2768,2924,13732,6449,7283,22974,10685,12289,28008,13037,14971
219,47,163,79,84,162,78,84,160,77,83,153,74,79,146,71,75,145,71,74
219,67,218,113,105,296,149,147,375,186,189,446,225,221,517,264,253,526,272,254
219,109,66464,35782,30682,73119,38837,34282,51289,25674,25615,42082,21801,20281,39120,19347,19773,39935,19823,20112
219,123,3279,1118,2161,10676,4777,5899,10278,4583,5695,9794,4351,5443,9620,4265,5355,9507,4211,5296
219,140,2935,1568,1367,4571,2486,2085,5706,3045,2661,6526,3336,3190,7367,3715,3652,7652,3833,3819
219,171,15825,7947,7878,24121,12110,12011,36766,18453,18313,43346,21750,21596,43060,21605,21455,42776,21461,21315
219,215,32638,18492,14146,32059,17666,14393,25776,12890,12886,25623,12758,12865,25473,12627,12846,25321,12535,12786
219,230,6930,3879,3051,6172,3455,2717,4322,2221,2101,5057,2599,2458,5918,2965,2953,4493,2261,2232
219,64,156,129,27,126,101,25,107,82,25,127,99,28,137,106,31,163,121,42
219,118,445,369,76,317,249,68,196,136,60,215,161,54,235,176,59,264,197,67
219,27,460,257,203,743,395,348,1104,574,530,1666,856,810,2233,1140,1093,2967,1500,1467
219,116,116,57,59,100,49,51,81,40,41,82,41,41,83,42,41,85,43,42
219,142,1624,794,830,1553,765,788,1442,712,730,1140,560,580,1098,541,557,1006,498,508
219,191,26,14,12,1698,1150,548,3853,2592,1261,4747,3111,1636,7535,4931,2604,10181,6667,3514
219,81,6,3,3,6,3,3,7,4,3,10,6,4,7,3,4,8,3,5
219,55,36,18,18,51,24,27,66,31,35,97,46,51,155,74,81,162,78,84
219,211,53,48,5,129,116,13,207,185,22,213,190,23,219,195,24,222,198,24
219,31,7,7,0,8,8,0,9,9,0,11,11,0,13,13,0,13,13,0
219,56,5,4,1,7,5,2,9,6,3,16,11,5,21,15,6,22,15,7
219,95,28,24,4,34,26,8,40,28,12,49,34,15,57,39,18,56,40,16
219,162,71,55,16,60,47,13,52,40,12,61,42,19,72,45,27,68,43,25
219,170,269,132,137,244,139,105,211,140,71,214,142,72,213,141,72,217,143,74
219,59,439,221,218,616,286,330,792,350,442,902,386,516,1011,421,590,1066,442,624
219,73,86,57,29,116,74,42,145,91,54,296,185,111,447,280,167,645,384,261
219,96,9,4,5,10,4,6,10,4,6,16,6,10,21,8,13,31,13,18
219,101,24,11,13,67,29,38,147,65,82,147,70,77,122,53,69,125,54,71
219,114,0,0,0,0,0,0,0,0,0,0,0,0,1,1,0,0,0,0
219,153,248,157,91,350,201,149,507,266,241,653,309,344,844,412,432,922,449,473
219,199,664,327,337,788,385,403,846,411,435,1073,509,564,1416,689,727,1722,861,861
219,218,29112,15233,13879,30079,15560,14519,31553,16111,15442,31706,15775,15931,34441,16877,17564,38691,18695,19996
219,83,268,149,119,330,183,147,398,217,181,401,218,183,404,219,185,395,206,189
219,104,135,47,88,461,168,293,786,288,498,1195,489,706,1604,691,913,1604,675,929
219,163,48,17,31,104,38,66,165,61,104,123,51,72,61,32,29,66,32,34
219,193,28,14,14,43,22,21,0,0,0,253,135,118,293,161,132,360,175,185
219,12,86,44,42,98,51,47,109,58,51,122,63,59,134,68,66,157,80,77
219,19,106,54,52,106,54,52,102,51,51,145,78,67,209,117,92,478,278,200
219,74,629,278,351,650,281,369,670,284,386,526,218,308,595,246,349,644,265,379
219,80,816,536,280,907,544,363,997,551,446,499,276,223,0,0,0,0,0,0
219,145,546,280,266,804,403,401,1091,539,552,1318,649,669,1545,766,779,1454,692,762
219,200,522,254,268,570,285,285,622,319,303,682,334,348,756,323,433,888,415,473
219,38,5,0,5,10,0,10,16,0,16,15,1,14,15,2,13,14,2,12
219,50,3,1,2,2,0,2,3,1,2,2,1,1,4,1,3,4,1,3
219,8,1,1,0,1,1,0,1,1,0,1,1,0,1,1,0,1,1,0
219,24,1,0,1,1,0,1,0,0,0,2,0,2,4,1,3,5,2,3
219,42,27,15,12,18,9,9,9,4,5,8,4,4,6,4,2,8,2,6
219,37,19061,9279,9782,19140,9273,9867,19675,9491,10184,18937,9290,9647,19337,9673,9664,21610,10803,10807
219,220,6282,3217,3065,8658,4471,4187,11389,5921,5468,21532,11244,10288,31939,16416,15523,45297,22174,23123
219,11,1422,788,634,1768,976,792,2010,1110,900,2300,1300,1000,3810,2070,1740,4410,2359,2051
219,158,38,22,16,38,23,15,28,19,9,34,23,11,28,19,9,28,21,7
219,68,0,0,0,0,0,0,0,0,0,0,0,0,4,3,1,4,3,1
219,28,0,0,0,0,0,0,0,0,0,0,0,0,87,51,36,105,62,43
220,131,37,16,21,30,15,15,41,20,21,40,19,21,43,20,23,49,24,25
220,215,503,243,260,494,230,264,1013,516,497,1006,510,496,1000,505,495,994,502,492
220,219,808,462,346,1027,587,440,1082,619,463,1204,689,515,1234,706,528,1291,664,627
220,230,459,239,220,460,240,220,462,241,221,662,346,316,949,502,447,1360,685,675
220,39,476,412,64,683,592,91,831,721,110,635,551,84,628,545,83,548,475,73
220,48,51,30,21,59,33,26,83,46,37,53,35,18,125,77,48,166,99,67
220,77,169,91,78,202,108,94,259,139,120,284,153,131,324,175,149,356,192,164
220,2,4509,2471,2038,2802,1504,1298,1094,536,558,1542,756,786,1989,975,1014,1968,965,1003
220,64,6679,3536,3143,5336,2800,2536,4416,2287,2129,5257,2879,2378,5674,3010,2664,6730,3156,3574
220,118,19067,10144,8923,13063,7147,5916,7274,4406,2868,8015,5420,2595,8768,5962,2806,9885,6678,3207
220,139,1250,661,589,1147,599,548,1208,621,587,1239,628,611,1386,699,687,1858,932,926
220,210,236,117,119,234,118,116,269,137,132,259,133,126,470,242,228,609,315,294
220,27,603,326,277,313,166,147,55,22,33,507,201,306,961,381,580,1277,499,778
220,116,95,49,46,91,47,44,85,44,41,86,45,41,87,46,41,89,47,42
220,142,1553,647,906,1485,625,860,1379,583,796,1090,457,633,1050,442,608,962,408,554
220,191,9267,4264,5003,7115,3332,3783,6982,3196,3786,8357,3711,4646,13339,5866,7473,18114,7979,10135
220,198,281,126,155,112,57,55,146,74,72,190,86,104,228,93,135,256,102,154
220,34,188,97,91,232,123,109,275,148,127,307,158,149,338,168,170,351,174,177
220,81,437,201,236,435,222,213,487,227,260,685,341,344,508,236,272,602,284,318
220,89,552,276,276,636,353,283,689,377,312,1254,558,696,1948,798,1150,2169,890,1279
220,90,200,81,119,257,107,150,313,133,180,303,128,175,293,124,169,311,130,181
220,117,2959,1418,1541,2891,1352,1539,2837,1285,1552,1236,772,464,451,238,213,436,226,210
220,126,233,127,106,242,132,110,223,122,101,907,484,423,1602,851,751,1728,916,812
220,130,99,47,52,105,55,50,108,62,46,108,64,44,108,65,43,108,66,42
220,181,662,322,340,692,335,357,626,291,335,672,322,350,752,375,377,773,386,387
220,184,506,255,251,493,242,251,480,229,251,469,220,249,466,217,249,464,215,249
220,206,179,95,84,179,95,84,179,95,84,179,95,84,182,87,95,182,87,95
220,202,417,184,233,338,174,164,291,181,110,280,149,131,286,126,160,283,122,161
220,43,16962,9795,7167,18124,10366,7758,19286,10937,8349,21277,13035,8242,23268,15133,8135,26777,17843,8934
220,44,7599,4255,3344,10698,6001,4697,13796,7747,6049,13370,7461,5909,12976,7193,5783,13250,7114,6136
220,57,672,360,312,661,349,312,649,338,311,792,417,375,934,496,438,1028,549,479
220,106,38375,19550,18825,43792,21020,22772,44859,20724,24135,47789,21768,26021,50667,22788,27879,50243,22410,27833
220,136,247,135,112,272,155,117,301,177,124,447,250,197,646,373,273,709,397,312
220,166,11713,6715,4998,16092,8758,7334,25592,14051,11541,33040,23899,9141,53578,42652,10926,68784,35767,33017
220,30,113,80,33,129,91,38,144,102,42,147,104,43,150,106,44,153,108,45
220,35,91,52,39,239,136,103,386,220,166,301,175,126,216,130,86,195,119,76
220,98,8745,4280,4465,5786,2909,2877,2827,1538,1289,6654,3906,2748,10909,6227,4682,11746,6760,4986
220,161,17746,10685,7061,23591,13055,10536,35977,18874,17103,34703,18158,16545,35015,17968,17047,35564,18277,17287
220,185,3423,1880,1543,3949,2159,1790,4858,2615,2243,9340,4880,4460,14344,7431,6913,17161,8881,8280
220,203,1640,1191,449,2742,1966,776,4411,3128,1283,3939,2799,1140,3750,2693,1057,3493,2534,959
220,205,64,26,38,64,27,37,66,28,38,70,26,44,69,28,41,68,28,40
220,226,263,158,105,585,341,244,1359,812,547,1812,1108,704,2625,1536,1089,3164,1838,1326
220,16,28559,25297,3262,30085,26449,3636,31610,27600,4010,37560,32868,4692,43510,38136,5374,46008,40382,5626
220,23,63,33,30,74,39,35,85,45,40,107,56,51,129,67,62,136,71,65
220,97,5649,2711,2938,4490,2176,2314,3330,1640,1690,3077,1512,1565,2823,1383,1440,2722,1332,1390
220,125,24,13,11,20,10,10,16,9,7,32,21,11,57,39,18,79,57,22
220,194,18,12,6,87,67,20,158,108,50,302,154,148,598,307,291,594,300,294
220,15,453,324,129,498,351,147,545,377,168,771,524,247,1169,788,381,1120,750,370
220,55,791,393,398,1119,533,586,1446,673,773,2116,977,1139,3393,1592,1801,3542,1680,1862
220,103,47532,23400,24132,56033,27127,28906,61396,29644,31752,68622,33070,35552,76680,36824,39856,79082,37776,41306
220,107,1691,733,958,2433,1253,1180,3176,1780,1396,4587,2815,1772,5899,3749,2150,2763,1536,1227
220,111,2808,1700,1108,2250,1434,816,2567,1734,833,2772,1829,943,3669,2391,1278,4763,2876,1887
220,115,773,335,438,1108,540,568,1442,745,697,1129,606,523,815,466,349,686,330,356
220,165,809,591,218,879,657,222,819,626,193,1149,854,295,2412,1933,479,2280,1857,423
220,195,8436,4043,4393,8244,3930,4314,8052,3816,4236,7978,3752,4226,7904,3687,4217,7826,3641,4185
220,211,12868,7695,5173,12735,7324,5411,12649,6970,5679,13034,7050,5984,13431,7126,6305,13634,7089,6545
220,217,3431,2443,988,4396,3149,1247,5615,4022,1593,6294,4355,1939,13114,9183,3931,12953,9028,3925
220,18,42,23,19,66,30,36,90,38,52,86,35,51,82,33,49,87,37,50
220,31,139,76,63,352,185,167,565,294,271,867,460,407,1132,605,527,2128,1128,1000
220,56,517,307,210,775,469,306,1033,631,402,2286,1464,822,3351,2215,1136,5698,3439,2259
220,95,2956,1313,1643,3967,1909,2058,4977,2504,2473,6147,3147,3000,7317,3790,3527,7680,4027,3653
220,162,12778,5470,7308,10929,4583,6346,9349,3838,5511,11582,5338,6244,14179,6964,7215,13671,6799,6872
220,169,705,330,375,1055,495,560,1348,592,756,1960,869,1091,2474,1224,1250,2470,1284,1186
220,170,3077,1510,1567,3051,1583,1468,2915,1598,1317,3747,2054,1693,4502,2468,2034,4588,2505,2083
220,187,290,95,195,743,331,412,1402,658,744,1573,753,820,1764,858,906,2137,1069,1068
220,216,3308,1697,1611,3200,1686,1514,3132,1695,1437,2861,1550,1311,2729,1480,1249,2738,1487,1251
220,59,6411,3175,3236,7504,3834,3670,8596,4492,4104,9906,5152,4754,11215,5812,5403,12367,6396,5971
220,68,91,45,46,141,70,71,191,95,96,409,241,168,624,384,240,579,356,223
220,70,21,16,5,22,13,9,26,16,10,31,18,13,39,21,18,41,19,22
220,73,2545,1164,1381,2494,1263,1231,2442,1362,1080,3358,1895,1463,4273,2428,1845,5819,3189,2630
220,96,1077,551,526,1190,631,559,1392,736,656,1606,871,735,1889,1011,878,2068,1122,946
220,101,15922,7656,8266,12608,5860,6748,16225,7824,8401,25210,12433,12777,30043,13375,16668,30690,13453,17237
220,102,242,108,134,210,89,121,178,71,107,223,83,140,265,94,171,276,99,177
220,114,167,82,85,323,175,148,479,268,211,603,335,268,712,388,324,597,323,274
220,120,1170,481,689,1310,542,768,1026,424,602,936,430,506,719,352,367,609,291,318
220,153,15827,7364,8463,15407,7158,8249,14956,7090,7866,14507,6920,7587,16046,7744,8302,17461,8563,8898
220,199,11325,6010,5315,13439,7084,6355,14413,7553,6860,15522,8284,7238,17179,9066,8113,20011,10601,9410
220,218,141818,71043,70775,146271,71391,74880,153185,72746,80439,164325,76271,88054,188843,86855,101988,212150,96031,116119
220,1,3011,1784,1227,3255,1936,1319,3498,2088,1410,2953,1854,1099,2408,1512,896,2628,1649,979
220,4,100,53,47,95,50,45,89,47,42,101,53,48,100,53,47,99,55,44
220,52,1187,392,795,1068,367,701,835,312,523,1221,531,690,1606,749,857,1616,751,865
220,83,43336,22800,20536,32841,16453,16388,22885,10079,12806,23058,10067,12991,23340,10071,13269,22839,9318,13521
220,104,63755,22634,41121,45212,16514,28698,26750,10381,16369,40484,16952,23532,54217,23523,30694,54226,22978,31248
220,127,832,374,458,974,446,528,1051,506,545,1087,551,536,1199,593,606,1403,728,675
220,163,5467,2608,2859,6236,3017,3219,7258,3559,3699,7303,3572,3731,6137,3001,3136,6736,3147,3589
220,182,157,82,75,1003,514,489,1364,685,679,1346,668,678,1316,652,664,1286,636,650
220,188,734,260,474,564,210,354,395,156,239,614,271,343,722,354,368,741,408,333
220,193,12187,5596,6591,14474,6849,7625,22987,11253,11734,30491,15053,15438,35239,17145,18094,39825,18614,21211
220,12,6088,3020,3068,6869,3464,3405,7649,3907,3742,8550,4267,4283,9451,4628,4823,11054,5444,5610
220,19,11241,5406,5835,11547,5652,5895,11518,5755,5763,10932,5410,5522,11277,5581,5696,12853,6345,6508
220,74,40260,17982,22278,41562,18177,23385,42863,18371,24492,47875,21912,25963,49835,20795,29040,53906,22391,31515
220,80,99835,55852,43983,104837,58328,46509,109838,60803,49035,121415,67029,54386,132991,73255,59736,137575,75780,61795
220,119,20,9,11,40,19,21,60,29,31,91,47,44,124,66,58,131,67,64
220,121,1098,565,533,1066,550,516,965,500,465,836,457,379,718,420,298,1098,649,449
220,145,13659,7029,6630,16636,8400,8236,20186,10037,10149,22615,11146,11469,24368,12007,12361,27285,13212,14073
220,200,19316,9577,9739,22377,11607,10770,25521,13712,11809,28796,14763,14033,32631,14783,17848,38347,18830,19517
220,6,215,67,148,310,90,220,404,112,292,466,131,335,508,144,364,545,155,390
220,7,1308,629,679,1733,854,879,2157,1079,1078,2313,1156,1157,2469,1233,1236,2626,1311,1315
220,10,425,204,221,553,282,271,681,360,321,638,326,312,582,286,296,612,301,311
220,14,4247,1893,2354,4294,2033,2261,4300,2103,2197,6587,3228,3359,8919,4365,4554,9664,4694,4970
220,17,1112,499,613,1213,555,658,1315,611,704,1147,531,616,985,454,531,1034,476,558
220,25,346,184,162,722,382,340,1098,580,518,1170,618,552,517,340,177,588,387,201
220,29,674,319,355,792,364,428,910,410,500,1042,469,573,1174,529,645,1306,588,718
220,38,1632,822,810,1743,873,870,1829,932,897,2234,1129,1105,2640,1333,1307,2607,1313,1294
220,53,1186,577,609,899,418,481,612,260,352,609,260,349,556,239,317,500,215,285
220,61,226,137,89,299,182,117,356,218,138,439,268,171,534,328,206,623,383,240
220,62,9115,4980,4135,10124,5420,4704,11133,5860,5273,17858,9361,8497,24457,12797,11660,25814,13500,12314
220,86,197,95,102,263,124,139,329,153,176,404,186,218,478,218,260,496,224,272
220,92,1607,857,750,1891,1022,869,2175,1187,988,2566,1411,1155,2956,1634,1322,3328,1846,1482
220,105,4575,2266,2309,5615,2823,2792,6668,3384,3284,6493,3321,3172,6329,3256,3073,6193,3186,3007
220,138,173,91,82,138,73,65,104,55,49,109,57,52,115,60,55,121,63,58
220,164,227483,109679,117804,230426,110220,120206,233924,111006,122918,223949,106093,117856,185814,87095,98719,165147,77034,88113
220,174,276,144,132,372,196,176,511,271,240,595,317,278,627,335,292,663,354,309
220,176,291,149,142,303,156,147,318,166,152,325,167,158,331,168,163,338,174,164
220,186,0,0,0,0,0,0,0,0,0,150,68,82,300,135,165,312,140,172
220,209,2430,1206,1224,2205,1092,1113,3501,1832,1669,3757,1962,1795,5597,2887,2710,5798,3036,2762
220,213,454,233,221,565,298,267,676,362,314,695,373,322,715,385,330,727,393,334
220,221,14246,7129,7117,14965,7491,7474,15712,7862,7850,16281,8027,8254,16851,8191,8660,16861,8193,8668
220,20,1901,1003,898,1908,1008,900,1914,1012,902,2694,1416,1278,3474,1820,1654,4036,2103,1933
220,50,8586,4858,3728,7301,4222,3079,9667,5570,4097,6332,3614,2718,12480,7137,5343,12982,7395,5587
220,65,8033,4032,4001,6306,3160,3146,4603,2282,2321,4871,2416,2455,5176,2562,2614,5397,2676,2721
220,88,5822,2013,3809,5639,2334,3305,5456,2656,2800,6473,3393,3080,7514,4124,3390,8643,4799,3844
220,94,2692,1535,1157,3877,2140,1737,5061,2744,2317,4946,2719,2227,4851,2683,2168,4981,2763,2218
220,133,198230,97160,101070,272472,134898,137574,358399,179268,179131,520053,262552,257501,741918,376724,365194,876528,443641,432887
220,148,3721,1838,1883,2952,1447,1505,3006,1542,1464,3085,1646,1439,3298,1771,1527,3606,1928,1678
220,157,3318,2030,1288,4134,2474,1660,5212,3065,2147,8384,4953,3431,11956,7131,4825,14040,8361,5679
220,8,9992,5035,4957,9678,4958,4720,9364,4881,4483,6907,3653,3254,4450,2425,2025,5135,2797,2338
220,24,3078,1559,1519,3385,1747,1638,3656,1914,1742,3935,2055,1880,4206,2192,2014,4896,2551,2345
220,28,11806,6432,5374,12894,7312,5582,13981,8192,5789,18779,10890,7889,23308,13423,9885,28068,16164,11904
220,42,5650,3058,2592,6767,3713,3054,7884,4368,3516,6373,3906,2467,4902,3445,1457,8058,4981,3077
220,46,13478,6802,6676,14273,7246,7027,15068,7691,7377,15025,7747,7278,17587,9257,8330,18841,10003,8838
220,63,8595,4283,4312,9854,5068,4786,11112,5853,5259,13118,7041,6077,18426,9673,8753,26802,13980,12822
220,71,15,8,7,20,12,8,21,13,8,30,18,12,17,7,10,19,8,11
220,91,285,154,131,459,248,211,632,342,290,852,465,387,1071,588,483,1255,689,566
220,159,1582,837,745,1684,899,785,1781,954,827,1696,909,787,1615,864,751,1576,843,733
220,160,7050,3744,3306,6151,3233,2918,7188,3795,3393,8408,4459,3949,9115,4854,4261,9853,5265,4588
220,222,1525,849,676,1036,562,474,705,372,333,1250,648,602,2217,1128,1089,2853,1441,1412
220,225,11639,5891,5748,10925,5590,5335,10159,5246,4913,10445,5345,5100,10721,5438,5283,11242,5627,5615
220,22,3468,1659,1809,3454,1684,1770,3439,1708,1731,3460,1772,1688,3481,1837,1644,3527,1864,1663
220,37,238998,116350,122648,244567,118489,126078,255952,123473,132479,273338,127449,145889,307143,139474,167669,343252,155755,187497
220,84,30,21,9,27,14,13,27,14,13,28,19,9,31,19,12,39,24,15
220,175,72,31,41,87,46,41,98,58,40,74,46,28,65,38,27,63,35,28
220,11,53575,28252,25323,55234,29511,25723,59720,30750,28970,70550,35870,34680,85330,43100,42230,110643,55583,55060
220,147,8305,4310,3995,11309,5783,5526,12984,6312,6672,16972,8238,8734,19794,9590,10204,22300,10784,11516
220,158,1110,709,401,1137,803,334,851,685,166,851,690,161,721,589,132,731,600,131
220,189,135,78,57,134,77,57,128,73,55,77,45,32,31,18,13,29,17,12
220,87,27990,17285,10705,23543,14198,9345,19095,11110,7985,18719,10289,8430,18343,9468,8875,18508,9547,8961
220,110,43,16,27,40,20,20,38,25,13,39,27,12,40,29,11,44,32,12
220,128,633,399,234,716,436,280,856,515,341,1053,648,405,1346,826,520,1430,876,554
220,134,234,134,100,212,135,77,197,110,87,183,100,83,176,96,80,172,94,78
220,152,1203,734,469,1530,929,601,1951,1144,807,1953,1085,868,1395,725,670,1249,646,603
220,156,315,196,119,535,303,232,516,333,183,377,199,178,361,182,179,353,174,179
220,3,3510,1872,1638,3544,1875,1669,3578,1878,1700,3066,1578,1488,2553,1278,1275,2516,1256,1260
220,49,17,12,5,18,13,5,18,13,5,24,16,8,29,18,11,32,20,12
220,76,372,210,162,408,226,182,437,238,199,457,250,207,441,247,194,419,235,184
220,151,11,6,5,14,8,6,18,11,7,19,12,7,20,13,7,21,14,7
220,177,266,134,132,365,181,184,463,227,236,436,212,224,381,183,198,367,174,193
220,214,41,37,4,34,28,6,28,23,5,23,17,6,19,12,7,17,11,6
220,36,0,0,0,0,0,0,0,0,0,823,418,405,655,347,308,629,290,339
220,137,0,0,0,0,0,0,0,0,0,0,0,0,302,64,238,317,69,248
220,54,0,0,0,0,0,0,0,0,0,0,0,0,304,158,146,330,172,158
221,34,20,10,10,30,16,14,39,21,18,54,28,26,68,35,33,71,37,34
221,202,37,17,20,30,14,16,26,12,14,24,11,13,25,12,13,23,11,12
221,218,21,13,8,85,41,44,152,71,81,130,62,68,120,59,61,134,66,68
221,83,14,8,6,14,5,9,15,3,12,8,2,6,0,0,0,0,0,0
221,74,1,1,0,1,1,0,1,1,0,23,16,7,1,1,0,1,1,0
221,6,192,71,121,261,92,169,330,113,217,380,130,250,413,142,271,443,153,290
221,7,295,142,153,440,213,227,584,283,301,627,304,323,669,324,345,711,344,367
221,25,52,24,28,108,49,59,164,74,90,174,79,95,0,0,0,0,0,0
221,62,472,297,175,524,325,199,576,353,223,328,199,129,78,43,35,82,45,37
221,85,7,4,3,321,317,4,635,630,5,665,660,5,696,691,5,704,699,5
221,164,936,443,493,939,446,493,945,449,496,740,352,388,443,208,235,433,202,231
221,173,265,121,144,350,162,188,483,227,256,550,260,290,596,283,313,613,292,321
221,174,9,3,6,11,4,7,16,6,10,18,6,12,19,6,13,20,7,13
221,186,0,0,0,0,0,0,0,0,0,33,17,16,67,34,33,70,36,34
221,50,6,3,3,4,2,2,5,2,3,3,1,2,7,3,4,7,3,4
221,42,1,1,0,1,1,0,1,1,0,1,1,0,1,1,0,2,2,0
221,37,34,17,17,34,17,17,35,17,18,45,20,25,58,24,34,65,27,38
221,54,0,0,0,0,0,0,0,0,0,0,0,0,26,7,19,28,8,20
222,191,111,73,38,69,48,21,48,35,13,57,42,15,91,66,25,117,85,32
222,136,7,4,3,6,4,2,7,4,3,3,2,1,1,1,0,1,1,0
222,55,1,0,1,2,0,2,2,0,2,3,0,3,5,0,5,5,0,5
222,103,4315,2047,2268,4936,2302,2634,5280,2456,2824,5697,2647,3050,6184,2865,3319,6378,2938,3440
222,211,10,6,4,25,14,11,41,22,19,42,22,20,43,22,21,43,22,21
222,18,21,7,14,25,6,19,28,4,24,27,4,23,26,4,22,28,4,24
222,31,2,0,2,5,2,3,8,4,4,12,7,5,16,10,6,16,12,4
222,56,9,6,3,13,9,4,17,12,5,19,12,7,19,10,9,30,19,11
222,95,60,27,33,53,23,30,46,20,26,57,25,32,68,30,38,63,31,32
222,162,14,6,8,11,5,6,10,4,6,52,26,26,97,48,49,94,47,47
222,170,479,235,244,498,246,252,500,249,251,312,153,159,118,53,65,121,54,67
222,59,164,83,81,184,94,90,204,106,98,213,110,103,221,113,108,240,121,119
222,73,34,22,12,39,26,13,43,30,13,64,43,21,84,55,29,122,70,52
222,96,3,2,1,5,3,2,6,4,2,7,5,2,8,6,2,8,6,2
222,101,11,5,6,30,13,17,65,29,36,65,31,34,54,23,31,55,23,32
222,114,3,1,2,4,2,2,5,2,3,3,2,1,2,2,0,1,1,0
222,120,22,8,14,25,9,16,19,7,12,24,10,14,26,11,15,22,9,13
222,153,145,67,78,145,73,72,163,81,82,155,74,81,188,90,98,235,117,118
222,199,1749,918,831,2076,1082,994,2227,1154,1073,2312,1182,1130,2247,1137,1110,2221,1143,1078
222,218,134,78,56,530,246,284,935,416,519,1079,496,583,1311,622,689,1472,688,784
222,4,78,42,36,78,41,37,77,40,37,105,55,50,122,65,57,96,51,45
222,83,56,30,26,87,34,53,119,37,82,117,41,76,115,45,70,113,42,71
222,104,678,236,442,1637,573,1064,2596,910,1686,5048,2091,2957,7499,3271,4228,7500,3196,4304
222,163,39,20,19,84,43,41,134,68,66,181,112,69,198,137,61,218,148,70
222,193,10922,5228,5694,12691,6192,6499,19920,9995,9925,65654,33750,31904,84808,43453,41355,73772,36978,36794
222,12,155,70,85,175,81,94,195,92,103,218,100,118,241,108,133,282,127,155
222,19,61,33,28,61,33,28,59,32,27,80,41,39,78,36,42,115,58,57
222,74,2065,977,1088,2132,989,1143,2198,1001,1197,2114,972,1142,2252,1001,1251,2436,1078,1358
222,80,830,422,408,782,367,415,733,312,421,2015,898,1117,3297,1485,1812,3411,1537,1874
222,145,284,155,129,417,223,194,565,297,268,608,315,293,619,314,305,658,336,322
222,200,950,445,505,1060,522,538,1175,602,573,1300,643,657,1452,635,817,1706,813,893
222,14,2,0,2,2,0,2,2,0,2,9,4,5,16,9,7,17,9,8
222,62,1625,667,958,1805,715,1090,1985,763,1222,1083,427,656,173,88,85,183,93,90
222,92,286,112,174,337,135,202,388,159,229,458,190,268,527,221,306,593,250,343
222,50,252,137,115,196,106,90,239,125,114,157,81,76,309,160,149,321,165,156
222,65,120,75,45,94,59,35,67,43,24,70,46,24,72,48,24,75,50,25
222,88,95,46,49,92,49,43,89,53,36,106,66,40,122,79,43,140,91,49
222,94,51,33,18,51,32,19,50,31,19,49,30,19,48,30,18,49,31,18
222,133,1113,594,519,1506,768,738,1966,980,986,2049,1065,984,2371,1275,1096,2947,1583,1364
222,148,11,5,6,9,4,5,21,9,12,34,13,21,36,14,22,38,15,23
222,157,147,84,63,199,115,84,264,152,112,445,258,187,648,380,268,762,446,316
222,8,136906,66665,70241,125366,61245,64121,113827,55827,58000,114433,55162,59271,115039,54497,60542,132749,62845,69904
222,24,402,211,191,430,231,199,453,248,205,445,253,192,437,258,179,509,301,208
222,28,23363,12682,10681,24081,12830,11251,24799,12978,11821,24495,12705,11790,23840,12237,11603,28708,14736,13972
222,42,1393,722,671,1816,941,875,2238,1160,1078,1815,1052,763,1392,945,447,2288,1346,942
222,46,360,202,158,362,210,152,364,218,146,354,217,137,406,256,150,435,276,159
222,63,320,201,119,359,225,134,398,250,148,469,298,171,659,413,246,958,598,360
222,159,3293,1840,1453,3303,1869,1434,3303,1883,1420,3146,1794,1352,2997,1707,1290,2925,1665,1260
222,160,437,249,188,382,216,166,447,253,194,523,297,226,567,324,243,612,351,261
222,225,6076,3231,2845,5364,2856,2508,4692,2498,2194,4672,2488,2184,4645,2475,2170,4795,2526,2269
222,37,5033,2451,2582,5570,2698,2872,6240,3011,3229,6280,3032,3248,6698,3245,3453,7485,3624,3861
222,220,20766,9095,11671,22443,9920,12523,25038,11190,13848,36900,16589,20311,49216,18903,30313,47664,18221,29443
222,11,11795,5821,5974,11366,5550,5816,10570,5150,5420,10780,5190,5590,10650,5120,5530,11140,5335,5805
222,68,0,0,0,0,0,0,0,0,0,0,0,0,4,2,2,4,2,2
223,64,85,66,19,80,62,18,82,64,18,98,78,20,106,84,22,126,96,30
223,118,243,191,52,257,210,47,277,234,43,305,267,38,334,293,41,376,330,46
223,108,131905,65619,66286,150058,74744,75314,168223,83869,84354,216537,111094,105443,264862,138322,126540,281713,149326,132387
223,112,18416,7899,10517,16955,7428,9527,15230,6841,8389,12914,5754,7160,10402,4580,5822,9183,4015,5168
223,202,18848,8276,10572,12829,5967,6862,7971,4265,3706,7688,3726,3962,7860,3449,4411,7798,3370,4428
223,212,112171,51205,60966,118338,53642,64696,94517,42527,51990,92165,42543,49622,85650,40738,44912,84960,41101,43859
223,166,30,24,6,1823,1405,418,4198,3260,938,9811,7430,2381,19312,14397,4915,49862,33020,16842
223,0,2027,1144,883,1836,1036,800,1646,929,717,1422,803,619,1199,677,522,751,318,433
223,9,1150,288,862,1220,340,880,1335,395,940,883,281,602,736,252,484,1061,365,696
223,13,23232,10255,12977,20391,9690,10701,20549,9611,10938,19501,8801,10700,17853,8412,9441,17030,8219,8811
223,55,18,8,10,26,11,15,33,14,19,49,21,28,78,34,44,81,35,46
223,79,10078,4523,5555,9342,4253,5089,8605,3983,4622,8400,3893,4507,8245,3826,4419,7639,3549,4090
223,103,31121,15148,15973,31147,14899,16248,29428,13990,15438,25379,11987,13392,21638,10102,11536,22316,10360,11956
223,211,1992,1026,966,4632,2266,2366,7375,3565,3810,7615,3594,4021,7867,3623,4244,7997,3587,4410
223,18,17154,8207,8947,16225,7808,8417,15344,7420,7924,15108,7303,7805,14919,7212,7707,14788,7152,7636
223,31,24,7,17,163,55,108,302,103,199,488,174,314,654,238,416,754,294,460
223,56,44,21,23,66,32,34,88,43,45,1202,890,312,2218,1679,539,1913,1258,655
223,95,102,44,58,91,39,52,79,33,46,98,42,56,117,51,66,126,52,74
223,162,498,188,310,425,157,268,364,131,233,432,149,283,515,171,344,496,169,327
223,167,4025,1772,2253,2716,1196,1520,1833,807,1026,1287,645,642,1166,448,718,1057,374,683
223,170,890893,437172,453721,918869,458355,460514,913322,463099,450223,1030041,532421,497620,1125335,591087,534248,1146803,599638,547165
223,187,8,1,7,16,6,10,29,11,18,33,13,20,37,15,22,46,19,27
223,216,131997,56561,75436,190478,89941,100537,251285,124418,126867,229608,113846,115762,219081,108780,110301,219814,109298,110516
223,59,37,12,25,40,13,27,42,13,29,147,65,82,251,117,134,280,129,151
223,68,2614,1502,1112,1848,1000,848,1082,499,583,1133,520,613,1174,534,640,1090,495,595
223,73,0,0,0,6,3,3,11,5,6,50,24,26,89,44,45,145,73,72
223,96,2,1,1,2,1,1,2,1,1,4,2,2,5,2,3,10,4,6
223,101,18,8,10,49,20,29,108,47,61,108,50,58,90,37,53,92,37,55
223,114,309,108,201,1614,720,894,2919,1332,1587,2641,1211,1430,2296,1038,1258,1925,857,1068
223,120,4197,2152,2045,2077,1069,1008,1626,835,791,1480,754,726,1133,533,600,959,440,519
223,153,3,3,0,4,0,4,30,12,18,111,44,67,303,137,166,477,207,270
223,199,121,44,77,144,52,92,155,55,100,964,449,515,2385,1174,1211,3555,1801,1754
223,218,73,43,30,287,133,154,506,223,283,1468,694,774,2550,1229,1321,2864,1361,1503
223,83,1284,711,573,3199,1541,1658,5167,2366,2801,6778,2986,3792,8388,3605,4783,8208,3334,4874
223,104,191,67,124,676,71,605,1161,75,1086,1835,279,1556,2509,484,2025,2509,447,2062
223,127,7,2,5,9,3,6,10,3,7,14,4,10,19,4,15,23,6,17
223,163,5,5,0,11,11,0,18,16,2,432,303,129,776,541,235,851,583,268
223,182,9,1,8,61,6,55,84,7,77,83,6,77,82,6,76,80,6,74
223,188,2,1,1,4,3,1,7,4,3,8,3,5,33,8,25,28,8,20
223,193,27,10,17,41,16,25,499,223,276,240,105,135,507,219,288,642,227,415
223,12,415,184,231,469,213,256,522,241,281,584,262,322,645,283,362,754,333,421
223,19,45,22,23,38,19,19,29,15,14,787,337,450,1492,677,815,1521,689,832
223,74,303,135,168,313,136,177,322,137,185,728,222,506,1020,422,598,1103,454,649
223,80,2864,1444,1420,9029,3998,5031,15193,6551,8642,28028,12557,15471,40863,18563,22300,42271,19202,23069
223,145,4895,2626,2269,7210,3793,3417,9766,5077,4689,3540,1819,1721,1283,654,629,443,227,216
223,200,96,40,56,273,116,157,451,192,259,535,209,326,631,201,430,741,271,470
223,50,1,0,1,1,0,1,1,0,1,1,0,1,1,0,1,1,0,1
223,24,0,0,0,3,1,2,5,2,3,5,2,3,4,2,2,5,3,2
223,42,40,25,15,22,13,9,4,1,3,3,1,2,2,1,1,5,3,2
223,37,1459,711,748,1465,710,755,1505,726,779,3063,1513,1550,4804,2395,2409,5369,2675,2694
223,220,14633,7158,7475,18453,9104,9349,23029,11452,11577,25573,12779,12794,28432,13963,14469,36743,17986,18757
223,11,245,123,122,383,186,197,500,240,260,790,370,420,1280,590,690,1625,694,931
223,28,0,0,0,0,0,0,0,0,0,0,0,0,26,1,25,31,1,30
224,31,0,0,0,0,0,0,0,0,0,1,0,1,1,0,1,16,12,4
224,56,1,1,0,2,1,1,3,2,1,2,1,1,1,0,1,2,1,1
224,59,4,2,2,4,2,2,4,2,2,4,1,3,3,0,3,3,1,2
224,73,0,0,0,0,0,0,0,0,0,1,1,0,1,1,0,1,1,0
224,101,0,0,0,1,1,0,2,1,1,2,1,1,1,0,1,1,0,1
224,218,16,9,7,67,29,38,121,50,71,130,56,74,150,67,83,168,75,93
224,83,3,1,2,4,2,2,5,3,2,39,35,4,73,68,5,71,66,5
224,104,1,0,1,2,0,2,3,0,3,13,2,11,23,5,18,23,5,18
224,12,4,1,3,5,1,4,5,1,4,6,1,5,6,1,5,7,2,5
224,74,127,42,85,132,42,90,136,42,94,678,299,379,684,202,482,740,217,523
224,8,18,18,0,18,18,0,18,18,0,13,13,0,8,8,0,8,8,0
224,24,2,2,0,1,1,0,0,0,0,0,0,0,0,0,0,0,0,0
224,42,1,0,1,1,0,1,1,0,1,1,0,1,1,1,0,2,2,0
224,46,190,89,101,185,87,98,180,85,95,172,82,90,194,95,99,208,103,105
224,37,14,6,8,17,8,9,20,10,10,10,5,5,0,0,0,0,0,0
224,11,861,405,456,1005,481,524,1090,530,560,1190,570,620,1300,620,680,1572,758,814
224,72,170,91,79,167,88,79,167,88,79,167,88,79,179,95,84,184,98,86
224,146,3153,1723,1430,3654,1972,1682,4156,2221,1935,4427,2374,2053,4698,2527,2171,4938,2660,2278
224,158,152,66,86,155,63,92,116,54,62,116,56,60,98,49,49,99,51,48
224,189,9,3,6,9,3,6,9,3,6,38,21,17,71,40,31,66,38,28
224,76,187,106,81,205,114,91,220,120,100,230,127,103,222,125,97,210,118,92
224,177,9,8,1,15,13,2,22,18,4,20,16,4,17,14,3,17,10,7
224,227,152,79,73,165,85,80,181,92,89,194,99,95,208,106,102,247,127,120
225,64,26,9,17,25,9,16,25,9,16,30,12,18,32,12,20,38,11,27
225,191,296,118,178,184,82,102,125,66,59,149,77,72,238,122,116,305,157,148
225,55,16,7,9,23,10,13,29,12,17,42,17,25,68,28,40,71,30,41
225,103,640,295,345,624,283,341,574,259,315,465,209,256,362,162,200,373,166,207
225,107,45,14,31,42,17,25,38,19,19,55,31,24,70,41,29,33,16,17
225,211,9,4,5,22,10,12,37,17,20,38,17,21,39,17,22,39,17,22
225,31,1,1,0,7,4,3,12,6,6,19,9,10,25,12,13,33,14,19
225,56,11,7,4,17,11,6,23,15,8,56,32,24,85,49,36,124,63,61
225,95,169,92,77,150,80,70,131,69,62,162,87,75,193,106,87,218,118,100
225,162,67,38,29,57,32,25,49,27,22,61,46,15,75,66,9,72,63,9
225,169,3,1,2,5,2,3,7,2,5,8,2,6,9,2,7,35,11,24
225,170,371,182,189,376,191,185,369,193,176,234,120,114,96,46,50,98,47,51
225,59,188,92,96,289,128,161,389,164,225,498,209,289,606,253,353,706,291,415
225,73,34,17,17,41,21,20,47,25,22,90,48,42,132,71,61,235,128,107
225,96,6,2,4,9,3,6,12,4,8,25,9,16,37,14,23,39,12,27
225,101,24,11,13,67,29,38,148,67,81,149,73,76,125,56,69,128,57,71
225,114,6,3,3,9,5,4,12,6,6,23,13,10,35,21,14,29,18,11
225,153,80,37,43,133,55,78,178,69,109,261,97,164,631,275,356,1067,473,594
225,199,352,175,177,418,206,212,449,220,229,585,277,308,865,410,455,1136,550,586
225,218,555,323,232,2182,1016,1166,3846,1722,2124,6053,2752,3301,8754,4039,4715,9834,4467,5367
225,52,0,0,0,13,6,7,24,11,13,40,18,22,55,24,31,55,24,31
225,83,585,241,344,716,298,418,859,352,507,954,387,567,1049,422,627,1026,387,639
225,104,9773,2920,6853,9261,2660,6601,8748,2400,6348,28803,11607,17196,48962,20816,28146,48970,20316,28654
225,163,14959,7204,7755,18220,8679,9541,22222,10544,11678,23744,11235,12509,21323,10087,11236,23404,10547,12857
225,182,4,2,2,27,14,13,38,19,19,38,19,19,38,19,19,37,19,18
225,188,5,3,2,9,5,4,15,8,7,27,16,11,44,22,22,50,18,32
225,193,32469,15105,17364,38704,18104,20600,61587,29787,31800,108707,50911,57796,147826,69039,78787,151594,68869,82725
225,12,504,201,303,569,232,337,633,263,370,708,284,424,782,305,477,915,360,555
225,19,204,77,127,203,76,127,197,75,122,321,122,199,393,147,246,570,245,325
225,74,3253,1346,1907,3358,1356,2002,3463,1366,2097,5493,2424,3069,5858,2240,3618,6337,2411,3926
225,80,1662,798,864,2306,898,1408,2950,999,1951,5874,2388,3486,8797,3777,5020,9100,3907,5193
225,121,25,10,15,23,10,13,22,9,13,19,9,10,17,9,8,25,12,13
225,145,1474,658,816,1774,773,1001,2136,911,1225,2898,1204,1694,3333,1379,1954,3878,1635,2243
225,200,1787,756,1031,2224,991,1233,2671,1234,1437,3003,1312,1691,3395,1258,2137,3989,1653,2336
225,7,11,5,6,22,10,12,32,15,17,35,17,18,37,18,19,39,19,20
225,10,1144,654,490,2000,1100,900,2856,1547,1309,3074,1597,1477,3231,1615,1616,3399,1699,1700
225,14,16,6,10,20,8,12,24,10,14,26,10,16,28,10,18,30,10,20
225,25,454,203,251,947,421,526,1441,639,802,1535,681,854,422,199,223,480,227,253
225,38,11,6,5,24,13,11,38,20,18,36,19,17,34,18,16,33,18,15
225,53,431,222,209,327,162,165,222,101,121,221,102,119,202,94,108,182,85,97
225,61,11,2,9,14,2,12,17,3,14,21,4,17,26,4,22,30,4,26
225,62,14235,7698,6537,15811,8374,7437,17386,9050,8336,11299,5819,5480,5132,2547,2585,5417,2687,2730
225,85,43,21,22,175,147,28,308,274,34,322,287,35,337,300,37,341,304,37
225,92,2510,1325,1185,2954,1581,1373,3397,1836,1561,4007,2182,1825,4616,2527,2089,5198,2855,2343
225,164,1264,599,665,1617,768,849,1974,937,1037,2198,1040,1158,2147,1006,1141,2302,1074,1228
225,174,27,12,15,35,16,19,49,22,27,57,26,31,60,27,33,63,29,34
225,186,0,0,0,0,0,0,0,0,0,20,11,9,40,21,19,41,21,20
225,209,1337,534,803,1213,483,730,1413,580,833,1516,620,896,1672,709,963,1732,751,981
225,50,1030,529,501,834,427,407,1054,522,532,690,337,353,1360,666,694,1415,689,726
225,65,258,109,149,219,94,125,179,79,100,206,93,113,232,106,126,242,111,131
225,88,113,41,72,144,61,83,175,81,94,211,100,111,246,118,128,283,138,145
225,94,75,40,35,74,38,36,73,36,37,73,35,38,73,35,38,75,36,39
225,133,1460,634,826,2194,972,1222,3024,1359,1665,6526,2893,3633,10786,4769,6017,15959,7177,8782
225,148,146,68,78,116,53,63,125,61,64,139,70,69,148,75,73,159,81,78
225,157,487,240,247,715,354,361,989,489,500,4592,2313,2279,8415,4283,4132,9883,5019,4864
225,8,1981,840,1141,2290,1021,1269,2600,1203,1397,1918,904,1014,1236,605,631,1240,606,634
225,24,369,174,195,458,217,241,543,259,284,604,309,295,664,358,306,773,417,356
225,28,1220,572,648,1694,834,860,2167,1096,1071,2524,1286,1238,2844,1456,1388,3425,1754,1671
225,42,2349,1139,1210,3148,1537,1611,4044,1943,2101,3279,1793,1486,2514,1644,870,4134,2294,1840
225,46,33123,15410,17713,35162,16510,18652,37200,17609,19591,37137,17802,19335,43511,21372,22139,46614,23126,23488
225,63,2549,1268,1281,3120,1495,1625,3691,1723,1968,4357,2083,2274,6120,2845,3275,8901,4104,4797
225,91,478,239,239,768,389,379,1057,539,518,1424,733,691,1791,928,863,2099,1087,1012
225,160,2316,1132,1184,2021,976,1045,2362,1146,1216,2763,1347,1416,2995,1468,1527,3237,1593,1644
225,222,773,408,365,713,363,350,659,322,337,587,284,303,523,250,273,463,220,243
225,37,3339,1625,1714,5582,2699,2883,7958,3838,4120,12434,5829,6605,17656,8186,9470,19732,9142,10590
225,220,42119,16260,25859,73081,28654,44427,107031,42361,64670,138645,55274,83371,171960,66771,105189,197171,76207,120964
225,11,606,278,328,915,431,484,1170,560,610,1600,730,870,3360,1630,1730,4895,2431,2464
225,68,0,0,0,0,0,0,0,0,0,0,0,0,8,5,3,7,4,3
225,54,0,0,0,0,0,0,0,0,0,0,0,0,1645,689,956,1787,750,1037
226,191,156,42,114,97,32,65,67,29,38,80,34,46,128,53,75,164,69,95
226,112,372,158,214,278,138,140,181,117,64,152,98,54,122,78,44,107,68,39
226,43,18063,11453,6610,19149,11936,7213,20235,12418,7817,22324,14608,7716,24413,16797,7616,28095,19731,8364
226,44,7324,3118,4206,8174,3448,4726,9023,3778,5245,9852,3838,6014,10704,3907,6797,10930,3718,7212
226,57,716,429,287,699,410,289,681,390,291,682,382,300,682,373,309,751,413,338
226,106,6235,3176,3059,9224,4427,4797,16909,7812,9097,39408,17951,21457,41781,18793,22988,72620,32392,40228
226,136,11,10,1,11,11,0,13,12,1,112,107,5,225,215,10,246,234,12
226,166,215,125,90,7664,4914,2750,17554,11441,6113,45449,25896,19553,91350,49408,41942,113998,55878,58120
226,35,16771,8024,8747,44367,21155,23212,71963,34286,37677,56174,27571,28603,40384,20856,19528,36436,19175,17261
226,113,13852,6845,7007,13368,6589,6779,11611,5786,5825,10717,5428,5289,11078,5589,5489,11634,5869,5765
226,124,12877,7584,5293,28668,16905,11763,47469,27784,19685,61261,36497,24764,83515,50984,32531,87272,54211,33061
226,161,18174,8113,10061,8244,3759,4485,601,375,226,492,307,185,406,250,156,413,254,159
226,203,18879,9431,9448,12336,6103,6233,8340,3884,4456,7172,3358,3814,6519,3152,3367,5825,2911,2914
226,205,162,69,93,176,75,101,192,80,112,204,85,119,199,101,98,196,100,96
226,16,40088,33789,6299,29184,24725,4459,18280,15661,2619,22153,19028,3125,26026,22396,3630,27521,23721,3800
226,97,2832,759,2073,1762,533,1229,692,307,385,640,283,357,587,259,328,566,249,317
226,55,16,3,13,23,4,19,29,4,25,42,5,37,68,9,59,71,10,61
226,211,7,3,4,17,7,10,29,12,17,29,12,17,29,12,17,29,12,17
226,229,706,410,296,0,0,0,9,6,3,0,0,0,28,16,12,15,8,7
226,18,182,107,75,282,144,138,381,180,201,366,173,193,351,167,184,366,172,194
226,31,346,244,102,381,263,118,416,283,133,518,354,164,598,409,189,627,420,207
226,56,3604,2426,1178,5386,3684,1702,7208,4950,2258,31521,19234,12287,53245,32518,20727,47475,27510,19965
226,95,653,290,363,1499,702,797,2345,1114,1231,2898,1405,1493,3450,1695,1755,3318,1616,1702
226,162,2343,1475,868,2003,1250,753,1713,1059,654,2268,1370,898,2896,1718,1178,2792,1670,1122
226,169,4,3,1,6,5,1,8,6,2,9,7,2,11,8,3,60,38,22
226,170,32251,15826,16425,28489,16574,11915,23695,16725,6970,18748,12700,6048,13416,8418,4998,13671,8553,5118
226,187,241,171,70,713,415,298,1381,772,609,1549,877,672,1737,994,743,2104,1228,876
226,216,14964,8191,6773,14476,8109,6367,14166,8127,6039,12943,7433,5510,12349,7099,5250,12390,7130,5260
226,59,5087,2941,2146,6865,3658,3207,8651,4405,4246,9301,4547,4754,9951,4689,5262,10418,4806,5612
226,73,1645,870,775,2035,1048,987,2424,1226,1198,3560,1684,1876,4696,2143,2553,7183,2969,4214
226,96,76,34,42,148,67,81,220,101,119,355,159,196,490,218,272,598,263,335
226,101,122,47,75,338,121,217,740,280,460,742,308,434,622,230,392,635,230,405
226,114,3,2,1,5,4,1,7,6,1,8,6,2,10,6,4,8,5,3
226,120,66,48,18,74,53,21,57,41,16,52,35,17,40,22,18,34,18,16
226,153,7522,4234,3288,10594,5668,4926,11177,5755,5422,12108,5910,6198,12958,6103,6855,13798,6236,7562
226,199,8563,4118,4445,10162,4847,5315,10898,5160,5738,12352,5776,6576,14584,6726,7858,17004,7861,9143
226,218,19674,9856,9818,20943,10135,10808,22566,10558,12008,24711,11237,13474,28868,12960,15908,32429,14317,18112
226,83,713,462,251,465,292,173,224,124,100,220,114,106,215,103,112,210,96,114
226,104,636,221,415,1327,518,809,2017,814,1203,3637,1573,2064,5257,2332,2925,5258,2280,2978
226,163,5,3,2,12,6,6,20,9,11,37,19,18,48,25,23,52,25,27
226,193,363,165,198,423,198,225,665,321,344,765,352,413,1112,547,565,1634,753,881
226,12,1842,862,980,2078,990,1088,2314,1119,1195,2587,1219,1368,2859,1319,1540,3344,1553,1791
226,19,395,192,203,523,213,310,635,229,406,1008,379,629,1161,419,742,1498,597,901
226,74,99095,47528,51567,102298,48168,54130,105501,48808,56693,118704,55090,63614,116235,52538,63697,125731,56606,69125
226,80,69594,40331,29263,75465,41503,33962,81335,42675,38660,95265,46382,48883,109195,50089,59106,112958,51815,61143
226,121,70,22,48,66,21,45,63,19,44,54,19,35,47,19,28,73,31,42
226,145,7130,3767,3363,8861,4480,4381,10560,5228,5332,12154,5897,6257,12185,5664,6521,12800,5768,7032
226,200,7338,3611,3727,7764,3822,3942,8220,4060,4160,9148,4286,4862,10255,4138,6117,12051,5362,6689
226,164,124,59,65,130,62,68,138,66,72,108,52,56,65,31,34,64,30,34
226,50,2,1,1,1,1,0,1,1,0,1,1,0,1,1,0,1,1,0
226,133,81,58,23,64,43,21,50,30,20,61,34,27,81,42,39,126,75,51
226,157,5,3,2,6,4,2,8,4,4,28,17,11,50,30,20,59,36,23
226,8,11,7,4,11,7,4,11,7,4,8,5,3,5,3,2,5,3,2
226,24,1,0,1,3,1,2,4,2,2,7,5,2,10,8,2,12,10,2
226,42,10,5,5,10,5,5,10,6,4,9,6,3,7,5,2,12,6,6
226,63,16,9,7,18,10,8,20,11,9,24,14,10,33,19,14,48,28,20
226,225,10,4,6,10,4,6,10,4,6,10,4,6,11,4,7,12,5,7
226,37,108997,53063,55934,127335,61658,65677,148701,71734,76967,151603,72280,79323,163612,77381,86231,182847,86419,96428
226,220,543262,279380,263882,750381,386740,363641,988174,511066,477108,1074942,558420,516522,1174884,600595,574289,1302870,637765,665105
226,11,136918,71083,65835,157398,79267,78131,163720,80530,83190,174440,83940,90500,203800,95320,108480,227298,104690,122608
226,147,3076,1653,1423,3371,1745,1626,3841,1868,1973,4662,2263,2399,5572,2700,2872,6393,3092,3301
226,146,499,240,259,578,268,310,658,307,351,706,331,375,753,360,393,798,376,422
226,87,352,151,201,352,153,199,351,155,196,351,168,183,351,182,169,354,184,170
226,3,1,1,0,102,53,49,203,105,98,208,107,101,212,108,104,209,106,103
226,68,0,0,0,0,0,0,0,0,0,0,0,0,11,8,3,10,7,3
226,28,0,0,0,0,0,0,0,0,0,0,0,0,126,82,44,152,99,53
227,31,0,0,0,0,0,0,0,0,0,0,0,0,0,0,0,1,0,1
227,83,884,743,141,451,373,78,26,9,17,14,5,9,1,1,0,1,1,0
227,62,12,6,6,14,7,7,15,7,8,13,6,7,11,5,6,12,6,6
227,42,0,0,0,1,1,0,1,1,0,1,1,0,1,1,0,2,2,0
227,37,5,2,3,15,7,8,25,12,13,12,6,6,0,0,0,0,0,0
227,146,5558,2905,2653,6446,3325,3121,7325,3735,3590,7373,3677,3696,7413,3614,3799,7794,3808,3986
227,76,30,10,20,32,10,22,35,10,25,36,11,25,35,11,24,33,11,22
228,2,167905,92390,75515,166903,91693,75210,165911,90999,74912,128903,70699,58204,91905,50397,41508,90939,49868,41071
228,31,0,0,0,0,0,0,0,0,0,0,0,0,0,0,0,0,0,0
228,56,4,2,2,6,3,3,8,5,3,4,2,2,0,0,0,0,0,0
228,170,111,54,57,117,57,60,119,58,61,75,33,42,30,6,24,31,7,24
228,101,0,0,0,1,1,0,2,2,0,2,2,0,1,1,0,1,1,0
228,153,0,0,0,0,0,0,0,0,0,5,5,0,11,11,0,41,36,5
228,83,203,203,0,103,102,1,4,2,2,2,1,1,0,0,0,0,0,0
228,74,15,6,9,16,6,10,16,6,10,37,20,17,16,6,10,17,6,11
228,42,1,0,1,3,1,2,4,1,3,3,1,2,2,1,1,5,3,2
229,60,289,139,150,236,114,122,238,115,123,218,113,105,240,116,124,265,128,137
229,69,68,36,32,89,53,36,127,80,47,107,62,45,118,62,56,145,74,71
229,2,2593,1522,1071,2480,1464,1016,2366,1405,961,3334,1985,1349,4302,2565,1737,4257,2538,1719
229,64,3839,2197,1642,3850,2217,1633,4167,2414,1753,4961,3003,1958,5354,3160,2194,6351,3408,2943
229,118,10956,6290,4666,13236,8433,4803,15734,10827,4907,17335,12891,4444,18963,14153,4810,21380,15883,5497
229,191,83,14,69,51,14,37,35,18,17,41,21,20,69,35,34,84,43,41
229,203,0,0,0,0,0,0,0,0,0,0,0,0,0,0,0,0,0,0
229,15,5876,4201,1675,6464,4548,1916,7072,4884,2188,10111,6869,3242,15381,10378,5003,15003,10050,4953
229,55,4,2,2,6,3,3,7,3,4,10,4,6,16,6,10,17,7,10
229,100,1543,1214,329,1819,1334,485,1724,1151,573,1976,1504,472,1996,1548,448,2001,1621,380
229,103,36222,17242,18980,37172,17299,19873,36041,16602,19439,32787,14885,17902,29931,13313,16618,30869,13647,17222
229,107,2439,1715,724,2664,1819,845,2889,1927,962,4173,2953,1220,5367,3887,1480,2513,1668,845
229,111,36441,22064,14377,29202,18605,10597,33307,22493,10814,35975,23725,12250,47616,31025,16591,65129,39310,25819
229,115,1114,783,331,1213,807,406,1311,831,480,1026,665,361,741,500,241,624,300,324
229,165,10506,7663,2843,11418,8512,2906,10626,8102,2524,15725,11680,4045,33584,26918,6666,34877,28410,6467
229,180,286032,185475,100557,293143,190625,102518,301194,196308,104886,372063,249969,122094,482400,332386,150014,582886,386281,196605
229,195,1486,764,722,1452,743,709,1419,723,696,1450,741,709,1482,759,723,1467,750,717
229,211,16,10,6,39,24,15,64,38,26,66,39,27,68,40,28,100,57,43
229,217,44514,31692,12822,57044,40859,16185,72861,52189,20672,82490,57067,25423,172602,120868,51734,173480,120909,52571
229,18,14,12,2,24,20,4,33,27,6,32,26,6,30,24,6,33,27,6
229,31,28,22,6,30,23,7,32,25,7,39,31,8,45,36,9,50,41,9
229,56,27,23,4,41,35,6,55,47,8,122,90,32,179,127,52,173,110,63
229,95,241,172,69,214,152,62,186,131,55,230,163,67,274,195,79,276,184,92
229,162,132,122,10,112,104,8,96,89,7,105,79,26,118,71,47,114,70,44
229,170,986,484,502,794,506,288,574,510,64,611,546,65,636,571,65,648,581,67
229,187,6,5,1,12,11,1,22,19,3,25,21,4,28,24,4,35,29,6
229,59,73,41,32,107,56,51,141,71,70,148,74,74,154,77,77,167,78,89
229,73,4,2,2,12,7,5,19,12,7,28,16,12,37,20,17,73,43,30
229,96,0,0,0,0,0,0,0,0,0,1,0,1,1,0,1,0,0,0
229,101,6,3,3,16,9,7,36,21,15,36,22,14,30,17,13,31,18,13
229,114,1,1,0,1,1,0,1,1,0,0,0,0,0,0,0,0,0,0
229,153,13,9,4,22,10,12,35,18,17,68,35,33,170,93,77,349,186,163
229,199,135,77,58,161,92,69,173,98,75,242,140,102,605,348,257,1363,806,557
229,218,1745,1185,560,6857,4051,2806,12085,6977,5108,14104,7797,6307,17273,9313,7960,19405,10343,9062
229,83,69,69,0,47,43,4,25,17,8,27,17,10,28,16,12,27,15,12
229,104,40,14,26,134,61,73,227,108,119,245,124,121,263,140,123,263,138,125
229,193,21,17,4,4,3,1,56,44,12,27,21,6,96,74,22,139,101,38
229,12,52,31,21,59,35,24,65,39,26,73,43,30,81,48,33,95,57,38
229,19,60,40,20,60,40,20,58,38,20,55,36,19,53,33,20,140,89,51
229,74,911,430,481,941,436,505,970,441,529,342,177,165,450,199,251,487,215,272
229,80,991,806,185,1342,980,362,1693,1155,538,2245,1578,667,2797,2001,796,2893,2070,823
229,145,66,48,18,97,70,27,133,94,39,403,257,146,377,233,144,484,289,195
229,200,171,101,70,229,135,94,289,170,119,338,195,143,394,209,185,463,261,202
229,148,13,5,8,11,4,7,18,6,12,27,8,19,28,8,20,30,9,21
229,24,1,1,0,1,1,0,0,0,0,0,0,0,0,0,0,0,0,0
229,37,461,224,237,747,362,385,1050,507,543,1450,721,729,1938,981,957,2166,1096,1070
229,220,4933,3174,1759,11829,7658,4171,19210,12469,6741,26433,13207,13226,33981,16685,17296,40861,20003,20858
229,11,221,138,83,314,189,125,390,230,160,560,320,240,630,360,270,675,389,286
229,68,0,0,0,0,0,0,0,0,0,0,0,0,1,1,0,1,1,0
230,67,91,57,34,121,76,45,151,94,57,194,123,71,237,152,85,241,156,85
230,123,5637,1076,4561,47571,19569,28002,45797,18764,27033,43640,17803,25837,42865,17447,25418,42362,17218,25144
230,140,1288,641,647,2606,1327,1279,3639,1815,1824,4673,2200,2473,5722,2652,3070,5943,2733,3210
230,219,18188,8349,9839,14501,6664,7837,13584,6228,7356,11845,5515,6330,10265,4712,5553,8573,4261,4312
230,231,17966,10251,7715,22815,13016,9799,26337,15020,11317,29766,16977,12789,30373,17326,13047,30662,17479,13183
230,5,119,50,69,139,55,84,158,60,98,205,75,130,251,89,162,350,122,228
230,64,26,18,8,22,15,7,19,13,6,23,16,7,25,17,8,30,19,11
230,27,1991,1099,892,3213,1755,1458,4773,2595,2178,7203,3875,3328,9659,5171,4488,12833,6810,6023
230,116,77,40,37,72,37,35,66,34,32,67,35,32,68,36,32,69,37,32
230,142,4473,2889,1584,4277,2772,1505,3971,2580,1391,3139,2033,1106,3024,1961,1063,2772,1803,969
230,191,6346,3219,3127,12880,6563,6317,23068,11520,11548,27621,13443,14178,44090,21280,22810,60469,29224,31245
230,202,38,18,20,31,15,16,27,13,14,25,12,13,26,12,14,24,11,13
230,97,1008,430,578,920,418,502,831,405,426,768,373,395,705,342,363,680,330,350
230,55,34,13,21,48,17,31,62,21,41,91,30,61,145,49,96,151,52,99
230,31,3,2,1,5,3,2,6,3,3,9,4,5,11,5,6,11,7,4
230,56,5,4,1,7,6,1,9,8,1,31,21,10,51,34,17,56,42,14
230,95,2,0,2,7,2,5,12,5,7,15,5,10,18,6,12,16,6,10
230,162,53,35,18,44,29,15,38,25,13,40,31,9,44,38,6,41,35,6
230,170,354,174,180,305,182,123,245,183,62,357,257,100,463,326,137,471,330,141
230,59,175,76,99,259,107,152,342,137,205,441,169,272,540,202,338,608,225,383
230,73,45,24,21,52,25,27,59,27,32,107,47,60,155,67,88,221,94,127
230,96,2,0,2,3,0,3,4,1,3,6,1,5,7,1,6,9,1,8
230,101,65,31,34,181,83,98,396,187,209,397,200,197,333,155,178,340,156,184
230,153,115,66,49,140,81,59,184,89,95,254,117,137,468,216,252,538,248,290
230,199,192,93,99,228,109,119,245,116,129,305,138,167,405,165,240,526,225,301
230,218,16558,8233,8325,18532,8930,9602,20818,9752,11066,23215,10614,12601,27503,12461,15042,30897,13771,17126
230,52,0,0,0,0,0,0,0,0,0,23,13,10,46,27,19,46,27,19
230,83,189,144,45,213,135,78,240,126,114,242,116,126,244,106,138,239,98,141
230,104,20,7,13,90,38,52,159,69,90,517,241,276,874,412,462,874,404,470
230,182,6,3,3,44,21,23,60,28,32,60,28,32,59,27,32,57,26,31
230,193,13,6,7,21,10,11,247,116,131,119,55,64,149,69,80,148,69,79
230,12,63,26,37,71,30,41,79,34,45,88,37,51,97,40,57,113,46,67
230,19,81,39,42,81,39,42,78,38,40,106,53,53,119,47,72,123,47,76
230,74,275,129,146,284,130,154,293,132,161,372,182,190,320,140,180,346,151,195
230,80,303,216,87,342,216,126,381,217,164,637,299,338,893,381,512,924,394,530
230,145,411,213,198,605,307,298,820,409,411,958,455,503,950,453,497,994,461,533
230,200,165,83,82,216,111,105,269,139,130,287,141,146,312,133,179,366,171,195
230,38,3,2,1,7,5,2,12,8,4,11,7,4,10,6,4,9,6,3
230,8,1,1,0,1,1,0,1,1,0,1,1,0,1,1,0,1,1,0
230,24,0,0,0,2,1,1,3,1,2,3,1,2,2,1,1,2,1,1
230,42,2,1,1,4,2,2,5,2,3,4,2,2,3,2,1,5,3,2
230,37,1339,652,687,1766,855,911,2234,1078,1156,2813,1378,1435,3560,1763,1797,3979,1969,2010
230,220,2954,1358,1596,4380,2035,2345,5987,2804,3183,11318,5330,5988,16789,6850,9939,22409,9105,13304
230,11,2312,1175,1137,2979,1493,1486,3470,1730,1740,4530,2270,2260,6200,3130,3070,7121,3547,3574
230,147,222,107,115,269,130,139,921,448,473,1256,610,646,1374,667,707,1471,712,759
230,68,0,0,0,0,0,0,0,0,0,0,0,0,1,1,0,1,1,0
231,67,82,56,26,125,88,37,168,119,49,243,171,72,319,224,95,324,229,95
231,123,3851,1124,2727,41271,18156,23115,39732,17417,22315,37861,16533,21328,37189,16206,20983,36753,15997,20756
231,140,8455,3853,4602,13955,6547,7408,17924,8217,9707,21168,9148,12020,24481,10405,14076,25429,10709,14720
231,219,488,292,196,652,390,262,693,415,278,753,439,314,809,486,323,852,344,508
231,230,34625,16692,17933,23707,11429,12278,9056,4446,4610,12444,6110,6334,17106,7768,9338,19503,9648,9855
231,64,38,31,7,30,24,6,25,20,5,30,24,6,32,25,7,38,29,9
231,27,4905,2928,1977,7917,4390,3527,11763,6314,5449,17752,9426,8326,23803,12574,11229,31625,16554,15071
231,116,77,40,37,72,37,35,66,34,32,67,35,32,68,36,32,69,37,32
231,142,21364,10751,10613,20430,10346,10084,18964,9649,9315,14995,7585,7410,14449,7324,7125,13247,6747,6500
231,191,61875,35063,26812,82744,47853,34891,127073,72838,54235,152259,87589,64670,324228,205438,118790,475406,290666,184740
231,203,0,0,0,0,0,0,0,0,0,0,0,0,1,1,0,1,1,0
231,55,76,33,43,108,45,63,139,56,83,203,81,122,326,133,193,341,142,199
231,31,4,3,1,9,6,3,14,10,4,21,15,6,28,20,8,29,18,11
231,56,5,3,2,8,5,3,11,8,3,25,15,10,37,22,15,53,32,21
231,95,9,3,6,18,10,8,27,18,9,33,22,11,39,26,13,36,20,16
231,162,35,20,15,30,18,12,26,15,11,65,31,34,107,48,59,103,47,56
231,170,265,130,135,258,136,122,243,137,106,158,90,68,71,41,30,73,43,30
231,59,149,79,70,209,103,106,268,127,141,310,145,165,352,164,188,426,197,229
231,73,10,7,3,15,9,6,19,11,8,42,26,16,65,42,23,109,70,39
231,96,4,0,4,6,0,6,8,0,8,9,1,8,10,2,8,11,4,7
231,101,185,91,94,653,311,342,1480,730,750,2459,1244,1215,3033,1398,1635,3098,1407,1691
231,114,1,1,0,1,1,0,2,2,0,3,3,0,4,4,0,3,3,0
231,153,70,39,31,90,48,42,148,79,69,181,92,89,228,120,108,289,148,141
231,199,199,98,101,236,115,121,254,123,131,339,182,157,442,223,219,553,285,268
231,218,20857,9909,10948,34085,15823,18262,47888,21956,25932,79861,35995,43866,118337,53389,64948,132942,58995,73947
231,83,61,37,24,253,119,134,450,200,250,440,196,244,429,189,240,420,175,245
231,104,30,10,20,91,27,64,151,43,108,516,227,289,881,411,470,881,403,478
231,127,15,9,6,18,10,8,23,14,9,28,16,12,34,21,13,42,27,15
231,163,395,177,218,852,380,472,1344,600,744,1283,823,460,1010,911,99,1109,996,113
231,182,3,2,1,21,9,12,29,12,17,29,12,17,29,12,17,28,12,16
231,193,23,11,12,35,17,18,424,222,202,204,105,99,306,151,155,335,170,165
231,12,165,82,83,186,93,93,207,105,102,231,114,117,255,124,131,298,146,152
231,19,49,22,27,49,22,27,47,21,26,80,39,41,128,68,60,149,80,69
231,74,386,176,210,399,178,221,411,180,231,475,224,251,648,277,371,701,298,403
231,145,1521,756,765,1215,597,618,954,457,497,1140,569,571,1392,679,713,1423,698,725
231,200,462,192,270,598,285,313,738,380,358,818,399,419,914,386,528,1074,497,577
231,14,0,0,0,0,0,0,0,0,0,7,3,4,14,7,7,15,7,8
231,38,6,4,2,13,9,4,20,13,7,19,13,6,18,12,6,17,12,5
231,174,1,1,0,0,0,0,1,1,0,1,1,0,1,1,0,1,1,0
231,50,2,0,2,1,0,1,1,1,0,1,1,0,1,1,0,1,1,0
231,8,3,0,3,3,0,3,3,0,3,3,0,3,2,0,2,2,0,2
231,24,1,0,1,6,2,4,10,4,6,7,3,4,3,2,1,3,2,1
231,42,2,2,0,7,4,3,11,6,5,9,5,4,7,5,2,12,6,6
231,225,14,8,6,13,7,6,13,7,6,13,7,6,15,8,7,15,8,7
231,37,2221,1081,1140,3099,1499,1600,4051,1954,2097,6795,3333,3462,9948,4922,5026,11118,5498,5620
231,220,4767,2148,2619,7571,3451,4120,10686,4909,5777,26585,12282,14303,42811,19381,23430,50001,22556,27445
231,11,8265,4184,4081,10498,5291,5207,12110,6110,6000,21690,10960,10730,33720,16870,16850,38843,19418,19425
231,147,676,323,353,822,398,424,2807,1365,1442,7794,3783,4011,8170,3959,4211,8416,4070,4346
231,68,0,0,0,0,0,0,0,0,0,0,0,0,6,6,0,6,6,0
231,28,0,0,0,0,0,0,0,0,0,0,0,0,101,58,43,122,70,52
